10	2.16602e-20
10.1	2.25407e-20
10.201	2.34571e-20
10.303	2.44108e-20
10.406	2.54032e-20
10.5101	2.64361e-20
10.6152	2.75109e-20
10.7214	2.86295e-20
10.8286	2.97936e-20
10.9369	3.10051e-20
11.0462	3.22659e-20
11.1567	3.35779e-20
11.2683	3.49434e-20
11.3809	3.63644e-20
11.4947	3.78433e-20
11.6097	3.93824e-20
11.7258	4.09841e-20
11.843	4.2651e-20
11.9615	4.43858e-20
12.0811	4.61911e-20
12.2019	4.807e-20
12.3239	5.00254e-20
12.4472	5.20604e-20
12.5716	5.41782e-20
12.6973	5.63823e-20
12.8243	5.86762e-20
12.9526	6.10634e-20
13.0821	6.35479e-20
13.2129	6.61336e-20
13.345	6.88246e-20
13.4785	7.16253e-20
13.6133	7.454e-20
13.7494	7.75734e-20
13.8869	8.07305e-20
14.0258	8.40162e-20
14.166	8.74358e-20
14.3077	9.09947e-20
14.4508	9.46987e-20
14.5953	9.85536e-20
14.7412	1.02566e-19
14.8886	1.06741e-19
15.0375	1.11087e-19
15.1879	1.1561e-19
15.3398	1.20318e-19
15.4932	1.25217e-19
15.6481	1.30316e-19
15.8046	1.35623e-19
15.9626	1.41147e-19
16.1223	1.46896e-19
16.2835	1.52879e-19
16.4463	1.59107e-19
16.6108	1.65589e-19
16.7769	1.72335e-19
16.9447	1.79357e-19
17.1141	1.86665e-19
17.2852	1.94271e-19
17.4581	2.02188e-19
17.6327	2.10428e-19
17.809	2.19005e-19
17.9871	2.27932e-19
18.167	2.37223e-19
18.3486	2.46895e-19
18.5321	2.56961e-19
18.7174	2.67438e-19
18.9046	2.78344e-19
19.0937	2.89695e-19
19.2846	3.0151e-19
19.4774	3.13808e-19
19.6722	3.26609e-19
19.8689	3.39934e-19
20.0676	3.53803e-19
20.2683	3.68239e-19
20.471	3.83266e-19
20.6757	3.98908e-19
20.8825	4.1519e-19
21.0913	4.32139e-19
21.3022	4.49781e-19
21.5152	4.68145e-19
21.7304	4.87261e-19
21.9477	5.0716e-19
22.1672	5.27874e-19
22.3888	5.49437e-19
22.6127	5.71883e-19
22.8388	5.9525e-19
23.0672	6.19573e-19
23.2979	6.44895e-19
23.5309	6.71254e-19
23.7662	6.98694e-19
24.0038	7.27261e-19
24.2439	7.56999e-19
24.4863	7.87957e-19
24.7312	8.20187e-19
24.9785	8.53739e-19
25.2283	8.8867e-19
25.4806	9.25035e-19
25.7354	9.62894e-19
25.9927	1.00231e-18
26.2527	1.04334e-18
26.5152	1.08607e-18
26.7803	1.13055e-18
27.0481	1.17685e-18
27.3186	1.22507e-18
27.5918	1.27527e-18
27.8677	1.32753e-18
28.1464	1.38195e-18
28.4279	1.43861e-18
28.7121	1.4976e-18
28.9993	1.55903e-18
29.2893	1.62298e-18
29.5822	1.68958e-18
29.878	1.75892e-18
30.1768	1.83112e-18
30.4785	1.90631e-18
30.7833	1.9846e-18
31.0911	2.06612e-18
31.402	2.15101e-18
31.7161	2.23941e-18
32.0332	2.33147e-18
32.3536	2.42733e-18
32.6771	2.52716e-18
33.0039	2.63112e-18
33.3339	2.73939e-18
33.6672	2.85215e-18
34.0039	2.96958e-18
34.344	3.09187e-18
34.6874	3.21924e-18
35.0343	3.3519e-18
35.3846	3.49006e-18
35.7385	3.63397e-18
36.0958	3.78385e-18
36.4568	3.93996e-18
36.8214	4.10257e-18
37.1896	4.27195e-18
37.5615	4.44837e-18
37.9371	4.63215e-18
38.3165	4.82359e-18
38.6996	5.023e-18
39.0866	5.23074e-18
39.4775	5.44716e-18
39.8723	5.67261e-18
40.271	5.90748e-18
40.6737	6.15218e-18
41.0804	6.40711e-18
41.4912	6.67272e-18
41.9062	6.94946e-18
42.3252	7.23779e-18
42.7485	7.53823e-18
43.176	7.85127e-18
43.6077	8.17746e-18
44.0438	8.51736e-18
44.4842	8.87156e-18
44.9291	9.24067e-18
45.3784	9.62532e-18
45.8321	1.00262e-17
46.2905	1.0444e-17
46.7534	1.08794e-17
47.2209	1.13332e-17
47.6931	1.18062e-17
48.17	1.22992e-17
48.6517	1.28132e-17
49.1383	1.33488e-17
49.6296	1.39073e-17
50.1259	1.44894e-17
50.6272	1.50963e-17
51.1335	1.5729e-17
51.6448	1.63886e-17
52.1613	1.70764e-17
52.6829	1.77935e-17
53.2097	1.85412e-17
53.7418	1.9321e-17
54.2792	2.0134e-17
54.822	2.09819e-17
55.3702	2.18662e-17
55.9239	2.27885e-17
56.4832	2.37504e-17
57.048	2.47537e-17
57.6185	2.58003e-17
58.1947	2.68919e-17
58.7766	2.80308e-17
59.3644	2.92189e-17
59.958	3.04584e-17
60.5576	3.17518e-17
61.1632	3.31012e-17
61.7748	3.45094e-17
62.3926	3.59788e-17
63.0165	3.75123e-17
63.6466	3.91128e-17
64.2831	4.07833e-17
64.9259	4.25269e-17
65.5752	4.4347e-17
66.231	4.62471e-17
66.8933	4.82308e-17
67.5622	5.03019e-17
68.2378	5.24645e-17
68.9202	5.47227e-17
69.6094	5.70809e-17
70.3055	5.95438e-17
71.0085	6.21163e-17
71.7186	6.48033e-17
72.4358	6.76102e-17
73.1602	7.05427e-17
73.8918	7.36065e-17
74.6307	7.68079e-17
75.377	8.01533e-17
76.1308	8.36496e-17
76.8921	8.73038e-17
77.661	9.11234e-17
78.4376	9.51164e-17
79.222	9.9291e-17
80.0142	1.03656e-16
80.8144	1.0822e-16
81.6225	1.12994e-16
82.4387	1.17987e-16
83.2631	1.23209e-16
84.0957	1.28673e-16
84.9367	1.34389e-16
85.7861	1.40371e-16
86.6439	1.46631e-16
87.5104	1.53184e-16
88.3855	1.60043e-16
89.2693	1.67224e-16
90.162	1.74742e-16
91.0636	1.82617e-16
91.9743	1.90864e-16
92.894	1.99503e-16
93.823	2.08553e-16
94.7612	2.18037e-16
95.7088	2.27976e-16
96.6659	2.38394e-16
97.6325	2.49316e-16
98.6089	2.60767e-16
99.595	2.72776e-16
100.591	2.85372e-16
101.597	2.98586e-16
102.613	3.12451e-16
103.639	3.27002e-16
104.675	3.42276e-16
105.722	3.58311e-16
106.779	3.7515e-16
107.847	3.92836e-16
108.926	4.11416e-16
110.015	4.3094e-16
111.115	4.51459e-16
112.226	4.73031e-16
113.348	4.95714e-16
114.482	5.19571e-16
115.627	5.4467e-16
116.783	5.71082e-16
117.951	5.98884e-16
119.13	6.28156e-16
120.322	6.58985e-16
121.525	6.91463e-16
122.74	7.25689e-16
123.967	7.61768e-16
125.207	7.99812e-16
126.459	8.39942e-16
127.724	8.82286e-16
129.001	9.26982e-16
130.291	9.74177e-16
131.594	1.02403e-15
132.91	1.07671e-15
134.239	1.13239e-15
135.581	1.19129e-15
136.937	1.25359e-15
138.307	1.31954e-15
139.69	1.38937e-15
141.086	1.46335e-15
142.497	1.54175e-15
143.922	1.62489e-15
145.362	1.7131e-15
146.815	1.80673e-15
148.283	1.90617e-15
149.766	2.01183e-15
151.264	2.12418e-15
152.776	2.24371e-15
154.304	2.37094e-15
155.847	2.50647e-15
157.406	2.65094e-15
158.98	2.80502e-15
160.57	2.96949e-15
162.175	3.14518e-15
163.797	3.33298e-15
165.435	3.53389e-15
167.089	3.74902e-15
168.76	3.97955e-15
170.448	4.22681e-15
172.152	4.49226e-15
173.874	4.77752e-15
175.613	5.08437e-15
177.369	5.4148e-15
179.142	5.77099e-15
180.934	6.15541e-15
182.743	6.57078e-15
184.571	7.02016e-15
186.416	7.50697e-15
188.28	8.03505e-15
190.163	8.60872e-15
192.065	9.23286e-15
193.986	9.91299e-15
195.925	1.06554e-14
197.885	1.14671e-14
199.864	1.23564e-14
201.862	1.33324e-14
203.881	1.44059e-14
205.92	1.55893e-14
207.979	1.68968e-14
210.059	1.83449e-14
212.159	1.9953e-14
214.281	2.17438e-14
216.424	2.37439e-14
218.588	2.5985e-14
220.774	2.85048e-14
222.981	3.13481e-14
225.211	3.45693e-14
227.463	3.82343e-14
229.738	4.24234e-14
232.035	4.72357e-14
234.356	5.27941e-14
236.699	5.92528e-14
239.066	6.68071e-14
241.457	7.5707e-14
243.871	8.62767e-14
246.31	9.89423e-14
248.773	1.14272e-13
251.261	1.33038e-13
253.774	1.56308e-13
256.311	1.85591e-13
258.874	2.23078e-13
261.463	2.72039e-13
264.078	3.3753e-13
266.719	4.27691e-13
269.386	5.56298e-13
272.08	7.48149e-13
274.8	1.05155e-12
277.548	1.57091e-12
280.324	2.56723e-12
283.127	4.85152e-12
285.958	1.20753e-11
288.818	6.16731e-11
291.706	3.2374e-10
294.623	2.47846e-11
297.57	7.9973e-12
300.545	3.93146e-12
303.551	2.34957e-12
306.586	1.57174e-12
309.652	1.13149e-12
312.749	8.57671e-13
315.876	6.75456e-13
319.035	5.47863e-13
322.225	4.54896e-13
325.447	3.84962e-13
328.702	3.30963e-13
331.989	2.88345e-13
335.309	2.54083e-13
338.662	2.26098e-13
342.049	2.02922e-13
345.469	1.83496e-13
348.924	1.67039e-13
352.413	1.52965e-13
355.937	1.40827e-13
359.496	1.30277e-13
363.091	1.21046e-13
366.722	1.12917e-13
370.39	1.05718e-13
374.093	9.93081e-14
377.834	9.35745e-14
381.613	8.84226e-14
385.429	8.37744e-14
389.283	7.95646e-14
393.176	7.57384e-14
397.108	7.22493e-14
401.079	6.90579e-14
405.09	6.61302e-14
409.14	6.34373e-14
413.232	6.0954e-14
417.364	5.86585e-14
421.538	5.65318e-14
425.753	5.45573e-14
430.011	5.27205e-14
434.311	5.10084e-14
438.654	4.94098e-14
443.04	4.79145e-14
447.471	4.65136e-14
451.946	4.5199e-14
456.465	4.39638e-14
461.03	4.28014e-14
465.64	4.1706e-14
470.296	4.06726e-14
474.999	3.96964e-14
479.749	3.87731e-14
484.547	3.78989e-14
489.392	3.70703e-14
494.286	3.62842e-14
499.229	3.55375e-14
504.221	3.48278e-14
509.264	3.41524e-14
514.356	3.35093e-14
519.5	3.28963e-14
524.695	3.23115e-14
529.942	3.17533e-14
535.241	3.122e-14
540.594	3.07101e-14
546	3.02224e-14
551.46	2.97554e-14
556.974	2.9308e-14
562.544	2.88792e-14
568.169	2.84679e-14
573.851	2.80732e-14
579.589	2.76942e-14
585.385	2.733e-14
591.239	2.698e-14
597.152	2.66433e-14
603.123	2.63193e-14
609.154	2.60075e-14
615.246	2.57071e-14
621.398	2.54176e-14
627.612	2.51386e-14
633.888	2.48695e-14
640.227	2.46099e-14
646.63	2.43594e-14
653.096	2.41174e-14
659.627	2.38837e-14
666.223	2.36579e-14
672.885	2.34397e-14
679.614	2.32286e-14
686.41	2.30245e-14
693.275	2.2827e-14
700.207	2.26359e-14
707.209	2.24508e-14
714.281	2.22716e-14
721.424	2.20979e-14
728.638	2.19297e-14
735.925	2.17666e-14
743.284	2.16086e-14
750.717	2.14552e-14
758.224	2.13065e-14
765.806	2.11622e-14
773.464	2.10222e-14
781.199	2.08863e-14
789.011	2.07543e-14
796.901	2.06262e-14
804.87	2.05017e-14
812.919	2.03808e-14
821.048	2.02632e-14
829.259	2.0149e-14
837.551	2.0038e-14
845.927	1.993e-14
854.386	1.9825e-14
862.93	1.97229e-14
871.559	1.96236e-14
880.275	1.95269e-14
889.077	1.94328e-14
897.968	1.93413e-14
906.948	1.92522e-14
916.017	1.91654e-14
925.178	1.90809e-14
934.429	1.89986e-14
943.774	1.89185e-14
953.211	1.88404e-14
962.743	1.87643e-14
972.371	1.86902e-14
982.095	1.8618e-14
991.916	1.85476e-14
1001.83	1.84789e-14
1011.85	1.8412e-14
1021.97	1.83468e-14
1032.19	1.82832e-14
1042.51	1.82211e-14
1052.94	1.81606e-14
1063.47	1.81016e-14
1074.1	1.8044e-14
1084.84	1.79878e-14
1095.69	1.79329e-14
1106.65	1.78794e-14
1117.72	1.78272e-14
1128.89	1.77762e-14
1140.18	1.77265e-14
1151.58	1.76779e-14
1163.1	1.76305e-14
1174.73	1.75842e-14
1186.48	1.7539e-14
1198.34	1.74948e-14
1210.33	1.74517e-14
1222.43	1.74096e-14
1234.65	1.73685e-14
1247	1.73283e-14
1259.47	1.7289e-14
1272.06	1.72507e-14
1284.78	1.72132e-14
1297.63	1.71766e-14
1310.61	1.71408e-14
1323.72	1.71058e-14
1336.95	1.70716e-14
1350.32	1.70382e-14
1363.83	1.70055e-14
1377.46	1.69736e-14
1391.24	1.69424e-14
1405.15	1.69119e-14
1419.2	1.68821e-14
1433.39	1.68529e-14
1447.73	1.68244e-14
1462.21	1.67965e-14
1476.83	1.67693e-14
1491.6	1.67426e-14
1506.51	1.67165e-14
1521.58	1.6691e-14
1536.79	1.66661e-14
1552.16	1.66417e-14
1567.68	1.66178e-14
1583.36	1.65945e-14
1599.19	1.65716e-14
1615.18	1.65493e-14
1631.34	1.65274e-14
1647.65	1.6506e-14
1664.13	1.64851e-14
1680.77	1.64646e-14
1697.57	1.64446e-14
1714.55	1.6425e-14
1731.7	1.64058e-14
1749.01	1.6387e-14
1766.5	1.63687e-14
1784.17	1.63507e-14
1802.01	1.63331e-14
1820.03	1.63158e-14
1838.23	1.6299e-14
1856.61	1.62825e-14
1875.18	1.62663e-14
1893.93	1.62505e-14
1912.87	1.6235e-14
1932	1.62199e-14
1951.32	1.62051e-14
1970.83	1.61905e-14
1990.54	1.61763e-14
2010.45	1.61624e-14
2030.55	1.61488e-14
2050.86	1.61354e-14
2071.36	1.61224e-14
2092.08	1.61096e-14
2113	1.60971e-14
2134.13	1.60848e-14
2155.47	1.60728e-14
2177.02	1.6061e-14
2198.79	1.60495e-14
2220.78	1.60382e-14
2242.99	1.60272e-14
2265.42	1.60164e-14
2288.07	1.60058e-14
2310.95	1.59954e-14
2334.06	1.59852e-14
2357.41	1.59753e-14
2380.98	1.59655e-14
2404.79	1.5956e-14
2428.84	1.59466e-14
2453.13	1.59375e-14
2477.66	1.59285e-14
2502.43	1.59197e-14
2527.46	1.59111e-14
2552.73	1.59027e-14
2578.26	1.58944e-14
2604.04	1.58863e-14
2630.08	1.58784e-14
2656.38	1.58707e-14
2682.95	1.58631e-14
2709.78	1.58556e-14
2736.87	1.58483e-14
2764.24	1.58411e-14
2791.89	1.58341e-14
2819.8	1.58273e-14
2848	1.58206e-14
2876.48	1.5814e-14
2905.25	1.58075e-14
2934.3	1.58012e-14
2963.64	1.5795e-14
2993.28	1.57889e-14
3023.21	1.5783e-14
3053.44	1.57771e-14
3083.98	1.57714e-14
3114.82	1.57658e-14
3145.97	1.57603e-14
3177.43	1.5755e-14
3209.2	1.57497e-14
3241.29	1.57445e-14
3273.7	1.57395e-14
3306.44	1.57345e-14
3339.51	1.57296e-14
3372.9	1.57249e-14
3406.63	1.57202e-14
3440.7	1.57156e-14
3475.1	1.57112e-14
3509.85	1.57068e-14
3544.95	1.57025e-14
3580.4	1.56982e-14
3616.21	1.56941e-14
3652.37	1.56901e-14
3688.89	1.56861e-14
3725.78	1.56822e-14
3763.04	1.56784e-14
3800.67	1.56746e-14
3838.68	1.5671e-14
3877.06	1.56674e-14
3915.83	1.56638e-14
3954.99	1.56604e-14
3994.54	1.5657e-14
4034.49	1.56537e-14
4074.83	1.56504e-14
4115.58	1.56472e-14
4156.74	1.56441e-14
4198.3	1.5641e-14
4240.29	1.5638e-14
4282.69	1.56351e-14
4325.52	1.56322e-14
4368.77	1.56294e-14
4412.46	1.56266e-14
4456.58	1.56239e-14
4501.15	1.56212e-14
4546.16	1.56186e-14
4591.62	1.5616e-14
4637.54	1.56135e-14
4683.91	1.5611e-14
4730.75	1.56086e-14
4778.06	1.56062e-14
4825.84	1.56039e-14
4874.1	1.56016e-14
4922.84	1.55994e-14
4972.07	1.55972e-14
5021.79	1.5595e-14
5072.01	1.55929e-14
5122.73	1.55908e-14
5173.96	1.55888e-14
5225.7	1.55868e-14
5277.95	1.55848e-14
5330.73	1.55829e-14
5384.04	1.5581e-14
5437.88	1.55792e-14
5492.26	1.55773e-14
5547.18	1.55756e-14
5602.65	1.55738e-14
5658.68	1.55721e-14
5715.27	1.55704e-14
5772.42	1.55688e-14
5830.14	1.55671e-14
5888.44	1.55655e-14
5947.33	1.5564e-14
6006.8	1.55624e-14
6066.87	1.55609e-14
6127.54	1.55594e-14
6188.81	1.5558e-14
6250.7	1.55566e-14
6313.21	1.55552e-14
6376.34	1.55538e-14
6440.11	1.55524e-14
6504.51	1.55511e-14
6569.55	1.55498e-14
6635.25	1.55485e-14
6701.6	1.55473e-14
6768.62	1.5546e-14
6836.3	1.55448e-14
6904.66	1.55436e-14
6973.71	1.55424e-14
7043.45	1.55413e-14
7113.88	1.55401e-14
7185.02	1.5539e-14
7256.87	1.55379e-14
7329.44	1.55369e-14
7402.73	1.55358e-14
7476.76	1.55347e-14
7551.53	1.55337e-14
7627.05	1.55327e-14
7703.32	1.55317e-14
7780.35	1.55307e-14
7858.15	1.55298e-14
7936.73	1.55288e-14
8016.1	1.55279e-14
8096.26	1.55269e-14
8177.22	1.5526e-14
8259	1.55251e-14
8341.59	1.55243e-14
8425	1.55234e-14
8509.25	1.55225e-14
8594.35	1.55217e-14
8680.29	1.55209e-14
8767.09	1.552e-14
8854.76	1.55192e-14
8943.31	1.55184e-14
9032.74	1.55176e-14
9123.07	1.55168e-14
9214.3	1.55161e-14
9306.44	1.55153e-14
9399.51	1.55146e-14
9493.5	1.55138e-14
9588.44	1.55131e-14
9684.32	1.55123e-14
9781.17	1.55116e-14
9878.98	1.55109e-14
9977.77	1.55102e-14
10077.5	1.55095e-14
10178.3	1.55088e-14
10280.1	1.55081e-14
10382.9	1.55075e-14
10486.7	1.55068e-14
10591.6	1.55061e-14
10697.5	1.55054e-14
10804.5	1.55048e-14
10912.5	1.55041e-14
11021.7	1.55035e-14
11131.9	1.55028e-14
11243.2	1.55022e-14
11355.6	1.55016e-14
11469.2	1.55009e-14
11583.9	1.55003e-14
11699.7	1.54997e-14
11816.7	1.54991e-14
11934.9	1.54984e-14
12054.2	1.54978e-14
12174.8	1.54972e-14
12296.5	1.54966e-14
12419.5	1.5496e-14
12543.7	1.54954e-14
12669.1	1.54948e-14
12795.8	1.54941e-14
12923.8	1.54935e-14
13053	1.54929e-14
13183.5	1.54923e-14
13315.4	1.54917e-14
13448.5	1.54911e-14
13583	1.54905e-14
13718.8	1.54899e-14
13856	1.54893e-14
13994.6	1.54887e-14
14134.5	1.5488e-14
14275.9	1.54874e-14
14418.6	1.54868e-14
14562.8	1.54862e-14
14708.5	1.54856e-14
14855.5	1.54849e-14
15004.1	1.54843e-14
15154.1	1.54837e-14
15305.7	1.5483e-14
15458.7	1.54824e-14
15613.3	1.54818e-14
15769.5	1.54811e-14
15927.1	1.54805e-14
16086.4	1.54798e-14
16247.3	1.54791e-14
16409.8	1.54785e-14
16573.9	1.54778e-14
16739.6	1.54771e-14
16907	1.54764e-14
17076.1	1.54757e-14
17246.8	1.5475e-14
17419.3	1.54743e-14
17593.5	1.54736e-14
17769.4	1.54729e-14
17947.1	1.54722e-14
18126.6	1.54714e-14
18307.8	1.54707e-14
18490.9	1.54699e-14
18675.8	1.54692e-14
18862.6	1.54684e-14
19051.2	1.54676e-14
19241.7	1.54668e-14
19434.1	1.5466e-14
19628.5	1.54652e-14
19824.8	1.54644e-14
20023	1.54636e-14
20223.2	1.54627e-14
20425.5	1.54619e-14
20629.7	1.5461e-14
20836	1.54601e-14
21044.4	1.54592e-14
21254.8	1.54583e-14
21467.4	1.54574e-14
21682.1	1.54564e-14
21898.9	1.54555e-14
22117.9	1.54545e-14
22339	1.54535e-14
22562.4	1.54526e-14
22788.1	1.54515e-14
23015.9	1.54505e-14
23246.1	1.54495e-14
23478.6	1.54484e-14
23713.4	1.54473e-14
23950.5	1.54462e-14
24190	1.54451e-14
24431.9	1.5444e-14
24676.2	1.54428e-14
24923	1.54417e-14
25172.2	1.54405e-14
25423.9	1.54392e-14
25678.2	1.5438e-14
25934.9	1.54368e-14
26194.3	1.54355e-14
26456.2	1.54342e-14
26720.8	1.54329e-14
26988	1.54315e-14
27257.9	1.54301e-14
27530.5	1.54287e-14
27805.8	1.54273e-14
28083.8	1.54259e-14
28364.7	1.54244e-14
28648.3	1.54229e-14
28934.8	1.54214e-14
29224.1	1.54198e-14
29516.4	1.54182e-14
29811.5	1.54166e-14
30109.7	1.5415e-14
30410.8	1.54133e-14
30714.9	1.54116e-14
31022	1.54098e-14
31332.2	1.54081e-14
31645.6	1.54063e-14
31962	1.54044e-14
32281.6	1.54025e-14
32604.5	1.54006e-14
32930.5	1.53987e-14
33259.8	1.53967e-14
33592.4	1.53947e-14
33928.3	1.53926e-14
34267.6	1.53905e-14
34610.3	1.53884e-14
34956.4	1.53862e-14
35305.9	1.5384e-14
35659	1.53817e-14
36015.6	1.53794e-14
36375.8	1.53771e-14
36739.5	1.53747e-14
37106.9	1.53722e-14
37478	1.53697e-14
37852.8	1.53672e-14
38231.3	1.53646e-14
38613.6	1.53619e-14
38999.7	1.53592e-14
39389.7	1.53565e-14
39783.6	1.53537e-14
40181.5	1.53508e-14
40583.3	1.53479e-14
40989.1	1.5345e-14
41399	1.53419e-14
41813	1.53388e-14
42231.1	1.53357e-14
42653.4	1.53325e-14
43080	1.53292e-14
43510.8	1.53259e-14
43945.9	1.53225e-14
44385.3	1.5319e-14
44829.2	1.53155e-14
45277.5	1.53119e-14
45730.3	1.53082e-14
46187.6	1.53044e-14
46649.4	1.53006e-14
47115.9	1.52967e-14
47587.1	1.52927e-14
48063	1.52887e-14
48543.6	1.52845e-14
49029	1.52803e-14
49519.3	1.5276e-14
50014.5	1.52716e-14
50514.6	1.52672e-14
51019.8	1.52626e-14
51530	1.5258e-14
52045.3	1.52532e-14
52565.7	1.52484e-14
53091.4	1.52434e-14
53622.3	1.52384e-14
54158.5	1.52333e-14
54700.1	1.5228e-14
55247.1	1.52227e-14
55799.6	1.52172e-14
56357.6	1.52117e-14
56921.2	1.5206e-14
57490.4	1.52003e-14
58065.3	1.51944e-14
58645.9	1.51884e-14
59232.4	1.51822e-14
59824.7	1.5176e-14
60423	1.51696e-14
61027.2	1.51631e-14
61637.5	1.51565e-14
62253.8	1.51497e-14
62876.4	1.51428e-14
63505.1	1.51358e-14
64140.2	1.51286e-14
64781.6	1.51213e-14
65429.4	1.51139e-14
66083.7	1.51063e-14
66744.5	1.50985e-14
67412	1.50906e-14
68086.1	1.50825e-14
68767	1.50743e-14
69454.6	1.50659e-14
70149.2	1.50573e-14
70850.7	1.50486e-14
71559.2	1.50397e-14
72274.8	1.50306e-14
72997.5	1.50214e-14
73727.5	1.50119e-14
74464.8	1.50023e-14
75209.4	1.49925e-14
75961.5	1.49825e-14
76721.1	1.49722e-14
77488.3	1.49618e-14
78263.2	1.49512e-14
79045.9	1.49404e-14
79836.3	1.49293e-14
80634.7	1.4918e-14
81441	1.49066e-14
82255.4	1.48948e-14
83078	1.48829e-14
83908.8	1.48707e-14
84747.9	1.48583e-14
85595.3	1.48456e-14
86451.3	1.48327e-14
87315.8	1.48195e-14
88189	1.4806e-14
89070.9	1.47923e-14
89961.6	1.47784e-14
90861.2	1.47641e-14
91769.8	1.47496e-14
92687.5	1.47347e-14
93614.4	1.47196e-14
94550.5	1.47042e-14
95496	1.46885e-14
96451	1.46725e-14
97415.5	1.46561e-14
98389.6	1.46394e-14
99373.5	1.46225e-14
100367	1.46051e-14
101371	1.45875e-14
102385	1.45694e-14
103409	1.45511e-14
104443	1.45323e-14
105487	1.45132e-14
106542	1.44937e-14
107607	1.44739e-14
108683	1.44536e-14
109770	1.4433e-14
110868	1.44119e-14
111977	1.43905e-14
113096	1.43686e-14
114227	1.43463e-14
115370	1.43235e-14
116523	1.43003e-14
117689	1.42767e-14
118865	1.42526e-14
120054	1.4228e-14
121255	1.4203e-14
122467	1.41774e-14
123692	1.41514e-14
124929	1.41248e-14
126178	1.40978e-14
127440	1.40702e-14
128714	1.4042e-14
130001	1.40134e-14
131301	1.39841e-14
132614	1.39543e-14
133941	1.3924e-14
135280	1.3893e-14
136633	1.38614e-14
137999	1.38293e-14
139379	1.37965e-14
140773	1.37631e-14
142181	1.3729e-14
143602	1.36943e-14
145038	1.36589e-14
146489	1.36228e-14
147954	1.3586e-14
149433	1.35486e-14
150928	1.35104e-14
152437	1.34715e-14
153961	1.34318e-14
155501	1.33914e-14
157056	1.33502e-14
158626	1.33083e-14
160213	1.32655e-14
161815	1.32219e-14
163433	1.31775e-14
165067	1.31323e-14
166718	1.30862e-14
168385	1.30392e-14
170069	1.29913e-14
171770	1.29426e-14
173487	1.28929e-14
175222	1.28423e-14
176974	1.27907e-14
178744	1.27382e-14
180532	1.26847e-14
182337	1.26302e-14
184160	1.25747e-14
186002	1.25181e-14
187862	1.24605e-14
189741	1.24018e-14
191638	1.23421e-14
193554	1.22812e-14
195490	1.22193e-14
197445	1.21562e-14
199419	1.20919e-14
201413	1.20264e-14
203427	1.19598e-14
205462	1.1892e-14
207516	1.18229e-14
209592	1.17526e-14
211687	1.1681e-14
213804	1.16081e-14
215942	1.15339e-14
218102	1.14584e-14
220283	1.13815e-14
222486	1.13033e-14
224711	1.12237e-14
226958	1.11426e-14
229227	1.10602e-14
231519	1.09763e-14
233835	1.08909e-14
236173	1.0804e-14
238535	1.07157e-14
240920	1.06258e-14
243329	1.05344e-14
245763	1.04414e-14
248220	1.03468e-14
250702	1.02506e-14
253209	1.01528e-14
255742	1.00533e-14
258299	9.95219e-15
260882	9.84939e-15
263491	9.74489e-15
266126	9.63867e-15
268787	9.53072e-15
271475	9.42101e-15
274190	9.30954e-15
276931	9.19629e-15
279701	9.08123e-15
282498	8.96436e-15
285323	8.84567e-15
288176	8.72513e-15
291058	8.60274e-15
293968	8.47848e-15
296908	8.35235e-15
299877	8.22433e-15
302876	8.09443e-15
305905	7.96262e-15
308964	7.82891e-15
312053	7.69329e-15
315174	7.55576e-15
318326	7.41633e-15
321509	7.27498e-15
324724	7.13173e-15
327971	6.98658e-15
331251	6.83955e-15
334563	6.69064e-15
337909	6.53986e-15
341288	6.38724e-15
344701	6.23279e-15
348148	6.07654e-15
351629	5.91852e-15
355146	5.75876e-15
358697	5.5973e-15
362284	5.43418e-15
365907	5.26944e-15
369566	5.10315e-15
373262	4.93535e-15
376994	4.76612e-15
380764	4.59552e-15
384572	4.42365e-15
388418	4.25059e-15
392302	4.07643e-15
396225	3.9013e-15
400187	3.7253e-15
404189	3.54858e-15
408231	3.37129e-15
412313	3.19357e-15
416436	3.01563e-15
420601	2.83764e-15
424807	2.65983e-15
429055	2.48245e-15
433345	2.30575e-15
437679	2.13004e-15
442056	1.95565e-15
446476	1.78294e-15
450941	1.61234e-15
455450	1.4443e-15
460005	1.27936e-15
464605	1.11811e-15
469251	9.61263e-16
473943	8.09619e-16
478683	6.6414e-16
483470	5.25981e-16
488304	3.96576e-16
493187	2.77766e-16
498119	1.72065e-16
503100	8.32516e-17
508131	1.83531e-17
