1e-06	3.55678e-39
1.1e-06	7.62428e-39
1.21e-06	1.63433e-38
1.331e-06	3.50333e-38
1.4641e-06	7.50971e-38
1.61051e-06	1.60977e-37
1.77156e-06	3.45069e-37
1.94872e-06	7.39686e-37
2.14359e-06	1.58558e-36
2.35795e-06	3.39884e-36
2.59374e-06	7.28571e-36
2.85312e-06	1.56176e-35
3.13843e-06	3.34776e-35
3.45227e-06	7.17623e-35
3.7975e-06	1.53829e-34
4.17725e-06	3.29746e-34
4.59497e-06	7.06839e-34
5.05447e-06	1.51517e-33
5.55992e-06	3.24791e-33
6.11591e-06	6.96218e-33
6.7275e-06	1.49241e-32
7.40025e-06	3.1991e-32
8.14027e-06	6.85756e-32
8.9543e-06	1.46998e-31
9.84973e-06	3.15103e-31
1.08347e-05	6.75451e-31
1.19182e-05	1.44789e-30
1.311e-05	3.10368e-30
1.4421e-05	6.65302e-30
1.58631e-05	1.42613e-29
1.74494e-05	3.05704e-29
1.91943e-05	6.55304e-29
2.11138e-05	1.4047e-28
2.32252e-05	3.01111e-28
2.55477e-05	6.45457e-28
2.81024e-05	1.38359e-27
3.09127e-05	2.96586e-27
3.40039e-05	6.35758e-27
3.74043e-05	1.3628e-26
4.11448e-05	2.92129e-26
4.52593e-05	6.26205e-26
4.97852e-05	1.34233e-25
5.47637e-05	2.87739e-25
6.02401e-05	6.16795e-25
6.62641e-05	1.32215e-24
7.28905e-05	2.83416e-24
8.01795e-05	6.07527e-24
8.81975e-05	1.30229e-23
9.70172e-05	2.79144e-23
0.000106719	5.98331e-23
0.000117391	1.28247e-22
0.00012913	2.74877e-22
0.000142043	5.89135e-22
0.000156247	1.2626e-21
0.000171872	2.70565e-21
0.000189059	5.79722e-21
0.000207965	1.24189e-20
0.000228762	2.65963e-20
0.000251638	5.69366e-20
0.000276801	1.21824e-19
0.000304482	2.60413e-19
0.00033493	5.5627e-19
0.000368423	1.18709e-18
0.000405265	2.53099e-18
0.000445792	5.39377e-18
0.000490371	1.14985e-17
0.000539408	2.45423e-17
0.000593349	5.24499e-17
0.000652683	1.12096e-16
0.000717952	2.39283e-16
0.000789747	5.10061e-16
0.000868722	1.08501e-15
0.000955594	2.30216e-15
0.00105115	4.86813e-15
0.00115627	1.02511e-14
0.0012719	2.14864e-14
0.00139908	4.48313e-14
0.00153899	9.31257e-14
0.00169289	1.92178e-13
0.00186218	3.90846e-13
0.0020484	7.72666e-13
0.00225324	1.46918e-12
0.00247856	2.66255e-12
0.00272642	4.46867e-12
0.00299906	6.79175e-12
0.00329897	9.04265e-12
0.00362887	1.05168e-11
0.00399175	1.16505e-11
0.00439093	1.52179e-11
0.00483002	2.44308e-11
0.00531302	3.98704e-11
0.00584432	6.03507e-11
0.00642876	8.73833e-11
0.00707163	1.2618e-10
0.0077788	1.84306e-10
0.00855668	2.70577e-10
0.00941234	3.96339e-10
0.0103536	5.80029e-10
0.0113889	8.49235e-10
0.0125278	1.24356e-09
0.0137806	1.82054e-09
0.0151587	2.66645e-09
0.0166745	3.90678e-09
0.018342	5.71053e-09
0.0201762	8.35098e-09
0.0221938	1.22382e-08
0.0244132	1.79257e-08
0.0268545	2.6249e-08
0.02954	3.84345e-08
0.032494	5.62739e-08
0.0357434	8.23907e-08
0.0393177	1.20628e-07
0.0432495	1.76612e-07
0.0475744	2.58577e-07
0.0523319	3.78583e-07
0.057565	5.54284e-07
0.0633215	8.11527e-07
0.0696537	1.18816e-06
0.0766191	1.73958e-06
0.084281	2.54692e-06
0.0927091	3.72895e-06
0.10198	5.45956e-06
0.112178	7.99335e-06
0.123396	1.17031e-05
0.135735	1.71345e-05
0.149309	2.50866e-05
0.16424	3.67294e-05
0.180664	5.37756e-05
0.19873	7.8733e-05
0.218603	0.000115273
0.240463	0.000168772
0.26451	0.0002471
0.290961	0.000361781
0.320057	0.000529686
0.352063	0.000775518
0.387269	0.00113545
0.425996	0.00166242
0.468595	0.00243398
0.515455	0.00356364
0.567	0.00521761
0.6237	0.00763925
0.68607	0.0111849
0.754677	0.0163763
0.830145	0.0239774
0.91316	0.0351068
1.00448	0.0514025
1.10492	0.075263
1.21542	0.110201
1.33696	0.16136
1.47065	0.236273
1.61772	0.345973
1.77949	0.506621
1.95744	0.741891
2.15318	1.08646
2.3685	1.59115
2.60535	2.33043
2.86589	3.41345
3.15247	5.00025
3.46772	7.32551
3.81449	10.7335
4.19594	15.7298
4.61554	23.0564
5.07709	33.8042
5.5848	49.5782
6.14328	72.7425
6.75761	106.787
7.43337	156.881
8.17671	230.729
8.99438	339.958
9.89382	501.552
10.8832	731.716
11.9715	1078.71
13.1687	1593.48
14.4855	2358.67
15.9341	3500.09
17.5275	5210.36
19.2802	7787.65
21.2083	11700.6
23.3291	17700.9
25.662	27028.6
28.2282	41798.8
31.051	65724.6
34.1561	105338
37.5717	171692
41.3289	281902
45.4618	458893
50.008	728302
55.0088	1.10823e+06
60.5097	1.6014e+06
66.5606	2.17716e+06
73.2167	2.77968e+06
80.5384	3.31102e+06
88.5922	3.68494e+06
97.4514	3.80972e+06
107.197	3.64005e+06
117.916	3.18779e+06
129.708	2.53059e+06
142.679	1.77444e+06
156.947	1.07483e+06
172.641	531901
189.905	199401
208.896	49829.5
229.785	6489.56
252.764	249.88
278.04	0.21075
305.844	0
336.429	0
370.072	0
407.079	0
447.787	0
492.565	0
541.822	0
596.004	0
655.605	0
721.165	0
793.281	0
872.61	0
959.871	0
1055.86	0
1161.44	0
1277.59	0
1405.35	0
1545.88	0
1700.47	0
1870.52	0
2057.57	0
2263.32	0
2489.66	0
2738.62	0
3012.49	0
3313.73	0
3645.11	0
4009.62	0
4410.58	0
4851.64	0
5336.8	0
5870.48	0
6457.53	0
7103.28	0
7813.61	0
8594.97	0
9454.47	0
