1e-06	6.20236e-29
1.01e-06	6.71626e-29
1.0201e-06	7.27275e-29
1.0303e-06	7.87535e-29
1.0406e-06	8.52787e-29
1.05101e-06	9.23446e-29
1.06152e-06	9.9996e-29
1.07214e-06	1.08281e-28
1.08286e-06	1.17253e-28
1.09369e-06	1.26968e-28
1.10462e-06	1.37489e-28
1.11567e-06	1.4888e-28
1.12683e-06	1.61216e-28
1.13809e-06	1.74574e-28
1.14947e-06	1.89039e-28
1.16097e-06	2.04702e-28
1.17258e-06	2.21663e-28
1.1843e-06	2.40029e-28
1.19615e-06	2.59917e-28
1.20811e-06	2.81453e-28
1.22019e-06	3.04773e-28
1.23239e-06	3.30025e-28
1.24472e-06	3.5737e-28
1.25716e-06	3.86981e-28
1.26973e-06	4.19045e-28
1.28243e-06	4.53765e-28
1.29526e-06	4.91363e-28
1.30821e-06	5.32076e-28
1.32129e-06	5.76162e-28
1.3345e-06	6.23901e-28
1.34785e-06	6.75595e-28
1.36133e-06	7.31573e-28
1.37494e-06	7.92188e-28
1.38869e-06	8.57826e-28
1.40258e-06	9.28903e-28
1.4166e-06	1.00587e-27
1.43077e-06	1.08921e-27
1.44508e-06	1.17946e-27
1.45953e-06	1.27719e-27
1.47412e-06	1.38301e-27
1.48886e-06	1.4976e-27
1.50375e-06	1.62169e-27
1.51879e-06	1.75606e-27
1.53398e-06	1.90156e-27
1.54932e-06	2.05911e-27
1.56481e-06	2.22972e-27
1.58046e-06	2.41447e-27
1.59626e-06	2.61453e-27
1.61223e-06	2.83116e-27
1.62835e-06	3.06574e-27
1.64463e-06	3.31976e-27
1.66108e-06	3.59482e-27
1.67769e-06	3.89268e-27
1.69447e-06	4.21521e-27
1.71141e-06	4.56447e-27
1.72852e-06	4.94266e-27
1.74581e-06	5.3522e-27
1.76327e-06	5.79566e-27
1.7809e-06	6.27587e-27
1.79871e-06	6.79587e-27
1.8167e-06	7.35895e-27
1.83486e-06	7.96869e-27
1.85321e-06	8.62895e-27
1.87174e-06	9.34392e-27
1.89046e-06	1.01181e-26
1.90937e-06	1.09565e-26
1.92846e-06	1.18643e-26
1.94774e-06	1.28473e-26
1.96722e-06	1.39118e-26
1.98689e-06	1.50645e-26
2.00676e-06	1.63127e-26
2.02683e-06	1.76643e-26
2.0471e-06	1.91279e-26
2.06757e-06	2.07128e-26
2.08825e-06	2.2429e-26
2.10913e-06	2.42874e-26
2.13022e-06	2.62998e-26
2.15152e-06	2.84789e-26
2.17304e-06	3.08385e-26
2.19477e-06	3.33937e-26
2.21672e-06	3.61606e-26
2.23888e-06	3.91568e-26
2.26127e-06	4.24012e-26
2.28388e-06	4.59144e-26
2.30672e-06	4.97187e-26
2.32979e-06	5.38382e-26
2.35309e-06	5.82991e-26
2.37662e-06	6.31296e-26
2.40038e-06	6.83603e-26
2.42439e-06	7.40244e-26
2.44863e-06	8.01578e-26
2.47312e-06	8.67994e-26
2.49785e-06	9.39913e-26
2.52283e-06	1.01779e-25
2.54806e-06	1.10212e-25
2.57354e-06	1.19344e-25
2.59927e-06	1.29233e-25
2.62527e-06	1.3994e-25
2.65152e-06	1.51535e-25
2.67803e-06	1.64091e-25
2.70481e-06	1.77687e-25
2.73186e-06	1.9241e-25
2.75918e-06	2.08352e-25
2.78677e-06	2.25615e-25
2.81464e-06	2.44309e-25
2.84279e-06	2.64552e-25
2.87121e-06	2.86472e-25
2.89993e-06	3.10208e-25
2.92893e-06	3.35911e-25
2.95822e-06	3.63743e-25
2.9878e-06	3.93882e-25
3.01768e-06	4.26517e-25
3.04785e-06	4.61857e-25
3.07833e-06	5.00125e-25
3.10911e-06	5.41564e-25
3.1402e-06	5.86436e-25
3.17161e-06	6.35026e-25
3.20332e-06	6.87642e-25
3.23536e-06	7.44618e-25
3.26771e-06	8.06315e-25
3.30039e-06	8.73123e-25
3.33339e-06	9.45467e-25
3.36672e-06	1.02381e-24
3.40039e-06	1.10863e-24
3.4344e-06	1.20049e-24
3.46874e-06	1.29996e-24
3.50343e-06	1.40767e-24
3.53846e-06	1.52431e-24
3.57385e-06	1.65061e-24
3.60958e-06	1.78737e-24
3.64568e-06	1.93547e-24
3.68214e-06	2.09583e-24
3.71896e-06	2.26949e-24
3.75615e-06	2.45753e-24
3.79371e-06	2.66115e-24
3.83165e-06	2.88164e-24
3.86996e-06	3.12041e-24
3.90866e-06	3.37895e-24
3.94775e-06	3.65892e-24
3.98723e-06	3.96209e-24
4.0271e-06	4.29038e-24
4.06737e-06	4.64586e-24
4.10804e-06	5.0308e-24
4.14912e-06	5.44764e-24
4.19062e-06	5.89901e-24
4.23252e-06	6.38778e-24
4.27485e-06	6.91706e-24
4.3176e-06	7.49018e-24
4.36077e-06	8.11079e-24
4.40438e-06	8.78283e-24
4.44842e-06	9.51054e-24
4.49291e-06	1.02986e-23
4.53784e-06	1.11519e-23
4.58321e-06	1.20759e-23
4.62905e-06	1.30764e-23
4.67534e-06	1.41599e-23
4.72209e-06	1.53331e-23
4.76931e-06	1.66036e-23
4.817e-06	1.79793e-23
4.86517e-06	1.9469e-23
4.91383e-06	2.10822e-23
4.96296e-06	2.2829e-23
5.01259e-06	2.47205e-23
5.06272e-06	2.67688e-23
5.11335e-06	2.89867e-23
5.16448e-06	3.13885e-23
5.21613e-06	3.39892e-23
5.26829e-06	3.68054e-23
5.32097e-06	3.9855e-23
5.37418e-06	4.31573e-23
5.42792e-06	4.67331e-23
5.4822e-06	5.06053e-23
5.53702e-06	5.47983e-23
5.59239e-06	5.93387e-23
5.64832e-06	6.42553e-23
5.7048e-06	6.95793e-23
5.76185e-06	7.53444e-23
5.81947e-06	8.15872e-23
5.87766e-06	8.83472e-23
5.93644e-06	9.56674e-23
5.9958e-06	1.03594e-22
6.05576e-06	1.12178e-22
6.11632e-06	1.21472e-22
6.17748e-06	1.31537e-22
6.23926e-06	1.42436e-22
6.30165e-06	1.54237e-22
6.36466e-06	1.67017e-22
6.42831e-06	1.80856e-22
6.49259e-06	1.95841e-22
6.55752e-06	2.12067e-22
6.6231e-06	2.29639e-22
6.68933e-06	2.48666e-22
6.75622e-06	2.69269e-22
6.82378e-06	2.9158e-22
6.89202e-06	3.15739e-22
6.96094e-06	3.41901e-22
7.03055e-06	3.70229e-22
7.10085e-06	4.00905e-22
7.17186e-06	4.34123e-22
7.24358e-06	4.70093e-22
7.31602e-06	5.09043e-22
7.38918e-06	5.51221e-22
7.46307e-06	5.96893e-22
7.5377e-06	6.4635e-22
7.61308e-06	6.99904e-22
7.68921e-06	7.57896e-22
7.7661e-06	8.20693e-22
7.84376e-06	8.88693e-22
7.9222e-06	9.62327e-22
8.00142e-06	1.04206e-21
8.08144e-06	1.1284e-21
8.16225e-06	1.2219e-21
8.24387e-06	1.32314e-21
8.32631e-06	1.43277e-21
8.40957e-06	1.55149e-21
8.49367e-06	1.68004e-21
8.57861e-06	1.81924e-21
8.66439e-06	1.96998e-21
8.75104e-06	2.1332e-21
8.83855e-06	2.30996e-21
8.92693e-06	2.50135e-21
9.0162e-06	2.7086e-21
9.10636e-06	2.93303e-21
9.19743e-06	3.17605e-21
9.2894e-06	3.43921e-21
9.3823e-06	3.72417e-21
9.47612e-06	4.03274e-21
9.57088e-06	4.36688e-21
9.66659e-06	4.72871e-21
9.76325e-06	5.12051e-21
9.86089e-06	5.54478e-21
9.9595e-06	6.0042e-21
1.00591e-05	6.50169e-21
1.01597e-05	7.0404e-21
1.02613e-05	7.62375e-21
1.03639e-05	8.25542e-21
1.04675e-05	8.93944e-21
1.05722e-05	9.68013e-21
1.06779e-05	1.04822e-20
1.07847e-05	1.13507e-20
1.08926e-05	1.22912e-20
1.10015e-05	1.33096e-20
1.11115e-05	1.44124e-20
1.12226e-05	1.56066e-20
1.13348e-05	1.68997e-20
1.14482e-05	1.82999e-20
1.15627e-05	1.98162e-20
1.16783e-05	2.14581e-20
1.17951e-05	2.3236e-20
1.1913e-05	2.51613e-20
1.20322e-05	2.72461e-20
1.21525e-05	2.95036e-20
1.2274e-05	3.19482e-20
1.23967e-05	3.45953e-20
1.25207e-05	3.74618e-20
1.26459e-05	4.05657e-20
1.27724e-05	4.39269e-20
1.29001e-05	4.75665e-20
1.30291e-05	5.15077e-20
1.31594e-05	5.57755e-20
1.3291e-05	6.03968e-20
1.34239e-05	6.54011e-20
1.35581e-05	7.082e-20
1.36937e-05	7.66879e-20
1.38307e-05	8.30421e-20
1.3969e-05	8.99227e-20
1.41086e-05	9.73733e-20
1.42497e-05	1.05441e-19
1.43922e-05	1.14178e-19
1.45362e-05	1.23638e-19
1.46815e-05	1.33883e-19
1.48283e-05	1.44976e-19
1.49766e-05	1.56988e-19
1.51264e-05	1.69995e-19
1.52776e-05	1.84081e-19
1.54304e-05	1.99333e-19
1.55847e-05	2.15849e-19
1.57406e-05	2.33734e-19
1.5898e-05	2.531e-19
1.6057e-05	2.74071e-19
1.62175e-05	2.9678e-19
1.63797e-05	3.2137e-19
1.65435e-05	3.47997e-19
1.67089e-05	3.76831e-19
1.6876e-05	4.08054e-19
1.70448e-05	4.41864e-19
1.72152e-05	4.78476e-19
1.73874e-05	5.18121e-19
1.75613e-05	5.6105e-19
1.77369e-05	6.07537e-19
1.79142e-05	6.57876e-19
1.80934e-05	7.12385e-19
1.82743e-05	7.71411e-19
1.84571e-05	8.35328e-19
1.86416e-05	9.0454e-19
1.8828e-05	9.79487e-19
1.90163e-05	1.06064e-18
1.92065e-05	1.14853e-18
1.93986e-05	1.24369e-18
1.95925e-05	1.34674e-18
1.97885e-05	1.45832e-18
1.99864e-05	1.57915e-18
2.01862e-05	1.71e-18
2.03881e-05	1.85168e-18
2.0592e-05	2.00511e-18
2.07979e-05	2.17124e-18
2.10059e-05	2.35115e-18
2.12159e-05	2.54595e-18
2.14281e-05	2.7569e-18
2.16424e-05	2.98533e-18
2.18588e-05	3.23269e-18
2.20774e-05	3.50054e-18
2.22981e-05	3.79058e-18
2.25211e-05	4.10465e-18
2.27463e-05	4.44475e-18
2.29738e-05	4.81303e-18
2.32035e-05	5.21182e-18
2.34356e-05	5.64366e-18
2.36699e-05	6.11127e-18
2.39066e-05	6.61763e-18
2.41457e-05	7.16595e-18
2.43871e-05	7.75969e-18
2.4631e-05	8.40264e-18
2.48773e-05	9.09885e-18
2.51261e-05	9.85275e-18
2.53774e-05	1.06691e-17
2.56311e-05	1.15531e-17
2.58874e-05	1.25104e-17
2.61463e-05	1.35469e-17
2.64078e-05	1.46694e-17
2.66719e-05	1.58849e-17
2.69386e-05	1.7201e-17
2.7208e-05	1.86263e-17
2.748e-05	2.01696e-17
2.77548e-05	2.18407e-17
2.80324e-05	2.36504e-17
2.83127e-05	2.561e-17
2.85958e-05	2.77319e-17
2.88818e-05	3.00297e-17
2.91706e-05	3.25179e-17
2.94623e-05	3.52122e-17
2.9757e-05	3.81298e-17
3.00545e-05	4.12891e-17
3.03551e-05	4.47102e-17
3.06586e-05	4.84147e-17
3.09652e-05	5.24262e-17
3.12749e-05	5.67701e-17
3.15876e-05	6.14738e-17
3.19035e-05	6.65674e-17
3.22225e-05	7.20829e-17
3.25447e-05	7.80555e-17
3.28702e-05	8.45229e-17
3.31989e-05	9.15262e-17
3.35309e-05	9.91097e-17
3.38662e-05	1.07322e-16
3.42049e-05	1.16214e-16
3.45469e-05	1.25843e-16
3.48924e-05	1.3627e-16
3.52413e-05	1.47561e-16
3.55937e-05	1.59787e-16
3.59496e-05	1.73027e-16
3.63091e-05	1.87363e-16
3.66722e-05	2.02887e-16
3.7039e-05	2.19698e-16
3.74093e-05	2.37901e-16
3.77834e-05	2.57613e-16
3.81613e-05	2.78958e-16
3.85429e-05	3.02072e-16
3.89283e-05	3.271e-16
3.93176e-05	3.54203e-16
3.97108e-05	3.83551e-16
4.01079e-05	4.15331e-16
4.0509e-05	4.49744e-16
4.0914e-05	4.87008e-16
4.13232e-05	5.2736e-16
4.17364e-05	5.71055e-16
4.21538e-05	6.18371e-16
4.25753e-05	6.69607e-16
4.30011e-05	7.25088e-16
4.34311e-05	7.85167e-16
4.38654e-05	8.50223e-16
4.4304e-05	9.2067e-16
4.47471e-05	9.96954e-16
4.51946e-05	1.07956e-15
4.56465e-05	1.16901e-15
4.6103e-05	1.26587e-15
4.6564e-05	1.37075e-15
4.70296e-05	1.48433e-15
4.74999e-05	1.60731e-15
4.79749e-05	1.74049e-15
4.84547e-05	1.8847e-15
4.89392e-05	2.04086e-15
4.94286e-05	2.20996e-15
4.99229e-05	2.39307e-15
5.04221e-05	2.59135e-15
5.09264e-05	2.80607e-15
5.14356e-05	3.03857e-15
5.195e-05	3.29033e-15
5.24695e-05	3.56296e-15
5.29942e-05	3.85817e-15
5.35241e-05	4.17785e-15
5.40594e-05	4.52401e-15
5.46e-05	4.89886e-15
5.5146e-05	5.30476e-15
5.56974e-05	5.7443e-15
5.62544e-05	6.22025e-15
5.68169e-05	6.73564e-15
5.73851e-05	7.29373e-15
5.79589e-05	7.89807e-15
5.85385e-05	8.55247e-15
5.91239e-05	9.2611e-15
5.97152e-05	1.00284e-14
6.03123e-05	1.08594e-14
6.09154e-05	1.17591e-14
6.15246e-05	1.27335e-14
6.21398e-05	1.37885e-14
6.27612e-05	1.4931e-14
6.33888e-05	1.61681e-14
6.40227e-05	1.75078e-14
6.4663e-05	1.89584e-14
6.53096e-05	2.05292e-14
6.59627e-05	2.22302e-14
6.66223e-05	2.40721e-14
6.72885e-05	2.60667e-14
6.79614e-05	2.82265e-14
6.8641e-05	3.05652e-14
6.93275e-05	3.30978e-14
7.00207e-05	3.58401e-14
7.07209e-05	3.88097e-14
7.14281e-05	4.20254e-14
7.21424e-05	4.55074e-14
7.28638e-05	4.9278e-14
7.35925e-05	5.33611e-14
7.43284e-05	5.77824e-14
7.50717e-05	6.257e-14
7.58224e-05	6.77544e-14
7.65806e-05	7.33683e-14
7.73464e-05	7.94474e-14
7.81199e-05	8.60301e-14
7.89011e-05	9.31583e-14
7.96901e-05	1.00877e-13
8.0487e-05	1.09235e-13
8.12919e-05	1.18286e-13
8.21048e-05	1.28087e-13
8.29259e-05	1.387e-13
8.37551e-05	1.50192e-13
8.45927e-05	1.62637e-13
8.54386e-05	1.76112e-13
8.6293e-05	1.90704e-13
8.71559e-05	2.06505e-13
8.80275e-05	2.23616e-13
8.89077e-05	2.42144e-13
8.97968e-05	2.62207e-13
9.06948e-05	2.83933e-13
9.16017e-05	3.07458e-13
9.25178e-05	3.32933e-13
9.34429e-05	3.60519e-13
9.43774e-05	3.9039e-13
9.53211e-05	4.22737e-13
9.62743e-05	4.57764e-13
9.72371e-05	4.95692e-13
9.82095e-05	5.36764e-13
9.91916e-05	5.81238e-13
0.000100183	6.29398e-13
0.000101185	6.81548e-13
0.000102197	7.38018e-13
0.000103219	7.99168e-13
0.000104251	8.65385e-13
0.000105294	9.37087e-13
0.000106347	1.01473e-12
0.00010741	1.09881e-12
0.000108484	1.18985e-12
0.000109569	1.28844e-12
0.000110665	1.3952e-12
0.000111772	1.5108e-12
0.000112889	1.63598e-12
0.000114018	1.77153e-12
0.000115158	1.91831e-12
0.00011631	2.07726e-12
0.000117473	2.24937e-12
0.000118648	2.43575e-12
0.000119834	2.63756e-12
0.000121033	2.8561e-12
0.000122243	3.09275e-12
0.000123465	3.34901e-12
0.0001247	3.62649e-12
0.000125947	3.92697e-12
0.000127206	4.25235e-12
0.000128478	4.60469e-12
0.000129763	4.98621e-12
0.000131061	5.39936e-12
0.000132372	5.84673e-12
0.000133695	6.33117e-12
0.000135032	6.85575e-12
0.000136383	7.42379e-12
0.000137746	8.0389e-12
0.000139124	8.70498e-12
0.000140515	9.42625e-12
0.00014192	1.02073e-11
0.000143339	1.1053e-11
0.000144773	1.19688e-11
0.000146221	1.29605e-11
0.000147683	1.40344e-11
0.00014916	1.51972e-11
0.000150651	1.64564e-11
0.000152158	1.782e-11
0.000153679	1.92965e-11
0.000155216	2.08953e-11
0.000156768	2.26266e-11
0.000158336	2.45014e-11
0.000159919	2.65315e-11
0.000161518	2.87298e-11
0.000163134	3.11103e-11
0.000164765	3.3688e-11
0.000166413	3.64792e-11
0.000168077	3.95018e-11
0.000169757	4.27748e-11
0.000171455	4.63189e-11
0.00017317	5.01568e-11
0.000174901	5.43126e-11
0.00017665	5.88128e-11
0.000178417	6.36858e-11
0.000180201	6.89626e-11
0.000182003	7.46766e-11
0.000183823	8.08641e-11
0.000185661	8.75642e-11
0.000187518	9.48195e-11
0.000189393	1.02676e-10
0.000191287	1.11183e-10
0.0001932	1.20396e-10
0.000195132	1.30371e-10
0.000197083	1.41173e-10
0.000199054	1.5287e-10
0.000201045	1.65537e-10
0.000203055	1.79253e-10
0.000205086	1.94105e-10
0.000207136	2.10188e-10
0.000209208	2.27603e-10
0.0002113	2.46462e-10
0.000213413	2.66883e-10
0.000215547	2.88996e-10
0.000217702	3.12941e-10
0.000219879	3.3887e-10
0.000222078	3.66948e-10
0.000224299	3.97352e-10
0.000226542	4.30275e-10
0.000228807	4.65926e-10
0.000231095	5.04532e-10
0.000233406	5.46335e-10
0.000235741	5.91603e-10
0.000238098	6.40621e-10
0.000240479	6.93701e-10
0.000242884	7.51179e-10
0.000245313	8.13419e-10
0.000247766	8.80816e-10
0.000250243	9.53798e-10
0.000252746	1.03283e-09
0.000255273	1.1184e-09
0.000257826	1.21107e-09
0.000260404	1.31142e-09
0.000263008	1.42007e-09
0.000265638	1.53774e-09
0.000268295	1.66515e-09
0.000270978	1.80312e-09
0.000273687	1.95252e-09
0.000276424	2.1143e-09
0.000279189	2.28948e-09
0.00028198	2.47918e-09
0.0002848	2.6846e-09
0.000287648	2.90703e-09
0.000290525	3.1479e-09
0.00029343	3.40873e-09
0.000296364	3.69116e-09
0.000299328	3.997e-09
0.000302321	4.32818e-09
0.000305344	4.6868e-09
0.000308398	5.07513e-09
0.000311482	5.49564e-09
0.000314597	5.95099e-09
0.000317743	6.44407e-09
0.00032092	6.978e-09
0.000324129	7.55618e-09
0.00032737	8.18226e-09
0.000330644	8.86021e-09
0.000333951	9.59434e-09
0.00033729	1.03893e-08
0.000340663	1.12501e-08
0.00034407	1.21823e-08
0.00034751	1.31916e-08
0.000350985	1.42847e-08
0.000354495	1.54682e-08
0.00035804	1.67499e-08
0.000361621	1.81377e-08
0.000365237	1.96406e-08
0.000368889	2.12679e-08
0.000372578	2.30301e-08
0.000376304	2.49383e-08
0.000380067	2.70046e-08
0.000383868	2.92421e-08
0.000387706	3.1665e-08
0.000391583	3.42887e-08
0.000395499	3.71297e-08
0.000399454	4.02062e-08
0.000403449	4.35375e-08
0.000407483	4.71449e-08
0.000411558	5.10512e-08
0.000415674	5.52811e-08
0.00041983	5.98615e-08
0.000424029	6.48215e-08
0.000428269	7.01923e-08
0.000432552	7.60083e-08
0.000436877	8.2306e-08
0.000441246	8.91257e-08
0.000445658	9.65103e-08
0.000450115	1.04507e-07
0.000454616	1.13166e-07
0.000459162	1.22542e-07
0.000463754	1.32696e-07
0.000468391	1.43691e-07
0.000473075	1.55596e-07
0.000477806	1.68489e-07
0.000482584	1.82449e-07
0.00048741	1.97566e-07
0.000492284	2.13936e-07
0.000497207	2.31662e-07
0.000502179	2.50857e-07
0.000507201	2.71642e-07
0.000512273	2.94149e-07
0.000517396	3.18521e-07
0.00052257	3.44913e-07
0.000527795	3.73491e-07
0.000533073	4.04438e-07
0.000538404	4.37948e-07
0.000543788	4.74235e-07
0.000549226	5.13528e-07
0.000554718	5.56078e-07
0.000560265	6.02153e-07
0.000565868	6.52045e-07
0.000571527	7.06071e-07
0.000577242	7.64574e-07
0.000583014	8.27924e-07
0.000588844	8.96523e-07
0.000594733	9.70806e-07
0.00060068	1.05124e-06
0.000606687	1.13835e-06
0.000612754	1.23267e-06
0.000618881	1.3348e-06
0.00062507	1.4454e-06
0.000631321	1.56516e-06
0.000637634	1.69484e-06
0.000644011	1.83527e-06
0.000650451	1.98734e-06
0.000656955	2.152e-06
0.000663525	2.33031e-06
0.00067016	2.52339e-06
0.000676862	2.73247e-06
0.00068363	2.95887e-06
0.000690466	3.20404e-06
0.000697371	3.46951e-06
0.000704345	3.75698e-06
0.000711388	4.06827e-06
0.000718502	4.40536e-06
0.000725687	4.77037e-06
0.000732944	5.16563e-06
0.000740273	5.59364e-06
0.000747676	6.05711e-06
0.000755153	6.55898e-06
0.000762705	7.10243e-06
0.000770332	7.69092e-06
0.000778035	8.32816e-06
0.000785815	9.01821e-06
0.000793673	9.76543e-06
0.00080161	1.05746e-05
0.000809626	1.14507e-05
0.000817722	1.23995e-05
0.0008259	1.34269e-05
0.000834159	1.45394e-05
0.0008425	1.57441e-05
0.000850925	1.70486e-05
0.000859435	1.84612e-05
0.000868029	1.99908e-05
0.000876709	2.16472e-05
0.000885476	2.34408e-05
0.000894331	2.5383e-05
0.000903274	2.74862e-05
0.000912307	2.97636e-05
0.00092143	3.22297e-05
0.000930644	3.49001e-05
0.000939951	3.77918e-05
0.00094935	4.09231e-05
0.000958844	4.43139e-05
0.000968432	4.79856e-05
0.000978117	5.19615e-05
0.000987898	5.62669e-05
0.000997777	6.0929e-05
0.00100775	6.59774e-05
0.00101783	7.1444e-05
0.00102801	7.73636e-05
0.00103829	8.37737e-05
0.00104867	9.0715e-05
0.00105916	9.82313e-05
0.00106975	0.00010637
0.00108045	0.000115184
0.00109125	0.000124728
0.00110217	0.000135062
0.00111319	0.000146253
0.00112432	0.000158371
0.00113556	0.000171493
0.00114692	0.000185703
0.00115839	0.000201089
0.00116997	0.000217751
0.00118167	0.000235793
0.00119349	0.00025533
0.00120542	0.000276486
0.00121748	0.000299394
0.00122965	0.000324201
0.00124195	0.000351064
0.00125437	0.000380152
0.00126691	0.00041165
0.00127958	0.000445758
0.00129238	0.000482692
0.0013053	0.000522686
0.00131835	0.000565994
0.00133154	0.00061289
0.00134485	0.000663672
0.0013583	0.000718662
0.00137188	0.000778208
0.0013856	0.000842688
0.00139946	0.00091251
0.00141345	0.000988118
0.00142759	0.00106999
0.00144186	0.00115865
0.00145628	0.00125465
0.00147085	0.0013586
0.00148555	0.00147117
0.00150041	0.00159307
0.00151541	0.00172507
0.00153057	0.001868
0.00154587	0.00202277
0.00156133	0.00219038
0.00157695	0.00237186
0.00159271	0.00256839
0.00160864	0.0027812
0.00162473	0.00301164
0.00164098	0.00326117
0.00165739	0.00353138
0.00167396	0.00382398
0.0016907	0.00414082
0.00170761	0.00448392
0.00172468	0.00485544
0.00174193	0.00525774
0.00175935	0.00569338
0.00177694	0.00616512
0.00179471	0.00667594
0.00181266	0.00722909
0.00183078	0.00782806
0.00184909	0.00847667
0.00186758	0.00917902
0.00188626	0.00993956
0.00190512	0.0107631
0.00192417	0.0116549
0.00194341	0.0126206
0.00196285	0.0136663
0.00198248	0.0147987
0.0020023	0.0160248
0.00202232	0.0173526
0.00204255	0.0187904
0.00206297	0.0203473
0.0020836	0.0220332
0.00210444	0.0238588
0.00212548	0.0258356
0.00214674	0.0279763
0.00216821	0.0302943
0.00218989	0.0328044
0.00221179	0.0355225
0.0022339	0.0384657
0.00225624	0.0416529
0.00227881	0.0451041
0.00230159	0.0488413
0.00232461	0.0528881
0.00234786	0.0572703
0.00237134	0.0620155
0.00239505	0.0671539
0.002419	0.072718
0.00244319	0.0787432
0.00246762	0.0852676
0.0024923	0.0923326
0.00251722	0.099983
0.00254239	0.108267
0.00256782	0.117238
0.00259349	0.126952
0.00261943	0.137471
0.00264562	0.148861
0.00267208	0.161195
0.0026988	0.174551
0.00272579	0.189014
0.00275305	0.204675
0.00278058	0.221634
0.00280838	0.239998
0.00283647	0.259883
0.00286483	0.281416
0.00289348	0.304733
0.00292241	0.329983
0.00295164	0.357324
0.00298115	0.38693
0.00301097	0.41899
0.00304108	0.453706
0.00307149	0.491299
0.0031022	0.532006
0.00313322	0.576087
0.00316456	0.623819
0.0031962	0.675507
0.00322816	0.731477
0.00326045	0.792085
0.00329305	0.857715
0.00332598	0.928782
0.00335924	1.00574
0.00339283	1.08907
0.00342676	1.17931
0.00346103	1.27702
0.00349564	1.38283
0.00353059	1.49741
0.0035659	1.62148
0.00360156	1.75583
0.00363758	1.90131
0.00367395	2.05885
0.00371069	2.22943
0.0037478	2.41416
0.00378528	2.61419
0.00382313	2.83079
0.00386136	3.06534
0.00389997	3.31932
0.00393897	3.59435
0.00397836	3.89217
0.00401815	4.21466
0.00405833	4.56387
0.00409891	4.94202
0.0041399	5.3515
0.0041813	5.79491
0.00422311	6.27506
0.00426534	6.79499
0.004308	7.358
0.00435108	7.96766
0.00439459	8.62783
0.00443853	9.34271
0.00448292	10.1168
0.00452775	10.9551
0.00457303	11.8628
0.00461876	12.8457
0.00466494	13.91
0.00471159	15.0626
0.00475871	16.3106
0.0048063	17.662
0.00485436	19.1254
0.0049029	20.7101
0.00495193	22.4261
0.00500145	24.2842
0.00505146	26.2964
0.00510198	28.4752
0.005153	30.8345
0.00520453	33.3894
0.00525657	36.1559
0.00530914	39.1517
0.00536223	42.3957
0.00541585	45.9084
0.00547001	49.7123
0.00552471	53.8313
0.00557996	58.2915
0.00563576	63.1214
0.00569212	68.3514
0.00574904	74.0148
0.00580653	80.1474
0.00586459	86.7882
0.00592324	93.9792
0.00598247	101.766
0.0060423	110.198
0.00610272	119.329
0.00616375	129.216
0.00622538	139.922
0.00628764	151.516
0.00635051	164.07
0.00641402	177.664
0.00647816	192.385
0.00654294	208.325
0.00660837	225.586
0.00667445	244.278
0.0067412	264.518
0.00680861	286.435
0.0068767	310.168
0.00694546	335.867
0.00701492	363.696
0.00708507	393.831
0.00715592	426.462
0.00722748	461.797
0.00729975	500.06
0.00737275	541.494
0.00744648	586.36
0.00752094	634.944
0.00759615	687.554
0.00767211	744.522
0.00774883	806.211
0.00782632	873.011
0.00790459	945.346
0.00798363	1023.67
0.00806347	1108.49
0.0081441	1200.34
0.00822554	1299.79
0.0083078	1407.49
0.00839088	1524.11
0.00847479	1650.39
0.00855953	1787.14
0.00864513	1935.22
0.00873158	2095.56
0.0088189	2269.19
0.00890709	2457.21
0.00899616	2660.81
0.00908612	2881.27
0.00917698	3120.01
0.00926875	3378.52
0.00936144	3658.45
0.00945505	3961.58
0.0095496	4289.83
0.0096451	4645.27
0.00974155	5030.16
0.00983896	5446.94
0.00993735	5898.26
0.0100367	6386.97
0.0101371	6916.17
0.0102385	7489.22
0.0103409	8109.76
0.0104443	8781.7
0.0105487	9509.33
0.0106542	10297.2
0.0107607	11150.4
0.0108683	12074.3
0.010977	13074.8
0.0110868	14158.1
0.0111977	15331.2
0.0113096	16601.5
0.0114227	17977
0.011537	19466.5
0.0116523	21079.5
0.0117689	22826.1
0.0118865	24717.4
0.0120054	26765.4
0.0121255	28983
0.0122467	31384.5
0.0123692	33984.9
0.0124929	36800.8
0.0126178	39850
0.012744	43151.8
0.0128714	46727.2
0.0130001	50595.2
0.0131301	54787.2
0.0132614	59326.5
0.0133941	64241.9
0.013528	69564.5
0.0136633	75328.2
0.0137999	81569.4
0.0139379	88318.5
0.0140773	95635.5
0.0142181	103559
0.0143602	112138
0.0145038	121429
0.0146489	131489
0.0147954	142372
0.0149433	154166
0.0150928	166938
0.0152437	180767
0.0153961	195742
0.0155501	211957
0.0157056	229503
0.0158626	248515
0.0160213	269101
0.0161815	291392
0.0163433	315529
0.0165067	341652
0.0166718	369951
0.0168385	400595
0.0170069	433775
0.017177	469704
0.0173487	508593
0.0175222	550716
0.0176974	596329
0.0178744	645718
0.0180532	699179
0.0182337	757084
0.018416	819783
0.0186002	887674
0.0187862	961167
0.0189741	1.04076e+06
0.0191638	1.12695e+06
0.0193554	1.22027e+06
0.019549	1.32129e+06
0.0197445	1.4307e+06
0.0199419	1.54916e+06
0.0201413	1.67742e+06
0.0203427	1.81629e+06
0.0205462	1.96666e+06
0.0207516	2.12948e+06
0.0209592	2.30575e+06
0.0211687	2.49663e+06
0.0213804	2.70331e+06
0.0215942	2.92706e+06
0.0218102	3.16935e+06
0.0220283	3.43168e+06
0.0222486	3.71569e+06
0.0224711	4.02321e+06
0.0226958	4.35618e+06
0.0229227	4.71665e+06
0.0231519	5.10697e+06
0.0233835	5.52956e+06
0.0236173	5.98708e+06
0.0238535	6.48244e+06
0.024092	7.01877e+06
0.0243329	7.5994e+06
0.0245763	8.22805e+06
0.024822	8.90864e+06
0.0250702	9.64551e+06
0.0253209	1.04432e+07
0.0255742	1.13069e+07
0.0258299	1.22419e+07
0.0260882	1.32542e+07
0.0263491	1.43501e+07
0.0266126	1.55364e+07
0.0268787	1.68208e+07
0.0271475	1.82112e+07
0.027419	1.97164e+07
0.0276931	2.13458e+07
0.0279701	2.31097e+07
0.0282498	2.50192e+07
0.0285323	2.70862e+07
0.0288176	2.93237e+07
0.0291058	3.17457e+07
0.0293968	3.43676e+07
0.0296908	3.72055e+07
0.0299877	4.02773e+07
0.0302876	4.36024e+07
0.0305905	4.72013e+07
0.0308964	5.10968e+07
0.0312053	5.5313e+07
0.0315174	5.98765e+07
0.0318326	6.48155e+07
0.0321509	7.0161e+07
0.0324724	7.59462e+07
0.0327971	8.22073e+07
0.0331251	8.89832e+07
0.0334563	9.63161e+07
0.0337909	1.04251e+08
0.0341288	1.12839e+08
0.0344701	1.22131e+08
0.0348148	1.32186e+08
0.0351629	1.43066e+08
0.0355146	1.54839e+08
0.0358697	1.67577e+08
0.0362284	1.81358e+08
0.0365907	1.96269e+08
0.0369566	2.12401e+08
0.0373262	2.29852e+08
0.0376994	2.48731e+08
0.0380764	2.69154e+08
0.0384572	2.91246e+08
0.0388418	3.15142e+08
0.0392302	3.40988e+08
0.0396225	3.68942e+08
0.0400187	3.99175e+08
0.0404189	4.31871e+08
0.0408231	4.67229e+08
0.0412313	5.05464e+08
0.0416436	5.46806e+08
0.0420601	5.91507e+08
0.0424807	6.39836e+08
0.0429055	6.92084e+08
0.0433345	7.48566e+08
0.0437679	8.09621e+08
0.0442056	8.75613e+08
0.0446476	9.46938e+08
0.0450941	1.02402e+09
0.045545	1.10732e+09
0.0460005	1.19733e+09
0.0464605	1.29457e+09
0.0469251	1.39964e+09
0.0473943	1.51314e+09
0.0478683	1.63573e+09
0.048347	1.76814e+09
0.0488304	1.91113e+09
0.0493187	2.06554e+09
0.0498119	2.23226e+09
0.05031	2.41225e+09
0.0508131	2.60654e+09
0.0513213	2.81624e+09
0.0518345	3.04254e+09
0.0523528	3.28674e+09
0.0528764	3.5502e+09
0.0534051	3.83441e+09
0.0539392	4.14095e+09
0.0544786	4.47154e+09
0.0550234	4.82799e+09
0.0555736	5.21226e+09
0.0561293	5.62647e+09
0.0566906	6.07286e+09
0.0572575	6.55385e+09
0.0578301	7.07201e+09
0.0584084	7.63011e+09
0.0589925	8.23111e+09
0.0595824	8.87816e+09
0.0601782	9.57465e+09
0.06078	1.03242e+10
0.0613878	1.11306e+10
0.0620017	1.1998e+10
0.0626217	1.29308e+10
0.0632479	1.39337e+10
0.0638804	1.50115e+10
0.0645192	1.61697e+10
0.0651644	1.74138e+10
0.065816	1.87499e+10
0.0664742	2.01842e+10
0.0671389	2.17235e+10
0.0678103	2.3375e+10
0.0684884	2.51463e+10
0.0691733	2.70453e+10
0.0698651	2.90806e+10
0.0705637	3.12611e+10
0.0712693	3.35964e+10
0.071982	3.60964e+10
0.0727019	3.87717e+10
0.0734289	4.16335e+10
0.0741632	4.46933e+10
0.0749048	4.79635e+10
0.0756538	5.1457e+10
0.0764104	5.51874e+10
0.0771745	5.91688e+10
0.0779462	6.34162e+10
0.0787257	6.79449e+10
0.079513	7.27713e+10
0.0803081	7.79123e+10
0.0811112	8.33855e+10
0.0819223	8.92092e+10
0.0827415	9.54026e+10
0.0835689	1.01985e+11
0.0844046	1.08978e+11
0.0852486	1.16402e+11
0.0861011	1.24279e+11
0.0869621	1.32632e+11
0.0878318	1.41484e+11
0.0887101	1.5086e+11
0.0895972	1.60784e+11
0.0904932	1.71282e+11
0.0913981	1.8238e+11
0.0923121	1.94105e+11
0.0932352	2.06484e+11
0.0941675	2.19546e+11
0.0951092	2.33321e+11
0.0960603	2.47836e+11
0.0970209	2.63123e+11
0.0979911	2.79212e+11
0.098971	2.96135e+11
0.0999607	3.13924e+11
0.10096	3.32611e+11
0.10197	3.5223e+11
0.10299	3.72816e+11
0.10402	3.94402e+11
0.10506	4.17025e+11
0.10611	4.4072e+11
0.107171	4.65525e+11
0.108243	4.91477e+11
0.109326	5.18616e+11
0.110419	5.46981e+11
0.111523	5.76613e+11
0.112638	6.07554e+11
0.113765	6.39847e+11
0.114902	6.73537e+11
0.116051	7.08668e+11
0.117212	7.45289e+11
0.118384	7.83448e+11
0.119568	8.23196e+11
0.120763	8.64584e+11
0.121971	9.07667e+11
0.123191	9.525e+11
0.124423	9.99141e+11
0.125667	1.04765e+12
0.126924	1.09809e+12
0.128193	1.15053e+12
0.129475	1.20503e+12
0.13077	1.26166e+12
0.132077	1.32049e+12
0.133398	1.3816e+12
0.134732	1.44507e+12
0.136079	1.51097e+12
0.13744	1.57939e+12
0.138814	1.65042e+12
0.140203	1.72414e+12
0.141605	1.80064e+12
0.143021	1.88003e+12
0.144451	1.96239e+12
0.145895	2.04783e+12
0.147354	2.13646e+12
0.148828	2.22837e+12
0.150316	2.32369e+12
0.151819	2.42252e+12
0.153338	2.52499e+12
0.154871	2.63121e+12
0.15642	2.74131e+12
0.157984	2.85541e+12
0.159564	2.97366e+12
0.161159	3.09618e+12
0.162771	3.22312e+12
0.164399	3.35461e+12
0.166043	3.49081e+12
0.167703	3.63186e+12
0.16938	3.77793e+12
0.171074	3.92916e+12
0.172785	4.08573e+12
0.174512	4.24779e+12
0.176258	4.41553e+12
0.17802	4.58912e+12
0.1798	4.76873e+12
0.181598	4.95455e+12
0.183414	5.14678e+12
0.185248	5.3456e+12
0.187101	5.55122e+12
0.188972	5.76382e+12
0.190862	5.98364e+12
0.19277	6.21086e+12
0.194698	6.44572e+12
0.196645	6.68842e+12
0.198611	6.9392e+12
0.200598	7.19829e+12
0.202604	7.46592e+12
0.20463	7.74233e+12
0.206676	8.02776e+12
0.208743	8.32247e+12
0.21083	8.6267e+12
0.212938	8.94071e+12
0.215068	9.26476e+12
0.217218	9.59912e+12
0.219391	9.94407e+12
0.221584	1.02999e+13
0.2238	1.06668e+13
0.226038	1.10451e+13
0.228299	1.14352e+13
0.230582	1.18372e+13
0.232888	1.22515e+13
0.235216	1.26783e+13
0.237569	1.31181e+13
0.239944	1.3571e+13
0.242344	1.40373e+13
0.244767	1.45175e+13
0.247215	1.50117e+13
0.249687	1.55203e+13
0.252184	1.60436e+13
0.254706	1.6582e+13
0.257253	1.71356e+13
0.259825	1.77048e+13
0.262423	1.829e+13
0.265048	1.88914e+13
0.267698	1.95093e+13
0.270375	2.0144e+13
0.273079	2.07959e+13
0.27581	2.14652e+13
0.278568	2.21521e+13
0.281354	2.28571e+13
0.284167	2.35803e+13
0.287009	2.4322e+13
0.289879	2.50824e+13
0.292778	2.58619e+13
0.295705	2.66606e+13
0.298662	2.74788e+13
0.301649	2.83166e+13
0.304666	2.91743e+13
0.307712	3.0052e+13
0.310789	3.09499e+13
0.313897	3.18681e+13
0.317036	3.28067e+13
0.320207	3.37659e+13
0.323409	3.47457e+13
0.326643	3.57461e+13
0.329909	3.67671e+13
0.333208	3.78088e+13
0.33654	3.8871e+13
0.339906	3.99538e+13
0.343305	4.10569e+13
0.346738	4.21802e+13
0.350205	4.33235e+13
0.353707	4.44866e+13
0.357244	4.56691e+13
0.360817	4.68708e+13
0.364425	4.80912e+13
0.368069	4.933e+13
0.37175	5.05865e+13
0.375467	5.18603e+13
0.379222	5.31507e+13
0.383014	5.44572e+13
0.386844	5.57788e+13
0.390713	5.71149e+13
0.39462	5.84647e+13
0.398566	5.9827e+13
0.402552	6.12011e+13
0.406577	6.25858e+13
0.410643	6.39799e+13
0.41475	6.53823e+13
0.418897	6.67917e+13
0.423086	6.82067e+13
0.427317	6.9626e+13
0.43159	7.10481e+13
0.435906	7.24715e+13
0.440265	7.38944e+13
0.444668	7.53154e+13
0.449114	7.67326e+13
0.453605	7.81444e+13
0.458142	7.95489e+13
0.462723	8.09443e+13
0.46735	8.23286e+13
0.472024	8.37001e+13
0.476744	8.50568e+13
0.481511	8.63968e+13
0.486326	8.77182e+13
0.49119	8.9019e+13
0.496102	9.02974e+13
0.501063	9.15516e+13
0.506073	9.27797e+13
0.511134	9.398e+13
0.516245	9.51508e+13
0.521408	9.62906e+13
0.526622	9.73978e+13
0.531888	9.84711e+13
0.537207	9.95091e+13
0.542579	1.00511e+14
0.548005	1.01475e+14
0.553485	1.02401e+14
0.55902	1.03288e+14
0.56461	1.04136e+14
0.570256	1.04944e+14
0.575959	1.05712e+14
0.581718	1.0644e+14
0.587535	1.07128e+14
0.593411	1.07776e+14
0.599345	1.08386e+14
0.605338	1.08957e+14
0.611392	1.09491e+14
0.617506	1.09988e+14
0.623681	1.1045e+14
0.629917	1.10878e+14
0.636217	1.11273e+14
0.642579	1.11637e+14
0.649005	1.11971e+14
0.655495	1.12277e+14
0.66205	1.12557e+14
0.66867	1.12812e+14
0.675357	1.13045e+14
0.68211	1.13256e+14
0.688931	1.13448e+14
0.695821	1.13622e+14
0.702779	1.1378e+14
0.709807	1.13923e+14
0.716905	1.14053e+14
0.724074	1.14171e+14
0.731315	1.14279e+14
0.735599	1.14338e+14
0.761075	1.14631e+14
0.786415	1.14855e+14
0.811677	1.15037e+14
0.836868	1.15196e+14
0.861995	1.1534e+14
0.886817	1.15471e+14
0.912154	1.15597e+14
0.936806	1.15713e+14
0.961955	1.15826e+14
0.986829	1.15933e+14
