0.0001	4.31086e-07
0.000101	4.22601e-07
0.00010201	4.14284e-07
0.00010303	4.0613e-07
0.00010406	3.98137e-07
0.000105101	3.90303e-07
0.000106152	3.82622e-07
0.000107214	3.75093e-07
0.000108286	3.67713e-07
0.000109369	3.60478e-07
0.000110462	3.53386e-07
0.000111567	3.46435e-07
0.000112683	3.3962e-07
0.000113809	3.3294e-07
0.000114947	3.26391e-07
0.000116097	3.19972e-07
0.000117258	3.1368e-07
0.00011843	3.07512e-07
0.000119615	3.01465e-07
0.000120811	2.95538e-07
0.000122019	2.89728e-07
0.000123239	2.84033e-07
0.000124472	2.78451e-07
0.000125716	2.72978e-07
0.000126973	2.67614e-07
0.000128243	2.62356e-07
0.000129526	2.57201e-07
0.000130821	2.52149e-07
0.000132129	2.47196e-07
0.00013345	2.42341e-07
0.000134785	2.37583e-07
0.000136133	2.32918e-07
0.000137494	2.28346e-07
0.000138869	2.23864e-07
0.000140258	2.1947e-07
0.00014166	2.15164e-07
0.000143077	2.10943e-07
0.000144508	2.06805e-07
0.000145953	2.02749e-07
0.000147412	1.98774e-07
0.000148886	1.94877e-07
0.000150375	1.91058e-07
0.000151879	1.87314e-07
0.000153398	1.83644e-07
0.000154932	1.80047e-07
0.000156481	1.76521e-07
0.000158046	1.73066e-07
0.000159626	1.69679e-07
0.000161223	1.66359e-07
0.000162835	1.63104e-07
0.000164463	1.59915e-07
0.000166108	1.56789e-07
0.000167769	1.53725e-07
0.000169447	1.50722e-07
0.000171141	1.47778e-07
0.000172852	1.44893e-07
0.000174581	1.42065e-07
0.000176327	1.39294e-07
0.00017809	1.36578e-07
0.000179871	1.33916e-07
0.00018167	1.31307e-07
0.000183486	1.2875e-07
0.000185321	1.26244e-07
0.000187174	1.23788e-07
0.000189046	1.21381e-07
0.000190937	1.19022e-07
0.000192846	1.1671e-07
0.000194774	1.14445e-07
0.000196722	1.12224e-07
0.000198689	1.10049e-07
0.000200676	1.07917e-07
0.000202683	1.05827e-07
0.00020471	1.0378e-07
0.000206757	1.01773e-07
0.000208825	9.9807e-08
0.000210913	9.78804e-08
0.000213022	9.59926e-08
0.000215152	9.41428e-08
0.000217304	9.23303e-08
0.000219477	9.05543e-08
0.000221672	8.88142e-08
0.000223888	8.71093e-08
0.000226127	8.54389e-08
0.000228388	8.38024e-08
0.000230672	8.2199e-08
0.000232979	8.06282e-08
0.000235309	7.90893e-08
0.000237662	7.75818e-08
0.000240038	7.61049e-08
0.000242439	7.46583e-08
0.000244863	7.32412e-08
0.000247312	7.18531e-08
0.000249785	7.04934e-08
0.000252283	6.91617e-08
0.000254806	6.78574e-08
0.000257354	6.658e-08
0.000259927	6.53289e-08
0.000262527	6.41037e-08
0.000265152	6.29039e-08
0.000267803	6.1729e-08
0.000270481	6.05786e-08
0.000273186	5.94521e-08
0.000275918	5.83492e-08
0.000278677	5.72694e-08
0.000281464	5.62123e-08
0.000284279	5.51775e-08
0.000287121	5.41645e-08
0.000289993	5.31729e-08
0.000292893	5.22024e-08
0.000295822	5.12526e-08
0.00029878	5.0323e-08
0.000301768	4.94134e-08
0.000304785	4.85234e-08
0.000307833	4.76525e-08
0.000310911	4.68005e-08
0.00031402	4.59671e-08
0.000317161	4.51518e-08
0.000320332	4.43543e-08
0.000323536	4.35744e-08
0.000326771	4.28117e-08
0.000330039	4.2066e-08
0.000333339	4.13368e-08
0.000336672	4.0624e-08
0.000340039	3.99272e-08
0.00034344	3.92461e-08
0.000346874	3.85805e-08
0.000350343	3.79301e-08
0.000353846	3.72946e-08
0.000357385	3.66737e-08
0.000360958	3.60673e-08
0.000364568	3.5475e-08
0.000368214	3.48965e-08
0.000371896	3.43317e-08
0.000375615	3.37803e-08
0.000379371	3.3242e-08
0.000383165	3.27166e-08
0.000386996	3.22038e-08
0.000390866	3.17035e-08
0.000394775	3.12153e-08
0.000398723	3.07391e-08
0.00040271	3.02745e-08
0.000406737	2.98214e-08
0.000410804	2.93795e-08
0.000414912	2.89486e-08
0.000419062	2.85284e-08
0.000423252	2.81187e-08
0.000427485	2.77192e-08
0.00043176	2.73296e-08
0.000436077	2.69498e-08
0.000440438	2.65793e-08
0.000444842	2.6218e-08
0.000449291	2.58656e-08
0.000453784	2.55217e-08
0.000458321	2.51861e-08
0.000462905	2.48585e-08
0.000467534	2.45385e-08
0.000472209	2.42258e-08
0.000476931	2.392e-08
0.0004817	2.36209e-08
0.000486517	2.33281e-08
0.000491383	2.30411e-08
0.000496296	2.27597e-08
0.000501259	2.24834e-08
0.000506272	2.2212e-08
0.000511335	2.1945e-08
0.000516448	2.1682e-08
0.000521613	2.14228e-08
0.000526829	2.11671e-08
0.000532097	2.09144e-08
0.000537418	2.06645e-08
0.000542792	2.04173e-08
0.00054822	2.01725e-08
0.000553702	1.99299e-08
0.000559239	1.96894e-08
0.000564832	1.9451e-08
0.00057048	1.92147e-08
0.000576185	1.89805e-08
0.000581947	1.87485e-08
0.000587766	1.8519e-08
0.000593644	1.8292e-08
0.00059958	1.80679e-08
0.000605576	1.7847e-08
0.000611632	1.76294e-08
0.000617748	1.74156e-08
0.000623926	1.72058e-08
0.000630165	1.70003e-08
0.000636466	1.67995e-08
0.000642831	1.66034e-08
0.000649259	1.64122e-08
0.000655752	1.62261e-08
0.00066231	1.60451e-08
0.000668933	1.5869e-08
0.000675622	1.56978e-08
0.000682378	1.55311e-08
0.000689202	1.53687e-08
0.000696094	1.52101e-08
0.000703055	1.50548e-08
0.000710085	1.49024e-08
0.000717186	1.47523e-08
0.000724358	1.46039e-08
0.000731602	1.44568e-08
0.000738918	1.43106e-08
0.000746307	1.4165e-08
0.00075377	1.40198e-08
0.000761308	1.38752e-08
0.000768921	1.37313e-08
0.00077661	1.35885e-08
0.000784376	1.34472e-08
0.00079222	1.3308e-08
0.000800142	1.31714e-08
0.000808144	1.30381e-08
0.000816225	1.29085e-08
0.000824387	1.27829e-08
0.000832631	1.26614e-08
0.000840957	1.2544e-08
0.000849367	1.24303e-08
0.000857861	1.23197e-08
0.000866439	1.22116e-08
0.000875104	1.21052e-08
0.000883855	1.19999e-08
0.000892693	1.1895e-08
0.00090162	1.17903e-08
0.000910636	1.16857e-08
0.000919743	1.15815e-08
0.00092894	1.14782e-08
0.00093823	1.13766e-08
0.000947612	1.12773e-08
0.000957088	1.11811e-08
0.000966659	1.10882e-08
0.000976325	1.09986e-08
0.000986089	1.09119e-08
0.00099595	1.08276e-08
0.00100591	1.07447e-08
0.00101597	1.06626e-08
0.00102613	1.05808e-08
0.00103639	1.04992e-08
0.00104675	1.0418e-08
0.00105722	1.03378e-08
0.00106779	1.02592e-08
0.00107847	1.01823e-08
0.00108926	1.01074e-08
0.00110015	1.00338e-08
0.00111115	9.96107e-09
0.00112226	9.88874e-09
0.00113348	9.8167e-09
0.00114482	9.74528e-09
0.00115627	9.675e-09
0.00116783	9.60612e-09
0.00117951	9.53825e-09
0.0011913	9.47018e-09
0.00120322	9.40037e-09
0.00121525	9.32782e-09
0.0012274	9.25296e-09
0.00123967	9.1778e-09
0.00125207	9.105e-09
0.00126459	9.036e-09
0.00127724	8.96943e-09
0.00129001	8.901e-09
0.00130291	8.8257e-09
0.00131594	8.74155e-09
0.0013291	8.65214e-09
0.00134239	8.56514e-09
0.00135581	8.48686e-09
0.00136937	8.41644e-09
0.00138307	8.34443e-09
0.0013969	8.25903e-09
0.00141086	8.15714e-09
0.00142497	8.04982e-09
0.00143922	7.95432e-09
0.00145362	7.87801e-09
0.00146815	7.80865e-09
0.00148283	7.72255e-09
0.00149766	7.60953e-09
0.00151264	7.48884e-09
0.00152776	7.39153e-09
0.00154304	7.3259e-09
0.00155847	7.26289e-09
0.00157406	7.16446e-09
0.0015898	7.03563e-09
0.0016057	6.92572e-09
0.00162175	6.86651e-09
0.00163797	6.82615e-09
0.00165435	6.7404e-09
0.00167089	6.60871e-09
0.0016876	6.5066e-09
0.00170448	6.47575e-09
0.00172152	6.45483e-09
0.00173874	6.35789e-09
0.00175613	6.22705e-09
0.00177369	6.17116e-09
0.00179142	6.18569e-09
0.00180934	6.14306e-09
0.00182743	6.01303e-09
0.00184571	5.93343e-09
0.00186416	5.95756e-09
0.0018828	5.95448e-09
0.00190163	5.83908e-09
0.00192065	5.74748e-09
0.00193986	5.76853e-09
0.00195925	5.78512e-09
0.00197885	5.6794e-09
0.00199864	5.57522e-09
0.00201862	5.59611e-09
0.00203881	5.61844e-09
0.0020592	5.48621e-09
0.00207979	5.38338e-09
0.00210059	5.42563e-09
0.00212159	5.39263e-09
0.00214281	5.24201e-09
0.00216424	5.18353e-09
0.00218588	5.19107e-09
0.00220774	5.12837e-09
0.00222981	4.97983e-09
0.00225211	4.94144e-09
0.00227463	4.98358e-09
0.00229738	4.81104e-09
0.00232035	4.74635e-09
0.00234356	4.78689e-09
0.00236699	4.68728e-09
0.00239066	4.61067e-09
0.00241457	4.58406e-09
0.00243871	4.63315e-09
0.0024631	4.45965e-09
0.00248773	4.4908e-09
0.00251261	4.51338e-09
0.00253774	4.38277e-09
0.00256311	4.38085e-09
0.00258874	4.39164e-09
0.00261463	4.31253e-09
0.00264078	4.21227e-09
0.00266719	4.32287e-09
0.00269386	4.10823e-09
0.0027208	4.14167e-09
0.002748	4.08473e-09
0.00277548	4.019e-09
0.00280324	3.93968e-09
0.00283127	3.99344e-09
0.00285958	3.83047e-09
0.00288818	3.89083e-09
0.00291706	3.81185e-09
0.00294623	3.79036e-09
0.0029757	3.76772e-09
0.00300545	3.74539e-09
0.00303551	3.68098e-09
0.00306586	3.71793e-09
0.00309652	3.58638e-09
0.00312749	3.62393e-09
0.00315876	3.546e-09
0.00319035	3.44522e-09
0.00322225	3.57524e-09
0.00325447	3.35243e-09
0.00328702	3.40913e-09
0.00331989	3.34775e-09
0.00335309	3.31828e-09
0.00338662	3.36728e-09
0.00342049	3.21717e-09
0.00345469	3.34811e-09
0.00348924	3.19927e-09
0.00352413	3.16964e-09
0.00355937	3.11393e-09
0.00359496	3.09648e-09
0.00363091	3.06944e-09
0.00366722	3.05953e-09
0.0037039	3.00928e-09
0.00374093	2.94126e-09
0.00377834	3.04087e-09
0.00381613	2.91531e-09
0.00385429	2.95938e-09
0.00389283	2.87129e-09
0.00393176	2.87444e-09
0.00397108	2.7494e-09
0.00401079	2.86714e-09
0.0040509	2.77643e-09
0.0040914	2.77221e-09
0.00413232	2.68813e-09
0.00417364	2.76734e-09
0.00421538	2.66682e-09
0.00425753	2.6204e-09
0.00430011	2.56944e-09
0.00434311	2.56009e-09
0.00438654	2.5517e-09
0.0044304	2.50065e-09
0.00447471	2.49197e-09
0.00451946	2.41495e-09
0.00456465	2.49738e-09
0.0046103	2.42778e-09
0.0046564	2.3663e-09
0.00470296	2.35606e-09
0.00474999	2.31378e-09
0.00479749	2.33651e-09
0.00484547	2.31898e-09
0.00489392	2.29131e-09
0.00494286	2.31261e-09
0.00499229	2.23986e-09
0.00504221	2.23952e-09
0.00509264	2.18107e-09
0.00514356	2.15251e-09
0.005195	2.16086e-09
0.00524695	2.09485e-09
0.00529942	2.07333e-09
0.00535241	2.15102e-09
0.00540594	2.08585e-09
0.00546	2.04293e-09
0.0055146	2.01977e-09
0.00556974	2.00669e-09
0.00562544	2.02441e-09
0.00568169	1.96901e-09
0.00573851	1.99581e-09
0.00579589	1.91325e-09
0.00585385	1.89461e-09
0.00591239	1.90425e-09
0.00597152	1.87756e-09
0.00603123	1.82597e-09
0.00609154	1.83058e-09
0.00615246	1.77976e-09
0.00621398	1.82795e-09
0.00627612	1.78403e-09
0.00633888	1.77434e-09
0.00640227	1.76982e-09
0.0064663	1.68178e-09
0.00653096	1.71192e-09
0.00659627	1.68406e-09
0.00666223	1.67006e-09
0.00672885	1.66983e-09
0.00679614	1.61743e-09
0.0068641	1.61205e-09
0.00693275	1.62444e-09
0.00700207	1.68158e-09
0.00707209	1.64077e-09
0.00714281	1.56756e-09
0.00721424	1.55756e-09
0.00728638	1.55436e-09
0.00735925	1.52522e-09
0.00743284	1.46805e-09
0.00750717	1.46522e-09
0.00758224	1.45687e-09
0.00765806	1.42621e-09
0.00773464	1.45683e-09
0.00781199	1.43348e-09
0.00789011	1.39929e-09
0.00796901	1.38708e-09
0.0080487	1.35147e-09
0.00812919	1.39416e-09
0.00821048	1.35493e-09
0.00829259	1.36197e-09
0.00837551	1.31045e-09
0.00845927	1.31218e-09
0.00854386	1.30734e-09
0.0086293	1.32525e-09
0.00871559	1.27473e-09
0.00880275	1.2893e-09
0.00889077	1.27308e-09
0.00897968	1.2425e-09
0.00906948	1.22836e-09
0.00916017	1.21239e-09
0.00925178	1.20295e-09
0.00934429	1.20813e-09
0.00943774	1.17758e-09
0.00953211	1.16404e-09
0.00962743	1.159e-09
0.00972371	1.13721e-09
0.00982095	1.15536e-09
0.00991916	1.11783e-09
0.0100183	1.12863e-09
0.0101185	1.10255e-09
0.0102197	1.11689e-09
0.0103219	1.07394e-09
0.0104251	1.04385e-09
0.0105294	1.05975e-09
0.0106347	1.10153e-09
0.010741	1.04349e-09
0.0108484	1.03879e-09
0.0109569	1.02736e-09
0.0110665	1.0021e-09
0.0111772	1.07386e-09
0.0112889	9.61897e-10
0.0114018	1.00373e-09
0.0115158	9.5613e-10
0.011631	1.00914e-09
0.0117473	9.66563e-10
0.0118648	9.57881e-10
0.0119834	9.04924e-10
0.0121033	9.19165e-10
0.0122243	9.15644e-10
0.0123465	9.18143e-10
0.01247	9.13475e-10
0.0125947	9.09322e-10
0.0127206	8.89702e-10
0.0128478	8.74622e-10
0.0129763	8.49465e-10
0.0131061	8.37711e-10
0.0132372	8.3804e-10
0.0133695	8.19596e-10
0.0135032	8.10918e-10
0.0136383	8.40721e-10
0.0137746	8.23367e-10
0.0139124	8.09475e-10
0.0140515	7.86209e-10
0.014192	7.97029e-10
0.0143339	7.71062e-10
0.0144773	7.66996e-10
0.0146221	7.74926e-10
0.0147683	7.37052e-10
0.014916	7.59953e-10
0.0150651	7.52847e-10
0.0152158	7.2171e-10
0.0153679	7.22539e-10
0.0155216	7.12597e-10
0.0156768	7.2217e-10
0.0158336	6.9674e-10
0.0159919	6.68617e-10
0.0161518	6.68781e-10
0.0163134	6.70575e-10
0.0164765	7.04462e-10
0.0166413	6.78454e-10
0.0168077	6.82994e-10
0.0169757	6.6278e-10
0.0171455	6.58715e-10
0.017317	6.87182e-10
0.0174901	6.2884e-10
0.017665	6.38653e-10
0.0178417	6.27803e-10
0.0180201	6.01745e-10
0.0182003	6.23469e-10
0.0183823	6.01711e-10
0.0185661	5.9608e-10
0.0187518	5.91708e-10
0.0189393	5.81016e-10
0.0191287	6.05281e-10
0.01932	5.86471e-10
0.0195132	5.73116e-10
0.0197083	5.69769e-10
0.0199054	5.61364e-10
0.0201045	5.68728e-10
0.0203055	5.60952e-10
0.0205086	5.47221e-10
0.0207136	5.41629e-10
0.0209208	5.24031e-10
0.02113	5.2933e-10
0.0213413	5.17634e-10
0.0215547	5.03809e-10
0.0217702	5.23532e-10
0.0219879	5.30269e-10
0.0222078	5.16525e-10
0.0224299	5.04352e-10
0.0226542	4.886e-10
0.0228807	5.05728e-10
0.0231095	4.76055e-10
0.0233406	4.65595e-10
0.0235741	4.74175e-10
0.0238098	4.65486e-10
0.0240479	4.9097e-10
0.0242884	4.58479e-10
0.0245313	4.47059e-10
0.0247766	4.48557e-10
0.0250243	4.49336e-10
0.0252746	4.54978e-10
0.0255273	4.45499e-10
0.0257826	4.16667e-10
0.0260404	4.28722e-10
0.0263008	4.47483e-10
0.0265638	4.18369e-10
0.0268295	4.05406e-10
0.0270978	4.11886e-10
0.0273687	4.06352e-10
0.0276424	4.10299e-10
0.0279189	4.02641e-10
0.028198	3.90544e-10
0.02848	3.96295e-10
0.0287648	3.92409e-10
0.0290525	3.85384e-10
0.029343	3.81092e-10
0.0296364	3.94645e-10
0.0299328	3.60885e-10
0.0302321	3.82529e-10
0.0305344	3.75027e-10
0.0308398	3.57467e-10
0.0311482	3.55097e-10
0.0314597	3.43862e-10
0.0317743	3.56041e-10
0.032092	3.50013e-10
0.0324129	3.38882e-10
0.032737	3.36367e-10
0.0330644	3.39457e-10
0.0333951	3.40343e-10
0.033729	3.36172e-10
0.0340663	3.34487e-10
0.034407	3.28336e-10
0.034751	3.22826e-10
0.0350985	3.24327e-10
0.0354495	3.12436e-10
0.035804	3.18133e-10
0.0361621	3.04505e-10
0.0365237	3.15522e-10
0.0368889	3.03315e-10
0.0372578	2.91973e-10
0.0376304	2.90464e-10
0.0380067	2.89033e-10
0.0383868	3.00646e-10
0.0387706	2.91041e-10
0.0391583	2.87864e-10
0.0395499	2.81479e-10
0.0399454	2.81546e-10
0.0403449	2.7135e-10
0.0407483	2.76962e-10
0.0411558	2.73795e-10
0.0415674	2.62858e-10
0.041983	2.60994e-10
0.0424029	2.68275e-10
0.0428269	2.59851e-10
0.0432552	2.68396e-10
0.0436877	2.48444e-10
0.0441246	2.4938e-10
0.0445658	2.5849e-10
0.0450115	2.50479e-10
0.0454616	2.4882e-10
0.0459162	2.4485e-10
0.0463754	2.41177e-10
0.0468391	2.41849e-10
0.0473075	2.32511e-10
0.0477806	2.32303e-10
0.0482584	2.31329e-10
0.048741	2.28536e-10
0.0492284	2.25705e-10
0.0497207	2.23957e-10
0.0502179	2.24608e-10
0.0507201	2.22198e-10
0.0512273	2.31308e-10
0.0517396	2.19931e-10
0.052257	2.11471e-10
0.0527795	2.16012e-10
0.0533073	2.0834e-10
0.0538404	1.97505e-10
0.0543788	1.95837e-10
0.0549226	1.99397e-10
0.0554718	1.99005e-10
0.0560265	1.99957e-10
0.0565868	1.97932e-10
0.0571527	1.93445e-10
0.0577242	1.89739e-10
0.0583014	1.95196e-10
0.0588844	1.87647e-10
0.0594733	1.90635e-10
0.060068	1.87204e-10
0.0606687	1.81622e-10
0.0612754	1.81011e-10
0.0618881	1.7875e-10
0.062507	1.74516e-10
0.0631321	1.75422e-10
0.0637634	1.75026e-10
0.0644011	1.73284e-10
0.0650451	1.75581e-10
0.0656955	1.74582e-10
0.0663525	1.72808e-10
0.067016	1.61961e-10
0.0676862	1.59849e-10
0.068363	1.62044e-10
0.0690466	1.66132e-10
0.0697371	1.57224e-10
0.0704345	1.59648e-10
0.0711388	1.5483e-10
0.0718502	1.56143e-10
0.0725687	1.56121e-10
0.0732944	1.46957e-10
0.0740273	1.50997e-10
0.0747676	1.52899e-10
0.0755153	1.45237e-10
0.0762705	1.48868e-10
0.0770332	1.42152e-10
0.0778035	1.42252e-10
0.0785815	1.41172e-10
0.0793673	1.39965e-10
0.080161	1.43428e-10
0.0809626	1.39448e-10
0.0817722	1.35589e-10
0.08259	1.35153e-10
0.0834159	1.29055e-10
0.08425	1.30196e-10
0.0850925	1.29713e-10
0.0859435	1.26979e-10
0.0868029	1.29659e-10
0.0876709	1.2654e-10
0.0885476	1.28155e-10
0.0894331	1.23087e-10
0.0903274	1.22792e-10
0.0912307	1.23345e-10
0.092143	1.17592e-10
0.0930644	1.20562e-10
0.0939951	1.18967e-10
0.094935	1.17401e-10
0.0958844	1.15384e-10
0.0968432	1.17376e-10
0.0978117	1.1276e-10
0.0987898	1.19576e-10
0.0997777	1.13848e-10
0.100775	1.16191e-10
0.101783	1.06539e-10
0.102801	1.09629e-10
0.103829	1.05944e-10
0.104867	1.05162e-10
0.105916	1.05404e-10
0.106975	1.04017e-10
0.108045	1.03648e-10
0.109125	1.02035e-10
0.110217	9.95323e-11
0.111319	9.94717e-11
0.112432	1.02366e-10
0.113556	1.05918e-10
0.114692	1.00428e-10
0.115839	9.58996e-11
0.116997	9.2569e-11
0.118167	9.15668e-11
0.119349	9.50771e-11
0.120542	9.31194e-11
0.121748	9.21791e-11
0.122965	9.47448e-11
0.124195	8.73219e-11
0.125437	8.90874e-11
0.126691	8.8431e-11
0.127958	9.05232e-11
0.129238	8.52683e-11
0.13053	8.70093e-11
0.131835	8.54725e-11
0.133154	8.24875e-11
0.134485	8.19537e-11
0.13583	8.1958e-11
0.137188	8.02149e-11
0.13856	8.28437e-11
0.139946	7.83373e-11
0.141345	8.00779e-11
0.142759	7.7602e-11
0.144186	8.01453e-11
0.145628	7.57777e-11
0.147085	7.6016e-11
0.148555	7.41648e-11
0.150041	7.36399e-11
0.151541	7.19241e-11
0.153057	7.25061e-11
0.154587	7.19844e-11
0.156133	7.16701e-11
0.157695	7.03985e-11
0.159271	7.08737e-11
0.160864	7.02446e-11
0.162473	6.66741e-11
0.164098	6.95317e-11
0.165739	6.80633e-11
0.167396	6.57611e-11
0.16907	6.48055e-11
0.170761	6.75248e-11
0.172468	6.29246e-11
0.174193	6.25364e-11
0.175935	6.51489e-11
0.177694	6.33165e-11
0.179471	6.3363e-11
0.181266	6.12917e-11
0.183078	6.09161e-11
0.184909	6.04136e-11
0.186758	5.99155e-11
0.188626	5.87655e-11
0.190512	5.90824e-11
0.192417	5.76174e-11
0.194341	5.69821e-11
0.196285	5.67677e-11
0.198248	5.54451e-11
0.20023	5.61904e-11
0.202232	5.51858e-11
0.204255	5.30602e-11
0.206297	5.36455e-11
0.20836	5.41355e-11
0.210444	5.2904e-11
0.212548	5.29079e-11
0.214674	5.25098e-11
0.216821	5.01737e-11
0.218989	5.14406e-11
0.221179	5.13068e-11
0.22339	4.95858e-11
0.225624	4.91327e-11
0.227881	4.78088e-11
0.230159	4.75066e-11
0.232461	4.75693e-11
0.234786	4.77654e-11
0.237134	4.7596e-11
0.239505	4.52115e-11
0.2419	4.54206e-11
0.244319	4.42391e-11
0.246762	4.40063e-11
0.24923	4.52763e-11
0.251722	4.48861e-11
0.254239	4.38622e-11
0.256782	4.32999e-11
0.259349	4.2479e-11
0.261943	4.20476e-11
0.264562	4.15607e-11
0.267208	4.15233e-11
0.26988	4.13366e-11
0.272579	4.1793e-11
0.275305	4.05594e-11
0.278058	4.0611e-11
0.280838	4.04505e-11
0.283647	3.92387e-11
0.286483	3.77298e-11
0.289348	3.98214e-11
0.292241	3.83989e-11
0.295164	3.7463e-11
0.298115	3.74241e-11
0.301097	3.67356e-11
0.304108	3.67602e-11
0.307149	3.59451e-11
0.31022	3.54212e-11
0.313322	3.61018e-11
0.316456	3.58033e-11
0.31962	3.47329e-11
0.322816	3.46479e-11
0.326045	3.38062e-11
0.329305	3.4093e-11
0.332598	3.3525e-11
0.335924	3.24427e-11
0.339283	3.3642e-11
0.342676	3.1683e-11
0.346103	3.19067e-11
0.349564	3.08965e-11
0.353059	3.12403e-11
0.35659	3.08765e-11
0.360156	3.00068e-11
0.363758	3.06928e-11
0.367395	2.9405e-11
0.371069	2.81707e-11
0.37478	2.8715e-11
0.378528	2.94202e-11
0.382313	2.85817e-11
0.386136	2.91735e-11
0.389997	2.90645e-11
0.393897	2.82424e-11
0.397836	2.87408e-11
0.401815	2.69808e-11
0.405833	2.68555e-11
0.409891	2.7137e-11
0.41399	2.69215e-11
0.41813	2.60709e-11
0.422311	2.57539e-11
0.426534	2.57355e-11
0.4308	2.48708e-11
0.435108	2.51281e-11
0.439459	2.56531e-11
0.443853	2.54929e-11
0.448292	2.4363e-11
0.452775	2.52601e-11
0.457303	2.42861e-11
0.461876	2.4235e-11
0.466494	2.35618e-11
0.471159	2.33655e-11
0.475871	2.37966e-11
0.48063	2.2664e-11
0.485436	2.28507e-11
0.49029	2.24821e-11
0.495193	2.22883e-11
0.500145	2.12062e-11
0.505146	2.10217e-11
0.510198	2.19814e-11
0.5153	2.12271e-11
0.520453	2.05659e-11
0.525657	2.13874e-11
0.530914	2.02804e-11
0.536223	2.03713e-11
0.541585	2.02071e-11
0.547001	1.94437e-11
0.552471	1.98116e-11
0.557996	1.97519e-11
0.563576	1.92887e-11
0.569212	1.91978e-11
0.574904	1.8999e-11
0.580653	1.87403e-11
0.586459	1.86907e-11
0.592324	1.85624e-11
0.598247	1.85339e-11
0.60423	1.79943e-11
0.610272	1.78733e-11
0.616375	1.74492e-11
0.622538	1.78435e-11
0.628764	1.76162e-11
0.635051	1.65475e-11
0.641402	1.65499e-11
0.647816	1.65364e-11
0.654294	1.64851e-11
0.660837	1.549e-11
0.667445	1.59494e-11
0.67412	1.56069e-11
0.680861	1.5543e-11
0.68767	1.50085e-11
0.694546	1.52668e-11
0.701492	1.50949e-11
0.708507	1.44687e-11
0.715592	1.42186e-11
0.722748	1.426e-11
0.729975	1.41999e-11
0.735599	1.38582e-11
0.761075	1.30386e-11
0.786415	1.26752e-11
0.811677	1.19371e-11
0.836868	1.1876e-11
0.861995	1.10292e-11
0.886817	1.12016e-11
0.912154	1.06572e-11
0.936806	1.00956e-11
0.961955	9.9324e-12
0.986829	1.02042e-11
1.01145	9.82116e-12
1.03618	9.46032e-12
1.06068	8.98702e-12
1.08529	8.91354e-12
1.10968	9.06318e-12
1.13419	8.64999e-12
1.15849	8.3135e-12
1.18259	7.99062e-12
1.20652	7.76272e-12
1.23056	8.1775e-12
1.25444	7.57005e-12
1.27787	7.79384e-12
1.30143	7.55447e-12
1.32512	7.33432e-12
1.34839	7.19954e-12
1.3718	7.27794e-12
1.39481	6.91564e-12
1.41796	7.14358e-12
1.44074	6.76157e-12
1.46365	6.56846e-12
1.48646	6.34838e-12
1.50893	6.51818e-12
1.53153	6.38766e-12
1.55404	6.13745e-12
1.57623	6.08268e-12
1.59856	6.20356e-12
1.62081	5.99419e-12
1.64298	5.89505e-12
1.66485	5.87784e-12
1.68687	5.76517e-12
1.7086	5.70785e-12
1.73048	5.6108e-12
1.75209	5.48936e-12
1.77384	5.53412e-12
1.79533	5.50122e-12
1.81676	5.29392e-12
1.83833	5.29337e-12
1.85966	5.18554e-12
1.88094	5.01717e-12
1.90216	4.99145e-12
1.92335	5.13062e-12
1.94448	4.72061e-12
1.96558	4.86719e-12
1.98663	4.73503e-12
2.00746	4.78039e-12
2.02826	4.65557e-12
2.04919	4.9351e-12
2.06992	4.63718e-12
2.09079	4.59705e-12
2.11145	4.50026e-12
2.13208	4.51218e-12
2.15268	4.42859e-12
2.17325	4.48649e-12
2.19363	4.47643e-12
2.21415	4.47432e-12
2.23464	4.20361e-12
2.25494	4.3302e-12
2.27522	4.1584e-12
2.29564	4.14118e-12
2.31588	4.09419e-12
2.3361	4.123e-12
2.3563	4.10943e-12
2.37632	4.11561e-12
2.39634	4.12856e-12
2.41648	4.01341e-12
2.43646	3.89945e-12
2.45642	3.89283e-12
2.47637	3.89719e-12
2.4963	3.7915e-12
2.51622	3.75631e-12
2.53612	3.79636e-12
2.55587	3.73989e-12
2.57575	3.73776e-12
2.59548	3.80904e-12
2.6152	3.52726e-12
2.6349	3.65132e-12
2.6546	3.54271e-12
2.67429	3.55326e-12
2.69383	3.56372e-12
2.7139	3.44462e-12
2.73249	3.46468e-12
2.75228	3.52906e-12
2.77193	3.44023e-12
2.79143	3.48692e-12
2.8108	3.46079e-12
2.83004	3.36076e-12
2.85042	3.34097e-12
2.8694	3.31754e-12
2.88825	3.2476e-12
2.90822	3.34465e-12
2.92681	3.44543e-12
2.94652	3.19462e-12
2.9661	3.19937e-12
2.98555	3.16128e-12
3.00367	3.18251e-12
3.02288	3.10848e-12
3.04316	3.20957e-12
3.06212	3.06563e-12
3.08096	3.05641e-12
3.09969	3.01034e-12
3.11947	3.05188e-12
3.13797	3.0863e-12
3.1575	2.97494e-12
3.17692	2.98504e-12
3.19509	2.97858e-12
3.21428	2.96369e-12
3.23335	3.04843e-12
3.25232	2.93173e-12
3.27117	2.80848e-12
3.28992	2.84479e-12
3.30965	2.8638e-12
3.32818	2.79692e-12
3.34661	2.84277e-12
3.36601	2.8348e-12
3.38423	2.81679e-12
3.40342	2.83197e-12
3.42249	2.76058e-12
3.44147	2.79577e-12
3.46034	2.75439e-12
3.4791	2.7954e-12
3.49777	2.68538e-12
3.51634	2.75975e-12
3.53481	2.79068e-12
3.5542	2.67621e-12
3.57247	2.72207e-12
3.59166	2.61992e-12
3.60974	2.64807e-12
3.62873	2.60612e-12
3.64763	2.62327e-12
3.66642	2.59848e-12
3.68512	2.58177e-12
3.70372	2.68949e-12
3.72223	2.54709e-12
3.74065	2.59303e-12
3.75898	2.57338e-12
3.77722	2.49675e-12
3.79633	2.53432e-12
3.81439	2.44865e-12
3.83331	2.46193e-12
3.85214	2.51425e-12
3.87088	2.57817e-12
3.88859	2.45452e-12
3.90715	2.47603e-12
3.92563	2.46381e-12
3.94493	2.33742e-12
3.96323	2.47641e-12
3.98144	2.37066e-12
4.00048	2.38859e-12
4.01852	2.35631e-12
4.03738	2.37979e-12
4.05526	2.36771e-12
4.07395	2.38166e-12
4.09256	2.36298e-12
4.11108	2.28528e-12
4.12952	2.37035e-12
4.14787	2.36494e-12
4.16615	2.28063e-12
4.18434	2.39492e-12
4.20246	2.2287e-12
4.22135	2.28605e-12
4.23931	2.25826e-12
4.25804	2.2795e-12
4.27669	2.22678e-12
4.29442	2.26569e-12
4.31291	2.21929e-12
4.33132	2.2511e-12
4.34966	2.16981e-12
4.36792	2.2117e-12
4.3861	2.14667e-12
4.40503	2.21135e-12
4.42306	2.17361e-12
4.44102	2.18476e-12
4.45971	2.09824e-12
4.47752	2.24423e-12
4.49607	2.22388e-12
4.51453	2.09815e-12
4.53293	2.1395e-12
4.55124	2.09748e-12
4.56949	2.18167e-12
4.58766	2.05864e-12
4.60576	2.03351e-12
4.62379	2.01519e-12
4.64253	2.08717e-12
4.66042	2.10745e-12
4.67901	2.02282e-12
4.69753	2.06334e-12
4.71521	2.05887e-12
4.73358	2.05273e-12
4.75189	1.96312e-12
4.77012	2.03823e-12
4.78829	1.97999e-12
4.80639	1.98148e-12
4.82517	1.97487e-12
4.84313	2.03831e-12
4.86102	2.04289e-12
4.87959	1.97656e-12
4.89735	1.95333e-12
4.91578	1.92936e-12
4.93415	1.97928e-12
4.95244	1.967e-12
4.97067	1.90604e-12
4.98883	1.91774e-12
5.00692	1.93329e-12
5.02495	1.915e-12
5.04364	1.91343e-12
5.06154	1.92359e-12
5.08008	1.85717e-12
5.09786	1.90333e-12
5.11627	1.88753e-12
5.13462	1.92998e-12
5.15221	1.84167e-12
5.17043	1.88786e-12
5.18929	1.88988e-12
5.20738	1.87011e-12
5.22541	1.83302e-12
5.24338	1.86331e-12
5.26197	1.85211e-12
5.27982	1.8159e-12
5.29828	1.86951e-12
5.31601	1.82299e-12
5.33435	1.82413e-12
5.35263	1.7986e-12
5.37084	1.8078e-12
5.389	1.80069e-12
5.40709	1.82963e-12
5.42513	1.82459e-12
5.44376	1.78838e-12
5.46168	1.76632e-12
5.47953	1.75911e-12
5.49799	1.8108e-12
5.51638	1.75946e-12
5.53471	1.78931e-12
5.55233	1.79033e-12
5.57054	1.73692e-12
5.58869	1.72338e-12
5.60743	1.73691e-12
5.62547	1.70582e-12
5.64345	1.77501e-12
5.66201	1.69285e-12
5.67987	1.73042e-12
5.69831	1.70286e-12
5.71669	1.77942e-12
5.73438	1.7237e-12
5.75264	1.63778e-12
5.77085	1.73982e-12
5.789	1.67781e-12
5.8071	1.67828e-12
5.82575	1.66218e-12
5.84373	1.69738e-12
5.86227	1.70567e-12
5.88014	1.6877e-12
5.89857	1.63886e-12
5.91633	1.70536e-12
5.93464	1.60405e-12
5.9529	1.65499e-12
5.97111	1.62725e-12
5.98925	1.58018e-12
6.00795	1.64438e-12
6.02598	1.7315e-12
6.04397	1.65632e-12
6.06249	1.61368e-12
6.08096	1.66285e-12
6.09878	1.58276e-12
6.11714	1.59056e-12
6.13545	1.58693e-12
6.1537	1.57678e-12
6.1719	1.63873e-12
6.19004	1.58946e-12
6.20871	1.60089e-12
6.22675	1.57509e-12
6.24473	1.54885e-12
6.26324	1.59154e-12
6.2817	1.60638e-12
6.29952	1.54e-12
6.31787	1.56162e-12
6.33617	1.60797e-12
6.35441	1.56114e-12
6.37317	1.56135e-12
6.39131	1.6172e-12
6.4094	1.55044e-12
6.42799	1.55713e-12
6.44598	1.50847e-12
6.46447	1.53343e-12
6.48291	1.54058e-12
6.5013	1.57066e-12
6.51964	1.50824e-12
6.53792	1.51055e-12
6.55615	1.48171e-12
6.57434	1.52803e-12
6.59247	1.54433e-12
6.6111	1.48311e-12
6.62913	1.48541e-12
6.64766	1.50356e-12
6.66614	1.50829e-12
6.68456	1.48653e-12
6.70294	1.51612e-12
6.72126	1.52804e-12
6.73954	1.47467e-12
6.75776	1.46054e-12
6.77647	1.5092e-12
6.7946	1.45205e-12
6.81321	1.45882e-12
6.83176	1.45253e-12
6.84974	1.45846e-12
6.8682	1.44436e-12
6.88661	1.46623e-12
6.90497	1.4314e-12
6.92329	1.43771e-12
6.94207	1.4265e-12
6.96029	1.46039e-12
6.97897	1.40416e-12
6.99709	1.44618e-12
7.01568	1.45543e-12
7.03422	1.41403e-12
7.05271	1.38727e-12
7.07115	1.42923e-12
7.08954	1.41725e-12
7.10789	1.43435e-12
7.12669	1.41273e-12
7.14494	1.44602e-12
7.16365	1.39154e-12
7.18181	1.40395e-12
7.20042	1.41752e-12
7.21898	1.35842e-12
7.2375	1.40417e-12
7.25597	1.40317e-12
7.27439	1.38541e-12
7.29327	1.38712e-12
7.3116	1.34257e-12
7.33037	1.35921e-12
7.3491	1.38394e-12
7.36729	1.34854e-12
7.38593	1.38974e-12
7.40452	1.40782e-12
7.42306	1.3998e-12
7.44204	1.34166e-12
7.46049	1.37097e-12
7.47889	1.41793e-12
7.49773	1.34793e-12
7.51604	1.31221e-12
7.53479	1.30548e-12
7.55349	1.36485e-12
7.57215	1.29171e-12
7.59076	1.34936e-12
7.60932	1.32302e-12
7.62831	1.31876e-12
7.64678	1.33103e-12
7.66521	1.32598e-12
7.68407	1.33971e-12
7.70287	1.30968e-12
7.72164	1.31234e-12
7.74035	1.31648e-12
7.75902	1.35029e-12
7.77765	1.32351e-12
7.79623	1.28519e-12
7.81524	1.28242e-12
7.83373	1.28331e-12
7.85264	1.32711e-12
7.8715	1.31032e-12
7.88987	1.3403e-12
7.90864	1.27387e-12
7.92783	1.25247e-12
7.94652	1.28637e-12
7.96516	1.31178e-12
7.98421	1.25871e-12
8.00277	1.29667e-12
8.02173	1.29097e-12
8.04065	1.37061e-12
8.05907	1.25613e-12
8.0779	1.29869e-12
8.09714	1.25789e-12
8.11588	1.21889e-12
8.13458	1.25088e-12
8.15368	1.23809e-12
8.17229	1.29725e-12
8.1913	1.22589e-12
8.21027	1.26287e-12
8.22919	1.30757e-12
8.24807	1.25006e-12
8.26691	1.26764e-12
8.28571	1.21009e-12
8.3049	1.21618e-12
8.3236	1.25693e-12
8.34271	1.23955e-12
8.36176	1.22194e-12
8.38078	1.23142e-12
8.39975	1.29234e-12
8.41868	1.24709e-12
8.43756	1.22904e-12
8.45683	1.22901e-12
8.47563	1.22016e-12
8.49482	1.22981e-12
8.51438	1.19062e-12
8.53136	1.19767e-12
8.55254	1.22992e-12
8.56944	1.22721e-12
8.59052	1.22941e-12
8.60735	1.17831e-12
8.62834	1.19994e-12
8.64927	1.19967e-12
8.66599	1.20103e-12
8.68683	1.25628e-12
8.70348	1.15656e-12
8.72423	1.25288e-12
8.74494	1.209e-12
8.76147	1.17451e-12
8.78209	1.18191e-12
8.79855	1.16456e-12
8.81909	1.15737e-12
8.83957	1.19366e-12
8.86001	1.17839e-12
8.87633	1.12576e-12
8.89668	1.17377e-12
8.91699	1.17957e-12
8.9332	1.16437e-12
8.95343	1.2019e-12
8.97361	1.15784e-12
8.99374	1.18331e-12
9.01383	1.17817e-12
9.02987	1.17045e-12
9.04988	1.15682e-12
9.06984	1.16791e-12
9.08976	1.1187e-12
9.10964	1.12526e-12
9.12947	1.14937e-12
9.14926	1.13935e-12
9.16506	1.16833e-12
9.18478	1.13803e-12
9.20445	1.19386e-12
9.22408	1.17131e-12
9.24367	1.13805e-12
9.26321	1.12596e-12
9.28272	1.1393e-12
9.30218	1.14768e-12
9.32161	1.11915e-12
9.34099	1.10566e-12
9.36034	1.12469e-12
9.37964	1.16394e-12
9.3989	1.12351e-12
9.41813	1.09112e-12
9.43731	1.11234e-12
9.46029	1.14703e-12
9.47939	1.11976e-12
9.49845	1.0991e-12
9.51747	1.11674e-12
9.53646	1.12105e-12
9.5554	1.0842e-12
9.57431	1.07691e-12
9.59696	1.11116e-12
9.61579	1.10451e-12
9.63458	1.10093e-12
9.65333	1.14627e-12
9.67579	1.09416e-12
9.69447	1.12106e-12
9.71311	1.08093e-12
9.73171	1.08545e-12
9.75399	1.09582e-12
9.77252	1.12798e-12
9.79101	1.08221e-12
9.81315	1.11797e-12
9.83156	1.05824e-12
9.84994	1.05806e-12
9.87196	1.10227e-12
9.89026	1.07576e-12
9.91218	1.09474e-12
9.93041	1.06913e-12
9.94861	1.07756e-12
9.9704	1.08406e-12
9.98853	1.05123e-12
10.0102	1.10877e-12
10.0283	1.07357e-12
10.0499	1.04922e-12
10.0679	1.06386e-12
10.0894	1.08212e-12
10.1109	1.0782e-12
10.1288	1.02879e-12
10.1502	1.04712e-12
10.168	1.08523e-12
10.1893	1.05029e-12
10.2106	1.04388e-12
10.2283	1.04424e-12
10.2495	1.06113e-12
10.2707	1.04969e-12
10.2883	1.06099e-12
10.3093	9.90768e-13
10.3304	1.04992e-12
10.3479	1.05671e-12
10.3688	1.04732e-12
10.3897	1.03508e-12
10.4106	1.04231e-12
10.4279	1.01251e-12
10.4487	1.04861e-12
10.4695	1.04968e-12
10.4902	1.05738e-12
10.5109	1.01563e-12
10.5315	1.04541e-12
10.5521	1.06107e-12
10.5692	1.02127e-12
10.5897	1.00078e-12
10.6102	1.02498e-12
10.6307	1.03768e-12
10.651	1.03447e-12
10.6714	1.00206e-12
10.6917	9.81002e-13
10.712	1.02668e-12
10.7323	9.85217e-13
10.7525	1.03905e-12
10.7726	9.93833e-13
10.7928	1.01368e-12
10.8128	1.01114e-12
10.8363	9.89624e-13
10.8555	1.01585e-12
10.8747	1.01855e-12
10.8972	1.00164e-12
10.9163	1.02409e-12
10.9386	1.0155e-12
10.9609	1.00231e-12
10.9831	1.02616e-12
11.002	1.01548e-12
11.0241	1.03033e-12
11.0461	9.85487e-13
11.0682	9.93398e-13
11.0902	1.02914e-12
11.1121	9.91909e-13
11.1341	1.00812e-12
11.1559	1.02505e-12
11.1777	1.01263e-12
11.1995	9.92732e-13
11.2212	9.93988e-13
11.2462	9.93116e-13
11.2678	9.64075e-13
11.2894	1.01149e-12
11.3142	9.87307e-13
11.3357	1.0196e-12
11.3603	1.02022e-12
11.3817	1.01969e-12
11.4063	1.00209e-12
11.4276	9.93145e-13
11.4521	9.90143e-13
11.4764	9.87493e-13
11.4977	9.90234e-13
11.5219	9.74189e-13
11.5462	9.7337e-13
11.5703	9.72639e-13
11.5945	9.99971e-13
11.6186	9.99262e-13
11.6426	1.0131e-12
11.6666	9.59769e-13
11.6905	9.84808e-13
11.7144	1.00794e-12
11.7382	1.00169e-12
11.762	9.77528e-13
11.7888	9.7308e-13
11.8124	9.99416e-13
11.836	9.73765e-13
11.8627	9.64875e-13
11.8862	9.75958e-13
11.9127	9.60274e-13
11.9361	9.47693e-13
11.9625	1.00969e-12
11.9858	9.69157e-13
12.0121	1.00074e-12
12.0383	9.80455e-13
12.0645	9.63623e-13
12.0877	9.9029e-13
12.1137	9.61625e-13
12.1397	9.56795e-13
12.1656	9.62705e-13
12.1915	9.62572e-13
12.2174	9.54599e-13
12.2431	9.8591e-13
12.2689	9.72826e-13
12.2975	9.32881e-13
12.3231	9.69777e-13
12.3487	9.43026e-13
12.3742	1.00479e-12
12.4026	9.74894e-13
12.428	9.71942e-13
12.4562	9.52414e-13
12.4815	9.46068e-13
12.5095	9.76822e-13
12.5348	9.7762e-13
12.5628	9.54335e-13
12.5879	9.6001e-13
12.6158	9.39965e-13
12.6436	9.52519e-13
12.6714	9.5041e-13
12.699	9.40261e-13
12.7267	9.82754e-13
12.7543	9.67088e-13
12.7819	9.69598e-13
12.8093	9.61473e-13
12.8368	9.27351e-13
12.8641	9.48837e-13
12.8915	9.24604e-13
12.9187	9.30529e-13
12.9487	9.56415e-13
12.9758	9.76016e-13
13.0057	9.43376e-13
13.0328	9.16488e-13
13.0625	9.63537e-13
13.0895	9.51211e-13
13.1191	9.23982e-13
13.1459	9.38888e-13
13.1755	9.55134e-13
13.2049	9.39133e-13
13.2343	9.65951e-13
13.2637	9.09818e-13
13.2902	9.33727e-13
13.3195	9.25861e-13
13.3486	9.40976e-13
13.3804	9.405e-13
13.4095	8.9377e-13
13.4384	9.39975e-13
13.4674	9.31765e-13
13.4963	9.04341e-13
13.5277	9.31063e-13
13.5565	9.72e-13
13.5878	9.33001e-13
13.6164	9.40505e-13
13.6477	9.26093e-13
13.6762	9.06637e-13
13.7073	9.65294e-13
13.7384	9.13741e-13
13.7693	9.49365e-13
13.7976	9.66693e-13
13.8284	9.35033e-13
13.8593	9.10023e-13
13.8899	9.17835e-13
13.9232	9.36258e-13
13.9537	9.1668e-13
13.9843	9.41774e-13
14.0147	9.16725e-13
14.0451	8.97062e-13
14.078	9.02741e-13
14.1083	9.42991e-13
14.141	9.12505e-13
14.1711	9.2753e-13
14.2038	9.14042e-13
14.2363	9.37913e-13
14.2688	9.28554e-13
14.2987	9.29111e-13
14.331	9.27475e-13
14.3632	8.93592e-13
14.3954	8.90129e-13
14.4276	9.10504e-13
14.4621	9.21946e-13
14.4941	8.83169e-13
14.526	8.9974e-13
14.5578	9.15511e-13
14.5921	9.02447e-13
14.6238	8.918e-13
14.6579	9.08491e-13
14.6895	9.00136e-13
14.7234	9.00756e-13
14.7573	8.80669e-13
14.791	8.8694e-13
14.8248	8.98545e-13
14.856	9.18419e-13
14.8896	9.11559e-13
14.9255	9.03025e-13
14.9589	8.93704e-13
14.9922	8.71945e-13
15.0256	9.06963e-13
15.0611	8.89902e-13
15.0942	8.99043e-13
15.1297	9.10136e-13
15.1626	8.91061e-13
15.1979	9.18636e-13
15.2331	8.94811e-13
15.2659	8.81864e-13
15.3009	8.7705e-13
15.3358	8.81526e-13
15.3707	9.06493e-13
15.4078	9.05504e-13
15.4425	9.00756e-13
15.4771	8.84545e-13
15.5117	8.87641e-13
15.5485	8.75953e-13
15.5829	8.75485e-13
15.6195	9.09005e-13
15.6537	8.59892e-13
15.6902	9.05589e-13
15.7265	8.97963e-13
15.7628	8.88011e-13
15.799	8.83359e-13
15.8351	8.70854e-13
15.8711	8.69473e-13
15.9071	8.93099e-13
15.9452	8.90986e-13
15.981	8.94076e-13
16.0189	8.57539e-13
16.0545	8.84463e-13
16.0923	9.05938e-13
16.1278	8.62989e-13
16.1653	8.89431e-13
16.2028	8.64736e-13
16.2403	9.12518e-13
16.2775	8.62497e-13
16.3148	8.69624e-13
16.3542	8.72527e-13
16.3912	8.86099e-13
16.4281	8.57341e-13
16.4673	8.87773e-13
16.5062	8.6173e-13
16.5429	8.54132e-13
16.5818	8.73205e-13
16.6205	8.91374e-13
16.659	8.91906e-13
16.6976	8.77473e-13
16.736	8.70854e-13
16.7744	8.53289e-13
16.8148	8.65282e-13
16.8529	8.49618e-13
16.8931	8.72211e-13
16.9311	8.68671e-13
16.9711	8.70375e-13
17.011	8.6954e-13
17.0508	8.42731e-13
17.0907	8.44634e-13
17.1302	8.58318e-13
17.1698	8.82495e-13
17.2092	8.57406e-13
17.2507	8.43016e-13
17.2899	8.77042e-13
17.3311	8.46858e-13
17.3702	8.69099e-13
17.4112	8.41446e-13
17.4522	8.40657e-13
17.4931	8.52208e-13
17.5339	8.71175e-13
17.5765	8.6438e-13
17.617	8.57436e-13
17.6575	8.31252e-13
17.6999	8.76349e-13
17.7403	8.52137e-13
17.7824	8.67078e-13
17.8245	8.55093e-13
17.8665	8.60129e-13
17.9084	8.40276e-13
17.9501	8.25315e-13
17.9938	8.59312e-13
18.0354	8.33493e-13
18.0789	8.40538e-13
18.1203	8.47323e-13
18.1635	8.48119e-13
18.2067	8.49288e-13
18.2497	8.19571e-13
18.2927	8.45723e-13
18.3356	8.56412e-13
18.3783	8.27561e-13
18.423	8.32309e-13
18.4656	8.25236e-13
18.51	8.29412e-13
18.5542	8.41754e-13
18.5965	8.41533e-13
18.6406	8.39524e-13
18.6864	8.21512e-13
18.7303	8.13058e-13
18.774	8.19199e-13
18.8195	8.19474e-13
18.863	8.22231e-13
18.9084	8.17793e-13
18.9536	8.41327e-13
18.9987	8.1487e-13
19.0437	8.35498e-13
19.0886	8.43291e-13
19.1353	8.26811e-13
19.18	8.30457e-13
19.2264	8.27492e-13
19.2728	8.40751e-13
19.3171	8.30521e-13
19.3633	8.39845e-13
19.4111	8.51651e-13
19.457	8.27003e-13
19.5027	8.19196e-13
19.5502	8.04562e-13
19.5976	8.0492e-13
19.643	8.21807e-13
19.6902	8.11821e-13
19.7372	8.30074e-13
19.786	8.39394e-13
19.8327	8.09695e-13
19.8812	8.30651e-13
19.9278	8.33769e-13
19.9761	8.3444e-13
20.0243	8.16733e-13
20.0723	8.22192e-13
20.1202	8.03407e-13
20.1679	7.9775e-13
20.2174	8.30696e-13
20.265	8.26015e-13
20.3142	8.02809e-13
20.3633	8.18187e-13
20.4123	8.05793e-13
20.4612	7.96888e-13
20.5116	8.08713e-13
20.5602	8.01384e-13
20.6105	7.9983e-13
20.6606	8.06568e-13
20.7106	8.07624e-13
20.7605	8.48416e-13
20.8102	8.31382e-13
20.8615	8.20756e-13
20.911	8.22854e-13
20.9622	8.18918e-13
21.0132	7.84024e-13
21.0639	8.14808e-13
21.1147	7.94195e-13
21.167	7.85855e-13
21.2174	8.02819e-13
21.2695	7.96599e-13
21.3215	7.96703e-13
21.3731	7.65619e-13
21.4248	7.79872e-13
21.4763	7.97876e-13
21.5294	8.099e-13
21.5824	7.99282e-13
21.6351	7.90212e-13
21.6878	7.99897e-13
21.7403	7.74056e-13
21.7928	7.81808e-13
21.8467	8.05606e-13
21.8988	7.86017e-13
21.9525	7.8174e-13
22.0077	7.78511e-13
22.0611	8.07902e-13
22.1142	7.97619e-13
22.169	7.94168e-13
22.2237	7.93006e-13
22.2782	7.67212e-13
22.3325	8.04397e-13
22.3866	7.96933e-13
22.4423	7.78395e-13
22.4963	8.30398e-13
22.5517	7.75123e-13
22.6086	7.62898e-13
22.6636	7.97779e-13
22.7186	7.73595e-13
22.7751	7.93899e-13
22.8314	7.88811e-13
22.8874	7.80256e-13
22.9434	7.83351e-13
23.0009	7.83542e-13
23.0567	7.96949e-13
23.1137	7.69897e-13
23.1707	7.82608e-13
23.2276	7.76631e-13
23.2858	7.74044e-13
23.3425	7.94292e-13
23.4003	7.81523e-13
23.4582	7.75298e-13
23.5159	7.66213e-13
23.5749	7.82041e-13
23.6338	7.9433e-13
23.691	7.81811e-13
23.7511	7.66572e-13
23.8096	8.10932e-13
23.8678	7.63937e-13
23.9276	7.60664e-13
23.9871	7.73787e-13
24.0465	7.69722e-13
24.1056	7.86595e-13
24.1661	7.7179e-13
24.2266	7.89824e-13
24.2869	7.97562e-13
24.3468	7.63294e-13
24.4083	7.74129e-13
24.4681	7.89137e-13
24.5293	7.70567e-13
24.5902	7.77532e-13
24.6524	7.74381e-13
24.713	7.65452e-13
24.775	7.79998e-13
24.8368	7.84746e-13
24.8998	7.85325e-13
24.9613	7.5623e-13
25.024	7.743e-13
25.0866	7.79982e-13
25.1489	7.55142e-13
25.2127	7.7616e-13
25.2763	7.50718e-13
25.3383	7.61492e-13
25.4027	7.53855e-13
25.4658	7.5796e-13
25.5302	7.82539e-13
25.5944	7.37608e-13
25.6583	7.65361e-13
25.7234	7.68656e-13
25.7885	7.63488e-13
25.8534	7.55447e-13
25.9181	7.45838e-13
25.9825	7.7474e-13
26.0483	7.5246e-13
26.1139	7.40688e-13
26.1808	7.54973e-13
26.2459	7.78512e-13
26.3124	7.45505e-13
26.3787	7.4949e-13
26.4462	7.4311e-13
26.5121	7.71938e-13
26.5792	7.56194e-13
26.6462	7.51255e-13
26.7143	7.67364e-13
26.7808	7.67915e-13
26.8472	7.69795e-13
26.9136	7.69804e-13
26.9797	7.34311e-13
27.0587	7.27046e-13
27.1245	7.39759e-13
27.1902	7.49323e-13
27.2557	7.33119e-13
27.334	7.38555e-13
27.399	7.45889e-13
27.464	7.47968e-13
27.5417	7.11487e-13
27.6064	7.48401e-13
27.6836	7.4735e-13
27.7479	7.48741e-13
27.8249	7.32391e-13
27.8888	7.37769e-13
27.9654	7.43179e-13
28.029	7.65995e-13
28.1052	7.25875e-13
28.1812	7.4494e-13
28.2442	7.35961e-13
28.3198	7.35562e-13
28.3953	7.36584e-13
28.4705	7.54236e-13
28.5453	7.6314e-13
28.6077	7.21728e-13
28.6823	7.51683e-13
28.7568	7.16551e-13
28.8311	7.22543e-13
28.905	7.13074e-13
28.9789	7.46109e-13
29.0526	7.5123e-13
29.1262	7.2196e-13
29.2115	7.20427e-13
29.2846	7.31697e-13
29.3575	7.19741e-13
29.4303	7.42563e-13
29.5027	7.4234e-13
29.5872	7.15938e-13
29.6594	7.3343e-13
29.7314	7.34332e-13
29.815	7.10582e-13
29.8866	7.46116e-13
29.97	7.32737e-13
30.0413	7.40788e-13
30.124	7.40822e-13
30.1949	7.04824e-13
30.2774	7.32363e-13
30.3598	7.06699e-13
30.4299	7.06043e-13
30.5118	7.24052e-13
30.5934	7.29168e-13
30.6748	7.13028e-13
30.7561	7.33046e-13
30.8254	7.07415e-13
30.9062	7.15755e-13
30.9868	7.20272e-13
31.0672	7.2265e-13
31.1472	6.99481e-13
31.2387	7.17026e-13
31.3184	7.02407e-13
31.3979	7.29894e-13
31.4771	7.05483e-13
31.5562	7.33251e-13
31.6464	7.24321e-13
31.7252	7.11985e-13
31.8036	7.00734e-13
31.8931	7.39869e-13
31.9712	7.08853e-13
32.0602	7.18483e-13
32.1379	6.99874e-13
32.2264	7.05398e-13
32.3036	7.34684e-13
32.3918	7.29767e-13
32.4796	7.34056e-13
32.5671	7.00292e-13
32.6436	6.88035e-13
32.7308	7.24731e-13
32.8178	6.89417e-13
32.9043	7.14197e-13
32.9908	7.25316e-13
33.0771	7.07462e-13
33.1633	7.09629e-13
33.2491	6.98663e-13
33.3345	7.05206e-13
33.4306	6.94627e-13
33.5157	6.86036e-13
33.6006	7.04697e-13
33.6958	6.81585e-13
33.7803	7.01266e-13
33.8645	6.96556e-13
33.9591	6.90775e-13
34.0427	7.20224e-13
34.1368	7.12008e-13
34.2307	7.24051e-13
34.3138	6.97943e-13
34.4069	7.07335e-13
34.5	7.09629e-13
34.5928	6.89934e-13
34.6854	6.83939e-13
34.7775	6.98901e-13
34.8696	7.07638e-13
34.9614	6.85679e-13
35.053	6.86106e-13
35.1441	6.95173e-13
35.2353	6.79741e-13
35.3262	6.70536e-13
35.4269	6.84524e-13
35.517	6.79147e-13
35.6072	7.10823e-13
35.7071	6.83848e-13
35.7968	6.86112e-13
35.896	6.9496e-13
35.9951	7.06856e-13
36.084	7.07319e-13
36.1826	6.86095e-13
36.2807	6.89058e-13
36.3789	6.84877e-13
36.4766	6.80077e-13
36.5742	6.78451e-13
36.6712	7.16022e-13
36.7682	6.89848e-13
36.865	6.77971e-13
36.9613	6.7907e-13
37.0575	6.99672e-13
37.1631	6.99118e-13
37.2588	6.94662e-13
37.3542	6.99117e-13
37.4589	7.05027e-13
37.5539	7.13058e-13
37.658	7.0783e-13
37.7617	6.71611e-13
37.856	6.90415e-13
37.9594	6.81103e-13
38.0622	6.86032e-13
38.165	6.7285e-13
38.2675	7.08562e-13
38.3697	6.85438e-13
38.4716	6.88961e-13
38.5733	6.94186e-13
38.6839	7.10343e-13
38.7848	6.82856e-13
38.8857	6.66059e-13
38.9956	6.73165e-13
39.0957	6.83177e-13
39.2048	6.64137e-13
39.3046	6.78247e-13
39.4132	7.15605e-13
39.5213	6.70869e-13
39.6293	7.13973e-13
39.737	6.86072e-13
39.8442	6.72292e-13
39.9513	6.75869e-13
40.0582	6.68385e-13
40.1645	6.7908e-13
40.2707	6.70672e-13
40.3855	6.82819e-13
40.4912	6.79896e-13
40.6053	6.66365e-13
40.7104	6.71692e-13
40.8239	6.698e-13
40.9282	6.65824e-13
41.0413	6.61435e-13
41.1539	6.75783e-13
41.266	6.62655e-13
41.378	6.6072e-13
41.4897	6.67051e-13
41.601	6.88467e-13
41.7122	6.94831e-13
41.8315	6.53804e-13
41.9418	6.54425e-13
42.052	6.69527e-13
42.1705	6.65388e-13
42.2883	6.7733e-13
42.3976	6.86604e-13
42.515	6.66501e-13
42.6318	6.61383e-13
42.7487	6.68635e-13
42.8652	6.48176e-13
42.981	6.7574e-13
43.0969	6.6568e-13
43.2125	6.58877e-13
43.3357	6.7669e-13
43.4505	6.53909e-13
43.5733	6.73503e-13
43.6873	6.57207e-13
43.8095	6.57633e-13
43.9309	6.703e-13
44.0523	6.58373e-13
44.1653	6.63983e-13
44.286	6.48134e-13
44.4144	6.69695e-13
44.5345	6.97072e-13
44.654	6.64245e-13
44.7735	6.63415e-13
44.9003	6.78079e-13
45.0191	6.72044e-13
45.1454	6.58339e-13
45.2712	6.50459e-13
45.397	6.44613e-13
45.522	6.50516e-13
45.647	6.3463e-13
45.7716	6.45537e-13
45.8957	6.37809e-13
46.0197	6.41179e-13
46.1507	6.47704e-13
46.274	6.44921e-13
46.4047	6.44578e-13
46.527	6.49891e-13
46.6569	6.4493e-13
46.7862	6.43643e-13
46.9155	6.25932e-13
47.044	6.37361e-13
47.1725	6.72424e-13
47.3081	6.23133e-13
47.4357	6.44752e-13
47.5631	6.44536e-13
47.6974	6.56644e-13
47.8317	6.25395e-13
47.9577	6.41107e-13
48.0911	6.3476e-13
48.2239	6.4553e-13
48.3568	6.58033e-13
48.4961	6.47172e-13
48.6281	6.59102e-13
48.7594	6.50486e-13
48.898	6.5422e-13
49.0362	6.29324e-13
49.1663	6.42377e-13
49.3038	6.36401e-13
49.4406	6.21562e-13
49.5771	6.34874e-13
49.7131	6.42424e-13
49.8562	6.68118e-13
49.9914	6.52789e-13
50.1336	6.31742e-13
50.2682	6.26462e-13
50.4093	6.3302e-13
50.5503	6.22016e-13
50.6907	6.37613e-13
50.831	6.51536e-13
50.9706	6.12415e-13
51.117	6.63234e-13
51.256	6.31222e-13
51.4016	6.28121e-13
51.5396	6.426e-13
51.6844	6.33557e-13
51.8287	6.5713e-13
51.9724	6.22857e-13
52.116	6.32368e-13
52.2659	6.40061e-13
52.4087	6.53547e-13
52.5576	6.25105e-13
52.6997	6.34077e-13
52.8478	6.44498e-13
52.9955	6.47833e-13
53.1431	6.29754e-13
53.2966	6.41688e-13
53.4433	6.10957e-13
53.5895	6.26784e-13
53.7417	6.40419e-13
53.8938	6.11618e-13
54.0452	6.47152e-13
54.1963	6.17084e-13
54.3471	6.202e-13
54.4972	6.26362e-13
54.6474	6.23989e-13
54.8031	6.56099e-13
54.9584	6.32151e-13
55.1138	6.17951e-13
55.2618	6.29579e-13
55.4223	6.24083e-13
55.5763	6.10383e-13
55.7295	6.16639e-13
55.8885	6.74172e-13
56.0413	6.10417e-13
56.1995	6.26691e-13
56.3573	6.16147e-13
56.5151	6.26048e-13
56.6783	6.06339e-13
56.8347	5.94983e-13
56.9971	6.39884e-13
57.153	6.42781e-13
57.3143	6.03244e-13
57.4754	6.18152e-13
57.6361	6.20967e-13
57.8022	6.06452e-13
57.9619	6.22388e-13
58.1271	6.11625e-13
58.2922	6.11754e-13
58.4505	6.19276e-13
58.6204	6.11539e-13
58.7838	6.14667e-13
58.9472	6.13822e-13
59.1156	6.06574e-13
59.2836	6.11979e-13
59.4453	6.01893e-13
59.6183	6.07746e-13
59.785	6.19036e-13
59.9514	6.02829e-13
60.123	5.9626e-13
60.2883	6.23865e-13
60.4589	5.93872e-13
60.629	6.06883e-13
60.8046	6.08864e-13
60.9741	6.04797e-13
61.1486	6.08729e-13
61.317	6.20579e-13
61.4905	6.02393e-13
61.6635	6.31819e-13
61.8419	6.24264e-13
62.014	6.23899e-13
62.1914	5.97918e-13
62.3685	6.17775e-13
62.5448	6.08308e-13
62.7207	6.13181e-13
62.896	6.00519e-13
63.0764	6.37945e-13
63.2509	6.06483e-13
63.4303	6.03679e-13
63.6094	5.98665e-13
63.7934	5.9511e-13
63.9712	6.12447e-13
64.1544	5.94759e-13
64.3368	5.86943e-13
64.5188	5.92292e-13
64.7002	5.78789e-13
64.8811	5.92647e-13
65.0671	6.06011e-13
65.252	6.02258e-13
65.437	5.92307e-13
65.6213	5.91652e-13
65.805	5.86996e-13
65.9938	6.17501e-13
66.1819	5.99236e-13
66.3696	5.87422e-13
66.5566	5.86561e-13
66.7431	5.98322e-13
66.9342	5.6895e-13
67.1249	6.0694e-13
67.3153	5.96858e-13
67.505	5.92784e-13
67.6993	5.82552e-13
67.8881	6.0185e-13
68.081	5.97974e-13
68.2739	6.01434e-13
68.4713	6.03341e-13
68.6631	5.68038e-13
68.859	5.76974e-13
69.0547	5.85726e-13
69.25	5.81333e-13
69.4442	5.98255e-13
69.6436	6.0175e-13
69.8422	5.68632e-13
70.04	5.84032e-13
70.2375	5.75001e-13
70.4397	5.81139e-13
70.6407	5.77359e-13
70.8415	5.84831e-13
71.0415	5.7349e-13
71.2412	6.07426e-13
71.4451	5.7829e-13
71.6486	5.85643e-13
71.8513	5.72011e-13
72.0537	5.84687e-13
72.2602	5.91813e-13
72.4664	5.98281e-13
72.6717	5.80938e-13
72.8767	5.85211e-13
73.0857	5.6172e-13
73.2944	5.80676e-13
73.5023	5.9218e-13
73.7093	5.80971e-13
73.9213	5.93357e-13
74.1271	5.74479e-13
74.3422	5.92352e-13
74.5521	5.76083e-13
74.7612	5.72914e-13
74.9743	5.74442e-13
75.187	5.86307e-13
75.404	5.78781e-13
75.6154	5.5991e-13
75.8308	5.87841e-13
76.0457	5.69562e-13
76.2645	5.80537e-13
76.4782	5.72237e-13
76.6962	5.64985e-13
76.9134	5.69192e-13
77.1343	5.95069e-13
77.3548	5.61086e-13
77.5745	5.7722e-13
77.7937	5.76159e-13
78.0122	5.56977e-13
78.2347	5.69745e-13
78.4567	5.57669e-13
78.6823	5.82325e-13
78.903	5.68783e-13
79.1273	5.67143e-13
79.3508	5.43017e-13
79.5783	5.67272e-13
79.8054	5.49896e-13
80.0317	5.48269e-13
80.2575	5.73598e-13
80.4867	5.67032e-13
80.7155	5.78711e-13
80.9438	5.6911e-13
81.1708	5.74049e-13
81.4022	5.62729e-13
81.6327	5.70533e-13
81.8667	5.73356e-13
82.0961	5.56614e-13
82.329	5.74214e-13
82.5653	5.69976e-13
82.797	5.64165e-13
83.032	5.51095e-13
83.2662	5.60244e-13
83.5044	5.8512e-13
83.7416	5.53703e-13
83.9787	5.57016e-13
84.2143	5.52604e-13
84.4416	5.53283e-13
84.693	5.60027e-13
84.9434	5.76958e-13
85.1934	5.61563e-13
85.4007	5.56789e-13
85.6497	5.51391e-13
85.8976	5.62985e-13
86.1444	5.58406e-13
86.3908	5.62187e-13
86.6365	5.5621e-13
86.8813	5.7241e-13
87.1256	5.59496e-13
87.3693	5.58691e-13
87.6122	5.40475e-13
87.8543	5.62697e-13
88.0959	5.58607e-13
88.3771	5.58035e-13
88.6173	5.47549e-13
88.8568	5.57614e-13
89.095	5.45348e-13
89.373	5.4851e-13
89.61	5.59253e-13
89.8469	5.42935e-13
90.1226	5.53944e-13
90.3576	5.54408e-13
90.6317	5.55232e-13
90.8651	5.61328e-13
91.1377	5.43984e-13
91.4095	5.42833e-13
91.6412	5.60467e-13
91.911	5.34084e-13
92.1804	5.48251e-13
92.4104	5.35142e-13
92.6779	5.5431e-13
92.9451	5.60412e-13
93.211	5.68473e-13
93.4762	5.55487e-13
93.7406	5.62277e-13
94.0045	5.43784e-13
94.2674	5.54532e-13
94.5295	5.55477e-13
94.7912	5.51653e-13
95.0518	5.49282e-13
95.312	5.39957e-13
95.5713	5.5266e-13
95.8668	5.64579e-13
96.1247	5.39448e-13
96.3817	5.34696e-13
96.675	5.70433e-13
96.9307	5.44366e-13
97.222	5.53654e-13
97.4756	5.43508e-13
97.7292	5.30464e-13
98.0184	5.38052e-13
98.306	5.41119e-13
98.5575	5.51905e-13
98.844	5.56205e-13
99.1293	5.46495e-13
99.3785	5.27047e-13
99.6626	5.38383e-13
99.9456	5.32446e-13
100.228	5.40472e-13
100.509	5.40447e-13
100.79	5.4891e-13
101.07	5.41228e-13
101.349	5.35167e-13
101.627	5.51465e-13
101.905	5.65463e-13
102.182	5.4702e-13
102.458	5.25905e-13
102.767	5.39949e-13
103.042	5.26681e-13
103.315	5.36698e-13
103.623	5.30307e-13
103.894	5.41783e-13
104.199	5.4684e-13
104.471	5.29499e-13
104.774	5.49739e-13
105.042	5.50659e-13
105.345	5.20655e-13
105.645	5.49112e-13
105.912	5.26316e-13
106.211	5.2644e-13
106.51	5.37711e-13
106.807	5.38952e-13
107.104	5.32145e-13
107.399	5.27631e-13
107.694	5.46146e-13
107.988	5.40425e-13
108.282	5.23271e-13
108.574	5.29394e-13
108.866	5.43953e-13
109.156	5.25253e-13
109.447	5.38715e-13
109.768	5.22629e-13
110.056	5.34433e-13
110.343	5.37421e-13
110.662	5.12132e-13
110.948	5.22425e-13
111.265	5.29571e-13
111.549	5.26912e-13
111.864	5.39372e-13
112.178	5.21384e-13
112.491	5.28129e-13
112.772	5.10452e-13
113.083	5.23062e-13
113.394	5.18664e-13
113.704	5.2603e-13
114.012	5.4351e-13
114.32	5.21795e-13
114.627	5.3062e-13
114.934	5.20882e-13
115.239	5.35063e-13
115.543	5.31825e-13
115.877	5.20663e-13
116.18	5.2708e-13
116.481	5.21938e-13
116.813	5.1456e-13
117.112	5.29582e-13
117.442	5.23036e-13
117.74	5.22721e-13
118.068	5.25224e-13
118.364	5.15214e-13
118.69	5.05894e-13
119.015	5.27629e-13
119.338	5.08547e-13
119.661	5.33351e-13
119.954	5.44547e-13
120.274	5.18704e-13
120.594	5.28573e-13
120.942	5.2521e-13
121.261	5.34241e-13
121.579	5.20932e-13
121.895	5.28734e-13
122.21	5.03637e-13
122.553	5.12208e-13
122.867	5.00209e-13
123.209	5.10976e-13
123.52	5.24563e-13
123.86	5.05415e-13
124.169	5.19159e-13
124.507	5.08411e-13
124.816	5.23268e-13
125.151	5.11127e-13
125.486	5.15547e-13
125.82	5.09119e-13
126.152	5.20327e-13
126.484	5.11848e-13
126.815	5.08452e-13
127.145	5.09309e-13
127.474	5.18607e-13
127.802	5.31173e-13
128.157	5.18985e-13
128.483	5.14819e-13
128.807	5.29722e-13
129.159	5.12768e-13
129.483	5.17343e-13
129.832	5.13863e-13
130.154	5.1433e-13
130.501	5.07382e-13
130.848	5.20295e-13
131.166	5.13537e-13
131.511	5.10056e-13
131.855	5.07111e-13
132.197	5.01481e-13
132.538	5.0078e-13
132.879	5.01564e-13
133.219	4.93295e-13
133.557	5.11807e-13
133.895	5.12648e-13
134.258	5.09833e-13
134.593	4.97508e-13
134.954	5.12067e-13
135.288	5.0574e-13
135.621	5.15285e-13
135.979	5.11435e-13
136.335	4.89537e-13
136.665	5.10672e-13
137.02	5.05073e-13
137.373	5.07267e-13
137.726	5.07662e-13
138.078	5.09264e-13
138.428	5.04804e-13
138.778	4.87509e-13
139.126	5.11291e-13
139.474	5.16319e-13
139.821	4.95143e-13
140.191	4.90753e-13
140.535	5.16853e-13
140.878	4.8599e-13
141.246	5.07922e-13
141.587	5.08491e-13
141.952	5.30559e-13
142.316	4.95814e-13
142.655	5.01678e-13
143.017	5.02249e-13
143.378	5.22971e-13
143.738	4.9463e-13
144.097	5.11792e-13
144.455	4.94307e-13
144.811	4.96367e-13
145.167	4.99792e-13
145.546	4.96333e-13
145.899	5.02287e-13
146.251	4.95962e-13
146.627	5.02143e-13
146.977	4.99727e-13
147.35	4.97316e-13
147.699	5.02857e-13
148.07	4.96069e-13
148.44	4.90984e-13
148.785	4.83778e-13
149.153	4.92068e-13
149.519	4.90063e-13
149.885	4.92684e-13
150.25	4.85711e-13
150.613	5.04566e-13
150.999	5.123e-13
151.359	4.97559e-13
151.72	4.95715e-13
152.102	4.87771e-13
152.46	5.0327e-13
152.839	4.92147e-13
153.195	4.90601e-13
153.572	4.93092e-13
153.949	5.08391e-13
154.302	4.79426e-13
154.675	4.94226e-13
155.049	4.90246e-13
155.42	4.85015e-13
155.791	4.93498e-13
156.161	5.10783e-13
156.551	4.88047e-13
156.918	5.05136e-13
157.285	5.12193e-13
157.672	5.11766e-13
158.036	4.98688e-13
158.421	4.9256e-13
158.783	4.87724e-13
159.165	4.90678e-13
159.546	5.07161e-13
159.926	4.9877e-13
160.306	4.90385e-13
160.684	4.85894e-13
161.061	4.89494e-13
161.436	5.09028e-13
161.81	4.89725e-13
162.183	4.95947e-13
162.556	5.00278e-13
162.948	4.99592e-13
163.318	5.00448e-13
163.708	4.86795e-13
164.096	4.77399e-13
164.462	4.9785e-13
164.848	5.05703e-13
165.233	4.95099e-13
165.617	4.86423e-13
166	4.94528e-13
166.381	4.84353e-13
166.761	4.79942e-13
167.14	4.95282e-13
167.517	4.83609e-13
167.914	4.82883e-13
168.29	4.97876e-13
168.685	4.93961e-13
169.057	4.9395e-13
169.45	4.87534e-13
169.841	4.88093e-13
170.21	4.95154e-13
170.598	4.80637e-13
170.985	4.95583e-13
171.372	5.05647e-13
171.756	5.00038e-13
172.16	4.75473e-13
172.542	4.90349e-13
172.923	4.80089e-13
173.322	4.83413e-13
173.701	4.81619e-13
174.097	4.80968e-13
174.474	4.83811e-13
174.868	4.95842e-13
175.261	5.22981e-13
175.653	4.7992e-13
176.043	4.93766e-13
176.433	4.79664e-13
176.821	4.69485e-13
177.207	4.85816e-13
177.592	4.96953e-13
177.996	4.79788e-13
178.379	4.99291e-13
178.779	4.7288e-13
179.159	4.82329e-13
179.558	4.88725e-13
179.954	4.85999e-13
180.349	4.84218e-13
180.744	4.87445e-13
181.136	4.8626e-13
181.527	4.75583e-13
181.917	4.82635e-13
182.306	4.84247e-13
182.712	4.92633e-13
183.098	4.79315e-13
183.501	4.85341e-13
183.885	4.75949e-13
184.285	4.95034e-13
184.684	4.82934e-13
185.083	5.04442e-13
185.459	4.78725e-13
185.873	4.78426e-13
186.267	5.12129e-13
186.659	4.83754e-13
187.05	4.96782e-13
187.458	5.00375e-13
187.846	4.93475e-13
188.25	4.99497e-13
188.636	4.85945e-13
189.039	4.79339e-13
189.439	4.89616e-13
189.839	4.91377e-13
190.236	4.67238e-13
190.632	4.80479e-13
191.027	4.79232e-13
191.42	4.85174e-13
191.831	4.94057e-13
192.221	4.77736e-13
192.629	4.77917e-13
193.016	4.83525e-13
193.419	4.69939e-13
193.822	4.9535e-13
194.224	4.83746e-13
194.623	4.91235e-13
195.021	5.08282e-13
195.417	4.92526e-13
195.813	4.81028e-13
196.225	4.79378e-13
196.616	4.87607e-13
197.024	4.84228e-13
197.413	4.7376e-13
197.819	4.9234e-13
198.222	4.93864e-13
198.624	5.00543e-13
199.024	4.80964e-13
199.424	4.70761e-13
199.821	4.8328e-13
200.235	4.79524e-13
200.629	4.83637e-13
201.038	4.85324e-13
201.43	4.99305e-13
201.837	4.93653e-13
202.241	4.86149e-13
202.646	4.95422e-13
203.047	4.78331e-13
203.447	4.8374e-13
203.847	4.88572e-13
204.261	4.85919e-13
204.656	4.92196e-13
205.067	4.7997e-13
205.459	4.80774e-13
205.867	4.9447e-13
206.272	4.79722e-13
206.677	4.9503e-13
207.079	4.97618e-13
207.482	4.75406e-13
207.881	5.0413e-13
208.294	4.89627e-13
208.691	5.1141e-13
209.101	5.10539e-13
209.51	4.8532e-13
209.902	4.84774e-13
210.308	4.83243e-13
210.712	5.0016e-13
211.114	4.76124e-13
211.531	4.89519e-13
211.931	4.95909e-13
212.344	4.95616e-13
212.74	4.97195e-13
213.151	4.85791e-13
213.559	4.84536e-13
213.95	4.95251e-13
214.355	4.94779e-13
214.773	4.93903e-13
215.175	4.83371e-13
215.576	4.795e-13
215.989	4.82494e-13
216.387	4.9468e-13
216.796	4.88662e-13
217.204	4.90624e-13
217.612	4.91792e-13
218.017	4.96955e-13
218.421	4.90161e-13
218.823	4.85482e-13
219.222	5.0469e-13
219.637	5.03191e-13
220.032	4.95058e-13
220.443	4.96658e-13
220.851	4.92196e-13
221.258	4.95154e-13
221.663	5.06959e-13
222.066	5.06233e-13
222.467	5.19283e-13
222.882	5.10196e-13
223.28	5.06433e-13
223.69	5.00417e-13
224.1	5.10043e-13
224.494	4.89933e-13
224.899	5.18144e-13
225.303	5.05294e-13
225.719	4.95836e-13
226.12	5.11769e-13
226.519	4.98799e-13
226.931	4.89279e-13
227.341	5.13906e-13
227.733	4.92715e-13
228.14	4.94674e-13
228.545	5.00417e-13
228.948	4.94431e-13
229.362	5.08153e-13
229.761	4.98626e-13
230.174	5.00364e-13
230.569	5.01625e-13
230.976	5.1052e-13
231.383	5.1287e-13
231.788	5.25104e-13
232.19	5.06955e-13
232.591	4.82845e-13
232.991	5.08398e-13
233.402	4.93618e-13
233.798	5.1237e-13
234.206	4.97799e-13
234.598	5.02307e-13
235.002	5.133e-13
235.406	5.08644e-13
235.806	5.17838e-13
236.218	5.09299e-13
236.616	5.25451e-13
237.012	5.24026e-13
237.418	5.26458e-13
237.825	5.02801e-13
238.215	5.20223e-13
238.617	4.88496e-13
239.018	5.25045e-13
239.416	5.10572e-13
239.827	5.1111e-13
240.222	5.13755e-13
240.615	4.95331e-13
241.02	5.29742e-13
241.41	5.0387e-13
241.811	5.13455e-13
242.211	5.19913e-13
242.611	5.05697e-13
243.006	5.00779e-13
243.401	5.26054e-13
243.794	5.11122e-13
244.198	5.04654e-13
244.588	5.14135e-13
244.988	5.15944e-13
245.374	5.15245e-13
245.772	5.35308e-13
246.168	5.27864e-13
246.563	5.2858e-13
246.954	5.10818e-13
247.345	5.15289e-13
247.735	5.05191e-13
248.136	5.4228e-13
248.522	5.10618e-13
248.918	5.32279e-13
249.301	5.1006e-13
249.695	5.21098e-13
250.075	5.24902e-13
250.466	5.31762e-13
250.855	5.26381e-13
251.241	5.28531e-13
251.627	5.12542e-13
252.012	5.3767e-13
252.395	5.14636e-13
252.776	5.25135e-13
253.155	5.23212e-13
253.534	5.26236e-13
253.912	5.33606e-13
254.286	5.33322e-13
254.66	5.31385e-13
255.033	5.38713e-13
255.404	5.22366e-13
255.894	5.38798e-13
256.262	5.29138e-13
256.628	5.29168e-13
256.995	5.37229e-13
257.357	5.30968e-13
257.722	5.52887e-13
258.082	5.51434e-13
258.442	5.29611e-13
258.801	5.3579e-13
259.157	5.39736e-13
259.632	5.14384e-13
259.987	5.42064e-13
260.342	5.59677e-13
260.694	5.37338e-13
261.045	5.34755e-13
261.395	5.30878e-13
261.745	5.2581e-13
262.093	5.54445e-13
262.554	5.45571e-13
262.901	5.52193e-13
263.244	5.55466e-13
263.588	5.49462e-13
263.932	5.54922e-13
264.272	5.56088e-13
264.613	5.46172e-13
264.952	5.43518e-13
265.404	5.4315e-13
265.742	5.55653e-13
266.078	5.38491e-13
266.413	5.45173e-13
266.747	5.67946e-13
267.083	5.55835e-13
267.414	5.57026e-13
267.746	5.34464e-13
268.078	5.58864e-13
268.409	5.59545e-13
268.738	5.40685e-13
269.177	5.65629e-13
269.505	5.61942e-13
269.832	5.65125e-13
270.158	5.55296e-13
270.485	5.68034e-13
270.81	5.64155e-13
271.135	5.55382e-13
271.459	5.62587e-13
271.781	5.59466e-13
272.104	5.80528e-13
272.427	5.75655e-13
272.748	5.63791e-13
273.069	5.66409e-13
273.389	5.77246e-13
273.71	5.67941e-13
273.922	5.59748e-13
274.241	5.89296e-13
274.56	5.92597e-13
274.88	5.5719e-13
275.197	5.84042e-13
275.515	5.72921e-13
275.831	5.68306e-13
276.044	5.76669e-13
276.36	5.6593e-13
276.676	5.83353e-13
276.992	5.76318e-13
277.204	6.03753e-13
277.52	5.69343e-13
277.836	5.92842e-13
278.152	5.98542e-13
278.363	5.78906e-13
278.677	5.97082e-13
278.888	6.00654e-13
279.205	5.65625e-13
279.52	5.80586e-13
279.732	5.9103e-13
280.047	6.11314e-13
280.258	5.81681e-13
280.575	5.79978e-13
280.788	5.9691e-13
280.999	5.65101e-13
281.316	6.00296e-13
281.531	5.86317e-13
281.743	5.80905e-13
282.06	5.96125e-13
282.275	5.92491e-13
282.49	5.81928e-13
282.707	6.18219e-13
283.024	5.99961e-13
283.241	5.98587e-13
283.458	5.92491e-13
283.676	5.93613e-13
283.894	5.95375e-13
284.113	5.81348e-13
284.333	6.00842e-13
284.551	5.88406e-13
284.774	5.89714e-13
284.893	6.00349e-13
285.116	6.07312e-13
285.339	6.15426e-13
285.562	6.08519e-13
285.688	6.06297e-13
285.912	5.99925e-13
286.139	6.04929e-13
286.266	6.2845e-13
286.493	6.20682e-13
286.621	5.92512e-13
286.852	6.03019e-13
286.983	6.10802e-13
287.213	6.1836e-13
287.348	5.92405e-13
287.48	6.16857e-13
287.616	5.91658e-13
287.853	6.21511e-13
287.989	6.07799e-13
288.127	6.19679e-13
288.269	6.16329e-13
288.408	5.89573e-13
288.55	6.02322e-13
288.694	6.30003e-13
288.838	6.03742e-13
288.886	6.14974e-13
289.033	6.11274e-13
289.182	6.1283e-13
289.233	6.22219e-13
289.384	6.19003e-13
289.536	6.18573e-13
289.592	5.99795e-13
289.746	5.9483e-13
289.805	6.08496e-13
289.866	5.95468e-13
290.024	6.24835e-13
290.087	6.20262e-13
290.152	6.25411e-13
290.217	6.16923e-13
290.284	6.10108e-13
290.352	6.24058e-13
290.423	6.30236e-13
290.495	6.1638e-13
290.567	6.10829e-13
290.642	6.10467e-13
290.718	6.29534e-13
290.699	6.12118e-13
290.778	6.19548e-13
290.762	6.01958e-13
290.844	6.19183e-13
290.831	6.14622e-13
290.916	6.16423e-13
290.905	6.25382e-13
290.995	6.36095e-13
290.989	6.06695e-13
290.985	6.19881e-13
290.995	6.36095e-13
293.905	6.19852e-13
296.844	6.41613e-13
299.813	6.42219e-13
302.811	6.61652e-13
305.839	6.88551e-13
308.898	6.85323e-13
311.987	6.97143e-13
315.106	7.24942e-13
318.257	7.21697e-13
321.44	7.32158e-13
324.654	7.5237e-13
327.901	7.87359e-13
331.18	7.68334e-13
334.492	7.6721e-13
337.837	7.94545e-13
341.215	8.09177e-13
344.627	8.22931e-13
348.073	8.09e-13
351.554	8.28136e-13
355.07	8.3433e-13
358.62	8.6534e-13
362.207	8.48629e-13
365.829	8.75996e-13
369.487	8.95504e-13
373.182	8.84489e-13
376.914	9.28634e-13
380.683	8.97744e-13
384.49	9.04314e-13
388.335	9.25614e-13
392.218	9.46994e-13
396.14	9.67512e-13
400.101	9.56571e-13
404.103	9.45178e-13
408.144	9.34862e-13
412.225	9.83377e-13
416.347	9.98814e-13
420.511	9.92093e-13
424.716	1.02194e-12
428.963	1.06563e-12
433.253	1.01506e-12
437.585	1.03164e-12
441.961	1.01457e-12
446.381	1.01337e-12
450.844	1.05078e-12
455.353	1.06878e-12
459.906	1.04728e-12
464.505	1.10775e-12
469.15	1.05508e-12
473.842	1.07573e-12
478.58	1.1206e-12
483.366	1.12729e-12
488.2	1.15452e-12
493.082	1.14272e-12
498.013	1.12346e-12
502.993	1.15245e-12
508.023	1.12697e-12
513.103	1.12618e-12
518.234	1.13935e-12
523.416	1.19622e-12
528.65	1.15305e-12
533.937	1.20406e-12
539.276	1.19031e-12
544.669	1.18131e-12
550.116	1.22931e-12
555.617	1.22335e-12
561.173	1.25068e-12
566.785	1.24424e-12
572.453	1.23455e-12
578.177	1.27922e-12
583.959	1.27769e-12
589.799	1.27696e-12
595.697	1.29703e-12
601.654	1.27428e-12
607.67	1.27471e-12
613.747	1.34191e-12
619.884	1.35671e-12
626.083	1.32619e-12
632.344	1.34461e-12
638.667	1.33679e-12
645.054	1.36988e-12
651.505	1.37673e-12
658.02	1.36278e-12
664.6	1.37317e-12
671.246	1.43615e-12
677.958	1.44432e-12
684.738	1.44068e-12
691.585	1.36939e-12
698.501	1.43957e-12
705.486	1.44837e-12
712.541	1.45554e-12
719.666	1.43056e-12
726.863	1.45004e-12
734.132	1.46662e-12
741.473	1.48867e-12
748.888	1.53501e-12
756.377	1.52405e-12
763.94	1.51322e-12
771.58	1.52335e-12
779.296	1.59372e-12
787.089	1.54506e-12
794.959	1.50644e-12
802.909	1.54113e-12
810.938	1.57313e-12
819.047	1.64447e-12
827.238	1.66895e-12
835.51	1.64153e-12
843.865	1.61288e-12
852.304	1.63815e-12
860.827	1.67612e-12
869.435	1.60729e-12
878.13	1.5955e-12
886.911	1.64753e-12
895.78	1.71054e-12
904.738	1.67833e-12
913.785	1.69469e-12
922.923	1.78732e-12
932.152	1.74607e-12
941.474	1.74837e-12
950.889	1.73192e-12
960.398	1.74011e-12
970.002	1.83393e-12
979.702	1.82058e-12
989.499	1.81463e-12
999.394	1.88625e-12
1009.39	1.81529e-12
1019.48	1.82924e-12
1029.68	1.85406e-12
1039.97	1.88916e-12
1050.37	1.86358e-12
1060.88	1.90995e-12
1071.49	1.86358e-12
1082.2	1.9127e-12
1093.02	1.99169e-12
1103.95	1.93906e-12
1114.99	1.9476e-12
1126.14	2.05282e-12
1137.4	2.01972e-12
1148.78	2.069e-12
1160.26	2.01978e-12
1171.87	1.97023e-12
1183.59	2.07264e-12
1195.42	2.07143e-12
1207.38	2.07776e-12
1219.45	2.06255e-12
1231.64	2.06562e-12
1243.96	2.11465e-12
1256.4	2.08698e-12
1268.96	2.17807e-12
1281.65	2.18573e-12
1294.47	2.19331e-12
1307.42	2.1893e-12
1320.49	2.24323e-12
1333.69	2.24189e-12
1347.03	2.28039e-12
1360.5	2.26029e-12
1374.11	2.30821e-12
1387.85	2.29664e-12
1401.73	2.34162e-12
1415.74	2.33665e-12
1429.9	2.36264e-12
1444.2	2.35594e-12
1458.64	2.40829e-12
1473.23	2.49349e-12
1487.96	2.40556e-12
1502.84	2.40605e-12
1517.87	2.44633e-12
1533.05	2.4428e-12
1548.38	2.4503e-12
1563.86	2.49546e-12
1579.5	2.57792e-12
1595.3	2.57698e-12
1611.25	2.63909e-12
1627.36	2.54374e-12
1643.63	2.57051e-12
1660.07	2.65596e-12
1676.67	2.6287e-12
1693.44	2.76265e-12
1710.37	2.69989e-12
1727.48	2.7807e-12
1744.75	2.76916e-12
1762.2	2.83603e-12
1779.82	2.84488e-12
1797.62	2.78385e-12
1815.6	2.89251e-12
1833.75	2.94407e-12
1852.09	2.90575e-12
1870.61	2.84423e-12
1889.32	2.93414e-12
1908.21	2.92472e-12
1927.29	3.07151e-12
1946.56	3.11981e-12
1966.03	3.02141e-12
1985.69	3.03575e-12
2005.55	3.13009e-12
2025.6	3.03815e-12
2045.86	3.22788e-12
2066.32	3.15712e-12
2086.98	3.22079e-12
2107.85	3.28029e-12
2128.93	3.23607e-12
2150.22	3.22717e-12
2171.72	3.25595e-12
2193.44	3.40512e-12
2215.37	3.4648e-12
2237.52	3.4076e-12
2259.9	3.43374e-12
2282.5	3.53552e-12
2305.32	3.56694e-12
2328.38	3.62752e-12
2351.66	3.59523e-12
2375.18	3.60924e-12
2398.93	3.77369e-12
2422.92	3.68351e-12
2447.15	3.75949e-12
2471.62	3.78959e-12
2496.34	3.7366e-12
2521.3	3.99876e-12
2546.51	4.0224e-12
2571.98	3.81845e-12
2597.7	3.95427e-12
2623.67	4.08175e-12
2649.91	4.06026e-12
2676.41	4.03905e-12
2703.17	4.25837e-12
2730.21	4.08005e-12
2757.51	4.29157e-12
2785.08	4.22973e-12
2812.93	4.26133e-12
2841.06	4.35474e-12
2869.47	4.34725e-12
2898.17	4.51816e-12
2927.15	4.65575e-12
2956.42	4.60901e-12
2985.99	4.58717e-12
3015.85	4.58345e-12
3046	4.64124e-12
3076.46	4.82752e-12
3107.23	4.86088e-12
3138.3	4.82063e-12
3169.68	4.83129e-12
3201.38	5.0601e-12
3233.39	5.05245e-12
3265.73	5.0621e-12
3298.39	5.30194e-12
3331.37	5.21671e-12
3364.68	5.27337e-12
3398.33	5.2818e-12
3432.31	5.34189e-12
3466.64	5.41664e-12
3501.3	5.49361e-12
3536.32	5.64059e-12
3571.68	5.83869e-12
3607.4	5.89021e-12
3643.47	5.74387e-12
3679.9	5.95387e-12
3716.7	5.8823e-12
3753.87	5.80283e-12
3791.41	5.99122e-12
3829.32	6.15028e-12
3867.62	6.41639e-12
3906.29	6.3102e-12
3945.36	6.25867e-12
3984.81	6.7897e-12
4024.66	6.69343e-12
4064.9	6.64361e-12
4105.55	6.85097e-12
4146.61	6.98074e-12
4188.07	6.9245e-12
4229.96	7.11652e-12
4272.25	7.07573e-12
4314.98	7.11416e-12
4358.13	7.42289e-12
4401.71	7.49957e-12
4445.73	7.57811e-12
4490.18	7.55442e-12
4535.08	7.74163e-12
4580.44	7.87609e-12
4626.24	7.91579e-12
4672.5	8.02219e-12
4719.23	8.41495e-12
4766.42	8.55688e-12
4814.08	8.3858e-12
4862.22	8.55783e-12
4910.85	8.58251e-12
4959.95	8.9674e-12
5009.55	8.86137e-12
5059.65	9.03529e-12
5110.25	9.55707e-12
5161.35	9.38442e-12
5212.96	9.55137e-12
5265.09	9.85366e-12
5317.74	9.83138e-12
5370.92	9.92702e-12
5424.63	9.94091e-12
5478.88	1.01832e-11
5533.66	1.06352e-11
5589	1.05612e-11
5644.89	1.10808e-11
5701.34	1.08417e-11
5758.35	1.1873e-11
5815.94	1.11079e-11
5874.1	1.17305e-11
5932.84	1.18855e-11
5992.17	1.23025e-11
6052.09	1.1957e-11
6112.61	1.23707e-11
6173.73	1.24634e-11
6235.47	1.29614e-11
6297.83	1.28116e-11
6360.8	1.32818e-11
6424.41	1.36409e-11
6488.66	1.39377e-11
6553.54	1.40036e-11
6619.08	1.36633e-11
6685.27	1.41634e-11
6752.12	1.45307e-11
6819.64	1.48297e-11
6887.84	1.49144e-11
6956.72	1.62948e-11
7026.29	1.57857e-11
7096.55	1.60376e-11
7167.51	1.68166e-11
7239.19	1.73128e-11
7311.58	1.77169e-11
7384.7	1.67954e-11
7458.54	1.8978e-11
7533.13	1.7889e-11
7608.46	1.79721e-11
7684.55	1.93492e-11
7761.39	1.93465e-11
7839	2.02407e-11
7917.39	1.99087e-11
7996.57	2.06609e-11
8076.53	2.12735e-11
8157.3	2.16435e-11
8238.87	2.19287e-11
8321.26	2.23912e-11
8404.47	2.27842e-11
8488.52	2.39596e-11
8573.4	2.38747e-11
8659.14	2.39608e-11
8745.73	2.50052e-11
8833.19	2.54462e-11
8921.52	2.58905e-11
9010.73	2.65656e-11
9100.84	2.69899e-11
9191.85	2.76864e-11
9283.77	2.81159e-11
9376.61	2.92792e-11
9470.37	2.99342e-11
9565.08	3.19919e-11
9660.73	3.12262e-11
9757.33	3.17756e-11
9854.91	3.37318e-11
9953.46	3.39294e-11
10053	3.57224e-11
10153.5	3.47894e-11
10255.1	3.65184e-11
10357.6	3.81841e-11
10461.2	3.94924e-11
10565.8	3.92388e-11
10671.5	3.93568e-11
10778.2	4.16606e-11
10885.9	4.49181e-11
10994.8	4.28055e-11
11104.8	4.51491e-11
11215.8	4.57898e-11
11328	4.65149e-11
11441.2	4.78327e-11
11555.7	4.97434e-11
11671.2	5.08622e-11
11787.9	5.20603e-11
11905.8	5.23591e-11
12024.9	5.46741e-11
12145.1	5.82506e-11
12266.6	5.88889e-11
12389.2	5.92411e-11
12513.1	6.16937e-11
12638.2	6.23086e-11
12764.6	6.57432e-11
12892.3	6.77506e-11
13021.2	7.08287e-11
13151.4	7.16505e-11
13282.9	7.38664e-11
13415.8	7.53224e-11
13549.9	7.751e-11
13685.4	8.3004e-11
13822.3	8.07176e-11
13960.5	8.77158e-11
14100.1	8.79666e-11
14241.1	9.1411e-11
14383.5	9.2172e-11
14527.3	9.92563e-11
14672.6	9.7172e-11
14819.3	1.0358e-10
14967.5	1.04449e-10
15117.2	1.0919e-10
15268.4	1.11008e-10
15421.1	1.18685e-10
15575.3	1.19418e-10
15731	1.24753e-10
15888.3	1.32077e-10
16047.2	1.38113e-10
16207.7	1.34259e-10
16369.8	1.45677e-10
16533.5	1.46733e-10
16698.8	1.59046e-10
16865.8	1.65901e-10
17034.4	1.65046e-10
17204.8	1.73322e-10
17376.8	1.783e-10
17550.6	1.80729e-10
17726.1	1.94604e-10
17903.4	1.9808e-10
18082.4	2.10754e-10
18263.2	2.18034e-10
18445.9	2.21506e-10
18630.3	2.30816e-10
18816.6	2.3897e-10
19004.8	2.56352e-10
19194.8	2.6243e-10
19386.8	2.77667e-10
19580.7	2.83432e-10
19776.5	2.98686e-10
19974.2	3.05754e-10
20174	3.19975e-10
20375.7	3.37479e-10
20579.5	3.53444e-10
20785.3	3.61715e-10
20993.1	3.8333e-10
21203	3.8733e-10
21415.1	4.20376e-10
21629.2	4.36279e-10
21845.5	4.41273e-10
22064	4.78363e-10
22284.6	4.83199e-10
22507.5	5.09846e-10
22732.5	5.29868e-10
22959.9	5.604e-10
23189.5	5.7844e-10
23421.4	6.02812e-10
23655.6	6.4395e-10
23892.1	6.77056e-10
24131	6.97414e-10
24372.4	7.20184e-10
24616.1	7.83234e-10
24862.2	8.38433e-10
25110.9	8.80005e-10
25362	9.15218e-10
25615.6	9.21047e-10
25871.7	9.96705e-10
26130.5	1.04717e-09
26391.8	1.11198e-09
26655.7	1.14052e-09
26922.2	1.18106e-09
27191.5	1.30734e-09
27463.4	1.39113e-09
27738	1.45625e-09
28015.4	1.45048e-09
28295.6	1.60552e-09
28578.5	1.746e-09
28864.3	1.8124e-09
29152.9	1.86602e-09
29444.5	1.96902e-09
29738.9	2.1376e-09
30036.3	2.19456e-09
30336.7	2.36302e-09
30640	2.45319e-09
30946.4	2.67259e-09
31255.9	2.82113e-09
31568.4	2.97925e-09
31884.1	3.16118e-09
32203	3.34664e-09
32525	3.48431e-09
32850.3	3.87581e-09
33178.8	4.1045e-09
33510.5	4.37603e-09
33845.7	4.65079e-09
34184.1	4.89616e-09
34525.9	5.35118e-09
34871.2	5.71457e-09
35219.9	5.92973e-09
35572.1	6.57551e-09
35927.8	6.85115e-09
36287.1	7.3207e-09
36650	8.03808e-09
37016.5	8.32441e-09
37386.7	9.06073e-09
37760.5	9.50285e-09
38138.1	1.04729e-08
38519.5	1.09987e-08
38904.7	1.20825e-08
39293.8	1.3167e-08
39686.7	1.37417e-08
40083.6	1.51997e-08
40484.4	1.6067e-08
40889.2	1.79835e-08
41298.1	1.89772e-08
41711.1	2.11054e-08
42128.2	2.18111e-08
42549.5	2.40209e-08
42975	2.58797e-08
43404.7	2.82922e-08
43838.8	3.05375e-08
44277.2	3.32227e-08
44720	3.62176e-08
45167.2	3.892e-08
45618.8	4.28837e-08
46075	4.73624e-08
46535.8	5.03902e-08
47001.1	5.46186e-08
47471.1	6.15783e-08
47945.8	6.74018e-08
48425.3	7.19276e-08
48909.6	8.09113e-08
49398.6	8.67342e-08
49892.6	9.83621e-08
50391.6	1.08149e-07
50895.5	1.2104e-07
51404.4	1.29623e-07
51918.5	1.42306e-07
52437.7	1.63933e-07
52962	1.68066e-07
53491.7	1.88889e-07
54026.6	2.10537e-07
54566.8	2.38875e-07
55112.5	2.56617e-07
55663.6	2.88057e-07
56220.3	3.12513e-07
56782.5	3.67508e-07
57350.3	3.83353e-07
57923.8	4.31063e-07
58503	4.93109e-07
59088.1	5.45864e-07
59679	5.94197e-07
60275.7	6.84817e-07
60878.5	7.52494e-07
61487.3	8.48979e-07
62102.2	9.48519e-07
62723.2	1.05607e-06
63350.4	1.2234e-06
63983.9	1.37178e-06
64623.8	1.52263e-06
65270	1.73638e-06
65922.7	2.04176e-06
66581.9	2.17014e-06
67247.7	2.55036e-06
67920.2	2.82006e-06
68599.4	3.29617e-06
69285.4	3.7643e-06
69978.3	4.09854e-06
70678	4.72287e-06
71384.8	5.34244e-06
72098.7	6.30883e-06
72819.7	6.98841e-06
73547.9	8.22756e-06
74283.3	9.17553e-06
75026.2	1.05788e-05
75776.4	1.24209e-05
76534.2	1.41461e-05
77299.5	1.60862e-05
78072.5	1.87927e-05
78853.3	2.21329e-05
79641.8	2.55387e-05
80438.2	2.84629e-05
81242.6	3.5127e-05
82055	4.11106e-05
82875.6	4.7504e-05
83704.3	5.35078e-05
84541.4	6.37425e-05
85386.8	7.61867e-05
86240.6	8.54336e-05
87103.1	0.000106079
87974.1	0.00012315
88853.8	0.000142698
89742.4	0.000167159
90639.8	0.000200368
91546.2	0.000233631
92461.6	0.000277968
93386.3	0.000348852
94320.1	0.000396281
95263.3	0.000476439
96216	0.000582169
97178.1	0.000704305
98149.9	0.00080628
99131.4	0.000978473
