1e-06	0
1.01e-06	0
1.0201e-06	0
1.0303e-06	0
1.0406e-06	0
1.05101e-06	0
1.06152e-06	0
1.07214e-06	0
1.08286e-06	0
1.09369e-06	0
1.10462e-06	0
1.11567e-06	0
1.12683e-06	0
1.13809e-06	0
1.14947e-06	0
1.16097e-06	0
1.17258e-06	0
1.1843e-06	0
1.19615e-06	0
1.20811e-06	0
1.22019e-06	0
1.23239e-06	0
1.24472e-06	0
1.25716e-06	0
1.26973e-06	0
1.28243e-06	0
1.29526e-06	0
1.30821e-06	0
1.32129e-06	0
1.3345e-06	0
1.34785e-06	0
1.36133e-06	0
1.37494e-06	0
1.38869e-06	0
1.40258e-06	0
1.4166e-06	0
1.43077e-06	0
1.44508e-06	0
1.45953e-06	0
1.47412e-06	0
1.48886e-06	0
1.50375e-06	0
1.51879e-06	0
1.53398e-06	0
1.54932e-06	0
1.56481e-06	0
1.58046e-06	0
1.59626e-06	0
1.61223e-06	0
1.62835e-06	0
1.64463e-06	0
1.66108e-06	0
1.67769e-06	0
1.69447e-06	0
1.71141e-06	0
1.72852e-06	0
1.74581e-06	0
1.76327e-06	0
1.7809e-06	0
1.79871e-06	0
1.8167e-06	0
1.83486e-06	0
1.85321e-06	0
1.87174e-06	0
1.89046e-06	0
1.90937e-06	0
1.92846e-06	0
1.94774e-06	0
1.96722e-06	0
1.98689e-06	0
2.00676e-06	0
2.02683e-06	0
2.0471e-06	0
2.06757e-06	0
2.08825e-06	0
2.10913e-06	0
2.13022e-06	0
2.15152e-06	0
2.17304e-06	0
2.19477e-06	0
2.21672e-06	0
2.23888e-06	0
2.26127e-06	0
2.28388e-06	0
2.30672e-06	0
2.32979e-06	0
2.35309e-06	0
2.37662e-06	0
2.40038e-06	0
2.42439e-06	0
2.44863e-06	0
2.47312e-06	0
2.49785e-06	0
2.52283e-06	0
2.54806e-06	0
2.57354e-06	0
2.59927e-06	0
2.62527e-06	0
2.65152e-06	0
2.67803e-06	0
2.70481e-06	0
2.73186e-06	0
2.75918e-06	0
2.78677e-06	0
2.81464e-06	0
2.84279e-06	0
2.87121e-06	0
2.89993e-06	0
2.92893e-06	0
2.95822e-06	0
2.9878e-06	0
3.01768e-06	0
3.04785e-06	0
3.07833e-06	0
3.10911e-06	0
3.1402e-06	0
3.17161e-06	0
3.20332e-06	0
3.23536e-06	0
3.26771e-06	0
3.30039e-06	0
3.33339e-06	0
3.36672e-06	0
3.40039e-06	0
3.4344e-06	0
3.46874e-06	0
3.50343e-06	0
3.53846e-06	0
3.57385e-06	0
3.60958e-06	0
3.64568e-06	0
3.68214e-06	0
3.71896e-06	0
3.75615e-06	0
3.79371e-06	0
3.83165e-06	0
3.86996e-06	0
3.90866e-06	0
3.94775e-06	0
3.98723e-06	0
4.0271e-06	0
4.06737e-06	0
4.10804e-06	0
4.14912e-06	0
4.19062e-06	0
4.23252e-06	0
4.27485e-06	0
4.3176e-06	0
4.36077e-06	0
4.40438e-06	0
4.44842e-06	0
4.49291e-06	0
4.53784e-06	0
4.58321e-06	0
4.62905e-06	0
4.67534e-06	0
4.72209e-06	0
4.76931e-06	0
4.817e-06	0
4.86517e-06	0
4.91383e-06	0
4.96296e-06	0
5.01259e-06	0
5.06272e-06	0
5.11335e-06	0
5.16448e-06	0
5.21613e-06	0
5.26829e-06	0
5.32097e-06	0
5.37418e-06	0
5.42792e-06	0
5.4822e-06	0
5.53702e-06	0
5.59239e-06	0
5.64832e-06	0
5.7048e-06	0
5.76185e-06	0
5.81947e-06	0
5.87766e-06	0
5.93644e-06	0
5.9958e-06	0
6.05576e-06	0
6.11632e-06	0
6.17748e-06	0
6.23926e-06	0
6.30165e-06	0
6.36466e-06	0
6.42831e-06	0
6.49259e-06	0
6.55752e-06	0
6.6231e-06	0
6.68933e-06	0
6.75622e-06	0
6.82378e-06	0
6.89202e-06	0
6.96094e-06	0
7.03055e-06	0
7.10085e-06	0
7.17186e-06	0
7.24358e-06	0
7.31602e-06	0
7.38918e-06	0
7.46307e-06	0
7.5377e-06	0
7.61308e-06	0
7.68921e-06	3.34452e-24
7.7661e-06	3.48032e-24
7.84376e-06	3.62164e-24
7.9222e-06	3.76869e-24
8.00142e-06	3.92171e-24
8.08144e-06	4.08095e-24
8.16225e-06	4.24665e-24
8.24387e-06	4.41908e-24
8.32631e-06	4.59852e-24
8.40957e-06	4.78523e-24
8.49367e-06	4.97953e-24
8.57861e-06	5.18172e-24
8.66439e-06	5.39212e-24
8.75104e-06	5.61106e-24
8.83855e-06	5.8389e-24
8.92693e-06	6.07598e-24
9.0162e-06	6.32269e-24
9.10636e-06	6.57941e-24
9.19743e-06	6.84656e-24
9.2894e-06	7.12456e-24
9.3823e-06	7.41385e-24
9.47612e-06	7.71488e-24
9.57088e-06	8.02814e-24
9.66659e-06	8.35411e-24
9.76325e-06	8.69332e-24
9.86089e-06	9.0463e-24
9.9595e-06	9.41362e-24
1.00591e-05	9.79585e-24
1.01597e-05	1.01936e-23
1.02613e-05	1.06075e-23
1.03639e-05	1.10382e-23
1.04675e-05	1.14864e-23
1.05722e-05	1.19528e-23
1.06779e-05	1.24381e-23
1.07847e-05	1.29432e-23
1.08926e-05	1.34687e-23
1.10015e-05	1.40156e-23
1.11115e-05	1.45847e-23
1.12226e-05	1.51769e-23
1.13348e-05	1.57931e-23
1.14482e-05	1.64344e-23
1.15627e-05	1.71017e-23
1.16783e-05	1.77961e-23
1.17951e-05	1.85187e-23
1.1913e-05	1.92706e-23
1.20322e-05	2.00531e-23
1.21525e-05	2.08673e-23
1.2274e-05	2.17146e-23
1.23967e-05	2.25963e-23
1.25207e-05	2.35138e-23
1.26459e-05	2.44686e-23
1.27724e-05	2.54621e-23
1.29001e-05	2.6496e-23
1.30291e-05	2.75718e-23
1.31594e-05	2.86913e-23
1.3291e-05	3.03323e-23
1.34239e-05	3.15639e-23
1.35581e-05	3.28455e-23
1.36937e-05	3.41791e-23
1.38307e-05	3.5567e-23
1.3969e-05	3.70111e-23
1.41086e-05	3.85139e-23
1.42497e-05	4.00777e-23
1.43922e-05	4.17051e-23
1.45362e-05	4.33985e-23
1.46815e-05	4.51606e-23
1.48283e-05	4.69943e-23
1.49766e-05	4.89025e-23
1.51264e-05	5.08881e-23
1.52776e-05	5.29544e-23
1.54304e-05	5.51045e-23
1.55847e-05	5.7342e-23
1.57406e-05	5.96703e-23
1.5898e-05	6.20931e-23
1.6057e-05	6.46144e-23
1.62175e-05	6.7238e-23
1.63797e-05	6.99681e-23
1.65435e-05	7.28091e-23
1.67089e-05	7.57654e-23
1.6876e-05	7.88418e-23
1.70448e-05	8.20431e-23
1.72152e-05	3.41498e-22
1.73874e-05	3.55364e-22
1.75613e-05	3.69793e-22
1.77369e-05	3.84808e-22
1.79142e-05	4.00433e-22
1.80934e-05	4.16692e-22
1.82743e-05	4.33611e-22
1.84571e-05	4.51218e-22
1.86416e-05	4.69539e-22
1.8828e-05	4.88604e-22
1.90163e-05	5.08443e-22
1.92065e-05	5.29088e-22
1.93986e-05	5.50571e-22
1.95925e-05	5.72927e-22
1.97885e-05	5.9619e-22
1.99864e-05	6.20398e-22
2.01862e-05	7.2787e-22
2.03881e-05	7.57424e-22
2.0592e-05	7.88179e-22
2.07979e-05	8.20182e-22
2.10059e-05	8.53485e-22
2.12159e-05	8.8814e-22
2.14281e-05	9.24202e-22
2.16424e-05	9.61728e-22
2.18588e-05	1.00078e-21
2.20774e-05	1.04141e-21
2.22981e-05	1.0837e-21
2.25211e-05	1.1277e-21
2.27463e-05	1.17349e-21
2.29738e-05	2.43697e-21
2.32035e-05	2.53592e-21
2.34356e-05	2.63889e-21
2.36699e-05	2.74603e-21
2.39066e-05	2.85753e-21
2.41457e-05	2.97356e-21
2.43871e-05	3.0943e-21
2.4631e-05	3.21994e-21
2.48773e-05	3.35068e-21
2.51261e-05	3.48674e-21
2.53774e-05	4.9049e-21
2.56311e-05	5.10406e-21
2.58874e-05	5.31131e-21
2.61463e-05	5.52697e-21
2.64078e-05	5.75138e-21
2.66719e-05	5.98491e-21
2.69386e-05	6.22792e-21
2.7208e-05	6.4808e-21
2.748e-05	6.74395e-21
2.77548e-05	9.22893e-21
2.80324e-05	9.60366e-21
2.83127e-05	9.99361e-21
2.85958e-05	1.03994e-20
2.88818e-05	1.08216e-20
2.91706e-05	1.1261e-20
2.94623e-05	1.17183e-20
2.9757e-05	1.6303e-20
3.00545e-05	1.69649e-20
3.03551e-05	1.76538e-20
3.06586e-05	1.83706e-20
3.09652e-05	1.91165e-20
3.12749e-05	1.98927e-20
3.15876e-05	2.66215e-20
3.19035e-05	2.77024e-20
3.22225e-05	2.88272e-20
3.25447e-05	2.99977e-20
3.28702e-05	3.12157e-20
3.31989e-05	3.24832e-20
3.35309e-05	4.05834e-20
3.38662e-05	4.22312e-20
3.42049e-05	4.3946e-20
3.45469e-05	4.57304e-20
3.48924e-05	4.75872e-20
3.52413e-05	6.17622e-20
3.55937e-05	6.427e-20
3.59496e-05	6.68796e-20
3.63091e-05	6.95952e-20
3.66722e-05	8.35834e-20
3.7039e-05	8.69772e-20
3.74093e-05	9.05088e-20
3.77834e-05	9.41839e-20
3.81613e-05	1.16568e-19
3.85429e-05	1.21301e-19
3.89283e-05	1.26226e-19
3.93176e-05	1.31351e-19
3.97108e-05	1.59604e-19
4.01079e-05	1.66084e-19
4.0509e-05	1.72828e-19
4.0914e-05	1.79845e-19
4.13232e-05	2.12142e-19
4.17364e-05	2.20755e-19
4.21538e-05	2.29719e-19
4.25753e-05	2.74633e-19
4.30011e-05	2.85784e-19
4.34311e-05	2.97388e-19
4.38654e-05	3.48135e-19
4.4304e-05	3.6227e-19
4.47471e-05	3.7698e-19
4.51946e-05	4.38305e-19
4.56465e-05	4.56102e-19
4.6103e-05	4.74621e-19
4.6564e-05	5.53196e-19
4.70296e-05	5.75658e-19
4.74999e-05	5.99032e-19
4.79749e-05	6.88908e-19
4.84547e-05	7.1688e-19
4.89392e-05	8.2397e-19
4.94286e-05	8.57426e-19
4.99229e-05	8.92241e-19
5.04221e-05	1.02065e-18
5.09264e-05	1.06209e-18
5.14356e-05	1.21394e-18
5.195e-05	1.26323e-18
5.24695e-05	1.41957e-18
5.29942e-05	1.47722e-18
5.35241e-05	1.67169e-18
5.40594e-05	1.73957e-18
5.46e-05	1.93774e-18
5.5146e-05	2.01642e-18
5.56974e-05	2.28353e-18
5.62544e-05	2.37625e-18
5.68169e-05	2.6408e-18
5.73851e-05	2.74802e-18
5.79589e-05	3.06756e-18
5.85385e-05	3.19211e-18
5.91239e-05	3.59734e-18
5.97152e-05	3.97548e-18
6.03123e-05	4.1369e-18
6.09154e-05	4.58786e-18
6.15246e-05	5.0819e-18
6.21398e-05	5.28825e-18
6.27612e-05	5.81594e-18
6.33888e-05	6.41596e-18
6.40227e-05	6.67648e-18
6.4663e-05	7.32959e-18
6.53096e-05	8.1323e-18
6.59627e-05	8.46251e-18
6.66223e-05	9.21586e-18
6.72885e-05	1.01018e-17
6.79614e-05	1.11361e-17
6.8641e-05	1.15883e-17
6.93275e-05	1.26448e-17
7.00207e-05	1.38388e-17
7.07209e-05	1.50626e-17
7.14281e-05	1.63049e-17
7.21424e-05	1.78029e-17
7.28638e-05	1.93693e-17
7.35925e-05	2.10784e-17
7.43284e-05	2.19342e-17
7.50717e-05	2.38529e-17
7.58224e-05	2.59343e-17
7.65806e-05	2.79355e-17
7.73464e-05	3.01692e-17
7.81199e-05	3.27271e-17
7.89011e-05	3.54549e-17
7.96901e-05	3.97141e-17
8.0487e-05	4.29876e-17
8.12919e-05	4.60873e-17
8.21048e-05	4.98389e-17
8.29259e-05	5.35201e-17
8.37551e-05	5.75911e-17
8.45927e-05	6.2143e-17
8.54386e-05	6.87754e-17
8.6293e-05	7.3619e-17
8.71559e-05	7.95124e-17
8.80275e-05	8.74037e-17
8.89077e-05	9.37867e-17
8.97968e-05	1.01052e-16
9.06948e-05	1.10695e-16
9.16017e-05	1.1865e-16
9.25178e-05	1.30925e-16
9.34429e-05	1.39452e-16
9.43774e-05	1.52822e-16
9.53211e-05	1.63065e-16
9.62743e-05	1.79651e-16
9.72371e-05	1.91156e-16
9.82095e-05	2.08014e-16
9.91916e-05	2.27023e-16
0.000100183	2.41508e-16
0.000101185	2.64192e-16
0.000102197	2.88782e-16
0.000103219	3.12709e-16
0.000104251	3.33116e-16
0.000105294	3.6121e-16
0.000106347	3.91225e-16
0.00010741	4.25034e-16
0.000108484	4.59416e-16
0.000109569	4.97914e-16
0.000110665	5.37851e-16
0.000111772	5.81301e-16
0.000112889	6.27167e-16
0.000114018	6.89322e-16
0.000115158	7.42011e-16
0.00011631	8.00636e-16
0.000117473	8.76485e-16
0.000118648	9.44608e-16
0.000119834	1.01581e-15
0.000121033	1.11092e-15
0.000122243	1.18942e-15
0.000123465	1.2987e-15
0.0001247	1.41651e-15
0.000125947	1.51518e-15
0.000127206	1.64962e-15
0.000128478	1.79666e-15
0.000129763	1.93611e-15
0.000131061	2.09834e-15
0.000132372	2.27583e-15
0.000133695	2.47145e-15
0.000135032	2.65996e-15
0.000136383	2.87765e-15
0.000137746	3.11497e-15
0.000139124	3.35379e-15
0.000140515	3.67101e-15
0.00014192	3.94189e-15
0.000143339	4.25542e-15
0.000144773	4.62437e-15
0.000146221	5.03438e-15
0.000147683	5.41576e-15
0.00014916	5.8711e-15
0.000150651	6.36723e-15
0.000152158	6.89703e-15
0.000153679	7.4681e-15
0.000155216	8.08304e-15
0.000156768	8.74514e-15
0.000158336	9.45818e-15
0.000159919	1.03004e-14
0.000161518	1.11089e-14
0.000163134	1.20797e-14
0.000164765	1.30093e-14
0.000166413	1.41173e-14
0.000168077	1.53362e-14
0.000169757	1.66306e-14
0.000171455	1.79945e-14
0.00017317	1.94622e-14
0.000174901	2.10289e-14
0.00017665	2.27219e-14
0.000178417	2.45636e-14
0.000180201	2.66815e-14
0.000182003	2.90049e-14
0.000183823	3.12629e-14
0.000185661	3.38452e-14
0.000187518	3.66966e-14
0.000189393	3.96891e-14
0.000191287	4.2944e-14
0.0001932	4.67102e-14
0.000195132	5.03973e-14
0.000197083	5.47635e-14
0.000199054	5.89872e-14
0.000201045	6.39806e-14
0.000203055	6.92994e-14
0.000205086	7.4999e-14
0.000207136	8.15294e-14
0.000209208	8.81124e-14
0.0002113	9.56571e-14
0.000213413	1.03078e-13
0.000215547	1.11702e-13
0.000217702	1.20988e-13
0.000219879	1.30837e-13
0.000222078	1.42249e-13
0.000224299	1.53489e-13
0.000226542	1.66726e-13
0.000228807	1.80528e-13
0.000231095	1.95341e-13
0.000233406	2.11422e-13
0.000235741	2.28547e-13
0.000238098	2.47795e-13
0.000240479	2.68695e-13
0.000242884	2.90802e-13
0.000245313	3.14938e-13
0.000247766	3.40309e-13
0.000250243	3.69154e-13
0.000252746	4.00209e-13
0.000255273	4.33194e-13
0.000257826	4.68417e-13
0.000260404	5.06529e-13
0.000263008	5.49272e-13
0.000265638	5.94901e-13
0.000268295	6.44186e-13
0.000270978	6.98295e-13
0.000273687	7.54418e-13
0.000276424	8.17581e-13
0.000279189	8.87061e-13
0.00028198	9.58936e-13
0.0002848	1.04007e-12
0.000287648	1.12487e-12
0.000290525	1.21825e-12
0.00029343	1.32082e-12
0.000296364	1.4272e-12
0.000299328	1.54783e-12
0.000302321	1.67414e-12
0.000305344	1.8135e-12
0.000308398	1.96359e-12
0.000311482	2.12534e-12
0.000314597	2.30168e-12
0.000317743	2.491e-12
0.00032092	2.70154e-12
0.000324129	2.92013e-12
0.00032737	3.16807e-12
0.000330644	3.42781e-12
0.000333951	3.71208e-12
0.00033729	4.01893e-12
0.000340663	4.3557e-12
0.00034407	4.71527e-12
0.00034751	5.09957e-12
0.000350985	5.52629e-12
0.000354495	5.98167e-12
0.00035804	6.4766e-12
0.000361621	7.01441e-12
0.000365237	7.60149e-12
0.000368889	8.23324e-12
0.000372578	8.90319e-12
0.000376304	9.64249e-12
0.000380067	1.04514e-11
0.000383868	1.13185e-11
0.000387706	1.22474e-11
0.000391583	1.32596e-11
0.000395499	1.4374e-11
0.000399454	1.55686e-11
0.000403449	1.68401e-11
0.000407483	1.82338e-11
0.000411558	1.97554e-11
0.000415674	2.13804e-11
0.00041983	2.31608e-11
0.000424029	2.50625e-11
0.000428269	2.71758e-11
0.000432552	2.9401e-11
0.000436877	3.18249e-11
0.000441246	3.44686e-11
0.000445658	3.73346e-11
0.000450115	4.04191e-11
0.000454616	4.37777e-11
0.000459162	4.74193e-11
0.000463754	5.1323e-11
0.000468391	5.56247e-11
0.000473075	6.01786e-11
0.000477806	6.51854e-11
0.000482584	7.05712e-11
0.00048741	7.64547e-11
0.000492284	8.27895e-11
0.000497207	8.96739e-11
0.000502179	9.70306e-11
0.000507201	1.05132e-10
0.000512273	1.13793e-10
0.000517396	1.23298e-10
0.00052257	1.33501e-10
0.000527795	1.44522e-10
0.000533073	1.56482e-10
0.000538404	1.69459e-10
0.000543788	1.83497e-10
0.000549226	1.98686e-10
0.000554718	2.15134e-10
0.000560265	2.32912e-10
0.000565868	2.52419e-10
0.000571527	2.73237e-10
0.000577242	2.95743e-10
0.000583014	3.20386e-10
0.000588844	3.46768e-10
0.000594733	3.75565e-10
0.00060068	4.06702e-10
0.000606687	4.40555e-10
0.000612754	4.7692e-10
0.000618881	5.16451e-10
0.00062507	5.59182e-10
0.000631321	6.05656e-10
0.000637634	6.55523e-10
0.000644011	7.10273e-10
0.000650451	7.68848e-10
0.000656955	8.32621e-10
0.000663525	9.01717e-10
0.00067016	9.76478e-10
0.000676862	1.05699e-09
0.00068363	1.1451e-09
0.000690466	1.23961e-09
0.000697371	1.34287e-09
0.000704345	1.45332e-09
0.000711388	1.57403e-09
0.000718502	1.70472e-09
0.000725687	1.84609e-09
0.000732944	1.99918e-09
0.000740273	2.16396e-09
0.000747676	2.34356e-09
0.000755153	2.5373e-09
0.000762705	2.74827e-09
0.000770332	2.97548e-09
0.000778035	3.22258e-09
0.000785815	3.48907e-09
0.000793673	3.77814e-09
0.00080161	4.09221e-09
0.000809626	4.43084e-09
0.000817722	4.79784e-09
0.0008259	5.19445e-09
0.000834159	5.62521e-09
0.0008425	6.09124e-09
0.000850925	6.59721e-09
0.000859435	7.1435e-09
0.000868029	7.73388e-09
0.000876709	8.37448e-09
0.000885476	9.06935e-09
0.000894331	9.81954e-09
0.000903274	1.06363e-08
0.000912307	1.15141e-08
0.00092143	1.24701e-08
0.000930644	1.35041e-08
0.000939951	1.46204e-08
0.00094935	1.58342e-08
0.000958844	1.71433e-08
0.000968432	1.85648e-08
0.000978117	2.01034e-08
0.000987898	2.17686e-08
0.000997777	2.35747e-08
0.00100775	2.55286e-08
0.00101783	2.76405e-08
0.00102801	2.99329e-08
0.00103829	3.24099e-08
0.00104867	3.50945e-08
0.00105916	3.80023e-08
0.00106975	4.11552e-08
0.00108045	4.45663e-08
0.00109125	4.82544e-08
0.00110217	5.22559e-08
0.00111319	5.65877e-08
0.00112432	6.12642e-08
0.00113556	6.63511e-08
0.00114692	7.18408e-08
0.00115839	7.78047e-08
0.00116997	8.42394e-08
0.00118167	9.12277e-08
0.00119349	9.87866e-08
0.00120542	1.06975e-07
0.00121748	1.15817e-07
0.00122965	1.25419e-07
0.00124195	1.35808e-07
0.00125437	1.47069e-07
0.00126691	1.59244e-07
0.00127958	1.72449e-07
0.00129238	1.86726e-07
0.0013053	2.02211e-07
0.00131835	2.1896e-07
0.00133154	2.37099e-07
0.00134485	2.56737e-07
0.0013583	2.78001e-07
0.00137188	3.01044e-07
0.0013856	3.25981e-07
0.00139946	3.5297e-07
0.00141345	3.82202e-07
0.00142759	4.1388e-07
0.00144186	4.48171e-07
0.00145628	4.85298e-07
0.00147085	5.25491e-07
0.00148555	5.69066e-07
0.00150041	6.16191e-07
0.00151541	6.67253e-07
0.00153057	7.22503e-07
0.00154587	7.8238e-07
0.00156133	8.4716e-07
0.00157695	9.17343e-07
0.00159271	9.9331e-07
0.00160864	1.07557e-06
0.00162473	1.16471e-06
0.00164098	1.26122e-06
0.00165739	1.36569e-06
0.00167396	1.47876e-06
0.0016907	1.60129e-06
0.00170761	1.73401e-06
0.00172468	1.8776e-06
0.00174193	2.03316e-06
0.00175935	2.20138e-06
0.00177694	2.38381e-06
0.00179471	2.58125e-06
0.00181266	2.79499e-06
0.00183078	3.02647e-06
0.00184909	3.27713e-06
0.00186758	3.54869e-06
0.00188626	3.84259e-06
0.00190512	4.16077e-06
0.00192417	4.50539e-06
0.00194341	4.87848e-06
0.00196285	5.28238e-06
0.00198248	5.71976e-06
0.0020023	6.19356e-06
0.00202232	6.70635e-06
0.00204255	7.26176e-06
0.00206297	7.86323e-06
0.0020836	8.51395e-06
0.00210444	9.21923e-06
0.00212548	9.98272e-06
0.00214674	1.08091e-05
0.00216821	1.17035e-05
0.00218989	1.26727e-05
0.00221179	1.37218e-05
0.0022339	1.48581e-05
0.00225624	1.60875e-05
0.00227881	1.74193e-05
0.00230159	1.88615e-05
0.00232461	2.04222e-05
0.00234786	2.21126e-05
0.00237134	2.3943e-05
0.00239505	2.59243e-05
0.002419	2.80694e-05
0.00244319	3.03934e-05
0.00246762	3.29073e-05
0.0024923	3.56309e-05
0.00251722	3.85783e-05
0.00254239	4.17699e-05
0.00256782	4.52254e-05
0.00259349	4.89676e-05
0.00261943	5.30177e-05
0.00264562	5.74035e-05
0.00267208	6.21502e-05
0.0026988	6.72902e-05
0.00272579	7.28555e-05
0.00275305	7.88785e-05
0.00278058	8.54011e-05
0.00280838	9.2462e-05
0.00283647	0.000100105
0.00286483	0.00010838
0.00289348	0.000117338
0.00292241	0.000127034
0.00295164	0.000137532
0.00298115	0.000148895
0.00301097	0.000161198
0.00304108	0.000174513
0.00307149	0.000188927
0.0031022	0.000204531
0.00313322	0.000221416
0.00316456	0.000239697
0.0031962	0.000259483
0.00322816	0.000280902
0.00326045	0.00030408
0.00329305	0.000329176
0.00332598	0.000356328
0.00335924	0.00038572
0.00339283	0.000417524
0.00342676	0.000451955
0.00346103	0.000489207
0.00349564	0.000529534
0.00353059	0.000573158
0.0035659	0.000620385
0.00360156	0.000671476
0.00363758	0.000726775
0.00367395	0.000786592
0.00371069	0.000851336
0.0037478	0.000921376
0.00378528	0.000997158
0.00382313	0.00107916
0.00386136	0.00116787
0.00389997	0.00126383
0.00393897	0.00136765
0.00397836	0.00147997
0.00401815	0.00160146
0.00405833	0.00173286
0.00409891	0.00187501
0.0041399	0.00202874
0.0041813	0.00219501
0.00422311	0.00237483
0.00426534	0.00256928
0.004308	0.00277955
0.00435108	0.00300694
0.00439459	0.00325275
0.00443853	0.00351856
0.00448292	0.00380589
0.00452775	0.00411652
0.00457303	0.00445231
0.00461876	0.00481521
0.00466494	0.00520748
0.00471159	0.00563136
0.00475871	0.00608943
0.0048063	0.00658438
0.00485436	0.00711911
0.0049029	0.00769685
0.00495193	0.00832089
0.00500145	0.00899494
0.00505146	0.00972292
0.00510198	0.0105091
0.005153	0.0113578
0.00520453	0.0122743
0.00525657	0.0132635
0.00530914	0.0143312
0.00536223	0.0154836
0.00541585	0.0167269
0.00547001	0.0180686
0.00552471	0.0195157
0.00557996	0.0210766
0.00563576	0.0227597
0.00569212	0.0245745
0.00574904	0.0265309
0.00580653	0.0286394
0.00586459	0.0309116
0.00592324	0.0333595
0.00598247	0.0359963
0.0060423	0.0388357
0.00610272	0.0418929
0.00616375	0.0451834
0.00622538	0.0487242
0.00628764	0.0525339
0.00635051	0.0566312
0.00641402	0.0610364
0.00647816	0.0657715
0.00654294	0.0708597
0.00660837	0.0763251
0.00667445	0.0821942
0.0067412	0.0884941
0.00680861	0.0952539
0.0068767	0.102504
0.00694546	0.110278
0.00701492	0.118609
0.00708507	0.127533
0.00715592	0.137087
0.00722748	0.147312
0.00729975	0.158248
0.00737275	0.169939
0.00744648	0.182428
0.00752094	0.195764
0.00759615	0.209994
0.00767211	0.225168
0.00774883	0.241338
0.00782632	0.258555
0.00790459	0.276873
0.00798363	0.296348
0.00806347	0.317032
0.0081441	0.338985
0.00822554	0.362258
0.0083078	0.386908
0.00839088	0.412988
0.00847479	0.440549
0.00855953	0.469642
0.00864513	0.500311
0.00873158	0.5326
0.0088189	0.566543
0.00890709	0.602175
0.00899616	0.639516
0.00908612	0.678582
0.00917698	0.719376
0.00926875	0.761892
0.00936144	0.806108
0.00945505	0.851988
0.0095496	0.899476
0.0096451	0.9485
0.00974155	0.998964
0.00983896	1.05075
0.00993735	1.1037
0.0100367	1.15766
0.0101371	1.2124
0.0102385	1.26769
0.0103409	1.32325
0.0104443	1.37876
0.0105487	1.43386
0.0106542	1.48816
0.0107607	1.54121
0.0108683	1.59252
0.010977	1.64155
0.0110868	1.68774
0.0111977	1.73045
0.0113096	1.76903
0.0114227	1.80279
0.011537	1.831
0.0116523	1.85292
0.0117689	1.8678
0.0118865	1.87488
0.0120054	1.87344
0.0121255	1.86276
0.0122467	1.84221
0.0123692	1.81123
0.0124929	1.76935
0.0126178	1.71626
0.012744	1.65183
0.0128714	1.57612
0.0130001	1.48945
0.0131301	1.39246
0.0132614	1.2861
0.0133941	1.17173
0.013528	1.05113
0.0136633	0.926539
0.0137999	0.800753
0.0139379	0.677084
0.0140773	0.559417
0.0142181	0.45221
0.0143602	0.360509
0.0145038	0.289888
0.0146489	0.246427
0.0147954	0.236619
0.0149433	0.267257
0.0150928	0.345292
0.0152437	0.477642
0.0153961	0.670958
0.0155501	0.931344
0.0157056	1.26407
0.0158626	1.67318
0.0160213	2.16109
0.0161815	2.72827
0.0163433	3.3727
0.0165067	4.08955
0.0166718	4.87077
0.0168385	5.7048
0.0170069	6.57632
0.017177	7.46625
0.0173487	8.35178
0.0175222	9.20675
0.0176974	10.0022
0.0178744	10.7073
0.0180532	11.2905
0.0182337	11.7211
0.018416	11.9711
0.0186002	12.0173
0.0187862	11.8438
0.0189741	11.444
0.0191638	10.8235
0.0193554	10.0019
0.019549	9.01448
0.0197445	7.91292
0.0199419	6.76521
0.0201413	5.65411
0.0203427	4.67398
0.0205462	3.92611
0.0207516	3.51213
0.0209592	3.52604
0.0211687	4.0449
0.0213804	5.11897
0.0215942	6.76214
0.0218102	8.94382
0.0220283	11.5832
0.0222486	14.5481
0.0224711	17.6583
0.0226958	20.696
0.0229227	23.4224
0.0231519	25.6005
0.0233835	27.0234
0.0236173	27.5441
0.0238535	27.105
0.024092	25.7601
0.0243329	23.6879
0.0245763	21.1868
0.024822	18.6529
0.0250702	16.5367
0.0253209	15.2826
0.0255742	15.2571
0.0258299	16.6759
0.0260882	19.5454
0.0263491	23.6315
0.0266126	28.4709
0.0268787	33.431
0.0271475	37.8173
0.027419	41.0138
0.0276931	42.6291
0.0279701	42.6146
0.0282498	41.3133
0.0285323	39.4152
0.0288176	37.8058
0.0291058	37.3345
0.0293968	38.5551
0.0296908	41.5202
0.0299877	45.7136
0.0302876	50.1761
0.0305905	53.8258
0.0308964	55.889
0.0312053	56.2891
0.0315174	55.8092
0.0318326	55.8887
0.0321509	58.0435
0.0324724	63.0858
0.0327971	70.4845
0.0331251	78.2589
0.0334563	83.6481
0.0337909	84.4472
0.0341288	80.4675
0.0344701	74.2899
0.0348148	70.5938
0.0351629	73.9679
0.0355146	86.0637
0.0358697	103.729
0.0362284	119.711
0.0365907	126.323
0.0369566	120.465
0.0373262	106.822
0.0376994	96.3021
0.0380764	99.4855
0.0384572	118.756
0.0388418	145.08
0.0392302	163.275
0.0396225	163.378
0.0400187	149.534
0.0404189	137.851
0.0408231	143.063
0.0412313	164.925
0.0416436	188.001
0.0420601	197.005
0.0424807	192.892
0.0429055	191.234
0.0433345	202.789
0.0437679	219.392
0.0442056	225.579
0.0446476	223.219
0.0450941	232.713
0.045545	261.647
0.0460005	284.67
0.0464605	275.787
0.0469251	255.853
0.0473943	273.645
0.0478683	328.467
0.048347	356.145
0.0488304	326.963
0.0493187	306.367
0.0498119	352.863
0.05031	410.684
0.0508131	404.539
0.0513213	379.587
0.0518345	411.154
0.0523528	456.775
0.0528764	460.228
0.0534051	471.207
0.0539392	504.931
0.0544786	505.278
0.0550234	521.237
0.0555736	589.473
0.0561293	588.973
0.0566906	558.206
0.0572575	647.615
0.0578301	695.703
0.0584084	636.531
0.0589925	703.681
0.0595824	778.284
0.0601782	743.087
0.06078	796.003
0.0613878	839.767
0.0620017	865.044
0.0626217	909.774
0.0632479	921.53
0.0638804	1015.92
0.0645192	967.558
0.0651644	1040.48
0.065816	1135.78
0.0664742	1142.59
0.0671389	1167.92
0.0678103	1248.65
0.0684884	1253.28
0.0691733	1361.16
0.0698651	1400.48
0.0705637	1435.34
0.0712693	1511.04
0.071982	1572.4
0.0727019	1636.24
0.0734289	1702.68
0.0741632	1771.82
0.0749048	1843.76
0.0756538	1918.63
0.0764104	1996.53
0.0771745	2077.6
0.0779462	2161.96
0.0787257	2249.74
0.079513	2341.09
0.0803081	2436.15
0.0811112	2535.07
0.0819223	2638
0.0827415	2745.12
0.0835689	2856.58
0.0844046	2972.57
0.0852486	3093.27
0.0861011	3218.87
0.0869621	3349.57
0.0878318	3485.58
0.0887101	3627.11
0.0895972	3774.39
0.0904932	3927.65
0.0913981	4087.13
0.0923121	4253.08
0.0932352	4425.78
0.0941675	4605.48
0.0951092	4792.49
0.0960603	4987.08
0.0970209	5189.58
0.0979911	5400.3
0.098971	5619.58
0.0999607	5847.76
0.10096	6085.21
0.10197	6332.3
0.10299	6589.42
0.10402	6856.98
0.10506	7135.4
0.10611	7425.14
0.107171	7726.63
0.108243	8040.37
0.109326	8366.85
0.110419	8706.58
0.111523	9060.11
0.112638	9427.99
0.113765	9810.82
0.114902	10209.2
0.116051	10623.7
0.117212	11055.1
0.118384	11504
0.119568	11971.1
0.120763	12457.2
0.121971	12963
0.123191	13489.4
0.124423	14037.1
0.125667	14607.1
0.126924	15200.2
0.128193	15817.4
0.129475	16459.7
0.13077	17128
0.132077	17823.5
0.133398	18547.2
0.134732	19300.4
0.136079	20084.1
0.13744	20899.6
0.138814	21748.2
0.140203	22631.3
0.141605	23550.2
0.143021	24506.5
0.144451	25501.6
0.145895	26537.1
0.147354	27614.7
0.148828	28736
0.150316	29902.8
0.151819	31117
0.153338	32380.5
0.154871	33695.4
0.15642	35063.6
0.157984	36487.4
0.159564	37969
0.161159	39510.7
0.162771	41115.1
0.164399	42784.6
0.166043	44521.9
0.167703	46329.7
0.16938	48211
0.171074	50168.6
0.172785	52205.8
0.174512	54325.6
0.176258	56531.6
0.17802	58827.1
0.1798	61215.8
0.181598	63701.6
0.183414	66288.2
0.185248	68979.9
0.187101	71781
0.188972	74695.7
0.190862	77728.8
0.19277	80885.1
0.194698	84169.6
0.196645	87587.4
0.198611	91144
0.200598	94845
0.202604	98696.4
0.20463	102704
0.206676	106875
0.208743	111214
0.21083	115730
0.212938	120430
0.215068	125320
0.217218	130409
0.219391	135705
0.221584	141215
0.2238	146950
0.226038	152917
0.228299	159126
0.230582	165588
0.232888	172312
0.235216	179309
0.237569	186591
0.239944	194168
0.242344	202052
0.244767	210257
0.247215	218795
0.249687	227680
0.252184	236926
0.254706	246547
0.257253	256559
0.259825	266977
0.262423	277818
0.265048	289100
0.267698	300840
0.270375	313057
0.273079	325770
0.27581	338999
0.278568	352765
0.281354	367091
0.284167	381998
0.287009	397510
0.289879	413653
0.292778	430451
0.295705	447932
0.298662	466122
0.301649	485051
0.304666	504749
0.307712	525247
0.310789	546577
0.313897	568774
0.317036	591872
0.320207	615908
0.323409	640920
0.326643	666949
0.329909	694034
0.333208	722219
0.33654	751550
0.339906	782071
0.343305	813832
0.346738	846883
0.350205	881276
0.353707	917067
0.357244	954311
0.360817	993067
0.364425	1.0334e+06
0.368069	1.07537e+06
0.37175	1.11904e+06
0.375467	1.16449e+06
0.379222	1.21178e+06
0.383014	1.261e+06
0.386844	1.31221e+06
0.390713	1.3655e+06
0.39462	1.42096e+06
0.398566	1.47867e+06
0.402552	1.53873e+06
0.406577	1.60122e+06
0.410643	1.66625e+06
0.41475	1.73393e+06
0.418897	1.80435e+06
0.423086	1.87764e+06
0.427317	1.9539e+06
0.43159	2.03326e+06
0.435906	2.11584e+06
0.440265	2.20178e+06
0.444668	2.29121e+06
0.449114	2.38427e+06
0.453605	2.48111e+06
0.458142	2.58188e+06
0.462723	2.68675e+06
0.46735	2.79588e+06
0.472024	2.90945e+06
0.476744	3.02762e+06
0.481511	3.1506e+06
0.486326	3.27858e+06
0.49119	3.41175e+06
0.496102	3.55033e+06
0.501063	3.69455e+06
0.506073	3.84462e+06
0.511134	4.00079e+06
0.516245	4.16331e+06
0.521408	4.33242e+06
0.526622	4.50841e+06
0.531888	4.69155e+06
0.537207	4.88213e+06
0.542579	5.08046e+06
0.548005	5.28684e+06
0.553485	5.50161e+06
0.55902	5.72511e+06
0.56461	5.95768e+06
0.570256	6.19971e+06
0.575959	6.45158e+06
0.581718	6.71367e+06
0.587535	6.98642e+06
0.593411	7.27025e+06
0.599345	7.56562e+06
0.605338	7.87299e+06
0.611392	8.19285e+06
0.617506	8.52571e+06
0.623681	8.8721e+06
0.629917	9.23256e+06
0.636217	9.60768e+06
0.642579	9.99804e+06
0.649005	1.04043e+07
0.655495	1.0827e+07
0.66205	1.12669e+07
0.66867	1.17247e+07
0.675357	1.22011e+07
0.68211	1.26969e+07
0.688931	1.32128e+07
0.695821	1.37497e+07
0.702779	1.43084e+07
0.709807	1.48899e+07
0.716905	1.5495e+07
0.724074	1.61246e+07
0.731315	1.67799e+07
0.735599	1.71769e+07
0.761075	1.96852e+07
0.786415	2.24435e+07
0.811677	2.54725e+07
0.836868	2.87887e+07
0.861995	3.24093e+07
0.886817	3.63117e+07
0.912154	4.06485e+07
0.936806	4.52305e+07
0.961955	5.02939e+07
0.986829	5.57095e+07
1.01145	6.149e+07
1.03618	6.77394e+07
1.06068	7.43881e+07
1.08529	8.15498e+07
1.10968	8.91468e+07
1.13419	9.73026e+07
1.15849	1.05931e+08
1.18259	1.15047e+08
1.20652	1.24665e+08
1.23056	1.3493e+08
1.25444	1.45736e+08
1.27787	1.56961e+08
1.30143	1.68894e+08
1.32512	1.81567e+08
1.34839	1.947e+08
1.3718	2.08617e+08
1.39481	2.23016e+08
1.41796	2.38243e+08
1.44074	2.53976e+08
1.46365	2.70583e+08
1.48646	2.87908e+08
1.50893	3.05774e+08
1.53153	3.24584e+08
1.55404	3.44167e+08
1.57623	3.64328e+08
1.59856	3.85505e+08
1.62081	4.07511e+08
1.64298	4.30365e+08
1.66485	4.53848e+08
1.68687	4.78449e+08
1.7086	5.03705e+08
1.73048	5.30132e+08
1.75209	5.57241e+08
1.77384	5.85574e+08
1.79533	6.14617e+08
1.81676	6.44655e+08
1.83833	6.75998e+08
1.85966	7.08094e+08
1.88094	7.41248e+08
1.90216	7.75481e+08
1.92335	8.10815e+08
1.94448	8.47272e+08
1.96558	8.84875e+08
1.98663	9.23645e+08
2.00746	9.63257e+08
2.02826	1.00407e+09
2.04919	1.04646e+09
2.06992	1.08975e+09
2.09079	1.13468e+09
2.11145	1.18053e+09
2.13208	1.22769e+09
2.15268	1.2762e+09
2.17325	1.32607e+09
2.19363	1.37691e+09
2.21415	1.42957e+09
2.23464	1.48367e+09
2.25494	1.53879e+09
2.27522	1.59539e+09
2.29564	1.65394e+09
2.31588	1.71357e+09
2.3361	1.77474e+09
2.3563	1.83749e+09
2.37632	1.90135e+09
2.39634	1.96683e+09
2.41648	2.03445e+09
2.43646	2.10324e+09
2.45642	2.17372e+09
2.47637	2.24592e+09
2.4963	2.31988e+09
2.51622	2.3956e+09
2.53612	2.47314e+09
2.55587	2.55194e+09
2.57575	2.63316e+09
2.59548	2.71568e+09
2.6152	2.80011e+09
2.6349	2.88646e+09
2.6546	2.97478e+09
2.67429	3.06509e+09
2.69383	3.15679e+09
2.7139	3.2531e+09
2.73249	3.34434e+09
2.75228	3.44353e+09
2.77193	3.54421e+09
2.79143	3.64638e+09
2.8108	3.75004e+09
2.83004	3.8552e+09
2.85042	3.96902e+09
2.8694	4.07728e+09
2.88825	4.18704e+09
2.90822	4.30577e+09
2.92681	4.41865e+09
2.94652	4.54071e+09
2.9661	4.6645e+09
2.98555	4.79001e+09
3.00367	4.90925e+09
3.02288	5.03812e+09
3.04316	5.17695e+09
3.06212	5.30942e+09
3.08096	5.44363e+09
3.09969	5.57961e+09
3.11947	5.72601e+09
3.13797	5.86565e+09
3.1575	6.01595e+09
3.17692	6.16827e+09
3.19509	6.31353e+09
3.21428	6.46983e+09
3.23335	6.6282e+09
3.25232	6.78865e+09
3.27117	6.95122e+09
3.28992	7.11592e+09
3.30965	7.29259e+09
3.32818	7.46176e+09
3.34661	7.63315e+09
3.36601	7.81704e+09
3.38423	7.99314e+09
3.40342	8.18199e+09
3.42249	8.37356e+09
3.44147	8.56797e+09
3.46034	8.76502e+09
3.4791	8.96493e+09
3.49777	9.16797e+09
3.51634	9.37391e+09
3.53481	9.58323e+09
3.5542	9.80703e+09
3.57247	1.00233e+10
3.59166	1.02548e+10
3.60974	1.04782e+10
3.62873	1.07179e+10
3.64763	1.0962e+10
3.66642	1.12103e+10
3.68512	1.14641e+10
3.70372	1.17235e+10
3.72223	1.19886e+10
3.74065	1.22592e+10
3.75898	1.2535e+10
3.77722	1.28183e+10
3.79633	1.31234e+10
3.81439	1.34203e+10
3.83331	1.37401e+10
3.85214	1.40708e+10
3.87088	1.44095e+10
3.88859	1.47446e+10
3.90715	1.51045e+10
3.92563	1.54762e+10
3.94493	1.58782e+10
3.96323	1.62769e+10
3.98144	1.66902e+10
4.00048	1.71385e+10
4.01852	1.7589e+10
4.03738	1.80739e+10
4.05526	1.85656e+10
4.07395	1.90885e+10
4.09256	1.96417e+10
4.11108	2.02211e+10
4.12952	2.08201e+10
4.14787	2.14571e+10
4.16615	2.21163e+10
4.18434	2.28197e+10
4.20246	2.35604e+10
4.22135	2.43581e+10
4.23931	2.51822e+10
4.25804	2.60696e+10
4.27669	2.7007e+10
4.29442	2.79614e+10
4.31291	2.90072e+10
4.33132	3.01363e+10
4.34966	3.13098e+10
4.36792	3.2606e+10
4.3861	3.39288e+10
4.40503	3.53506e+10
4.42306	3.68394e+10
4.44102	3.84183e+10
4.45971	4.01525e+10
4.47752	4.19354e+10
4.49607	4.38474e+10
4.51453	4.59265e+10
4.53293	4.80854e+10
4.55124	5.04312e+10
4.56949	5.2867e+10
4.58766	5.55174e+10
4.60576	5.82652e+10
4.62379	6.12546e+10
4.64253	6.43745e+10
4.66042	6.7747e+10
4.67901	7.13513e+10
4.69753	7.53011e+10
4.71521	7.93739e+10
4.73358	8.37005e+10
4.75189	8.82941e+10
4.77012	9.31673e+10
4.78829	9.83357e+10
4.80639	1.03812e+11
4.82517	1.09644e+11
4.84313	1.15798e+11
4.86102	1.2231e+11
4.87959	1.29235e+11
4.89735	1.36535e+11
4.91578	1.44492e+11
4.93415	1.52698e+11
4.95244	1.61372e+11
4.97067	1.7079e+11
4.98883	1.80483e+11
5.00692	1.90719e+11
5.02495	2.01817e+11
5.04364	2.13252e+11
5.06154	2.25629e+11
5.08008	2.38899e+11
5.09786	2.53264e+11
5.11627	2.67879e+11
5.13462	2.82868e+11
5.15221	2.99054e+11
5.17043	3.16106e+11
5.18929	3.33624e+11
5.20738	3.52538e+11
5.22541	3.72401e+11
5.24338	3.93283e+11
5.26197	4.15286e+11
5.27982	4.38343e+11
5.29828	4.62615e+11
5.31601	4.88048e+11
5.33435	5.14744e+11
5.35263	5.42768e+11
5.37084	5.72953e+11
5.389	6.03781e+11
5.40709	6.36069e+11
5.42513	6.69841e+11
5.44376	7.06268e+11
5.46168	7.43354e+11
5.47953	7.82073e+11
5.49799	8.25821e+11
5.51638	8.70585e+11
5.53471	9.16482e+11
5.55233	9.63019e+11
5.57054	1.01297e+12
5.58869	1.06516e+12
5.60743	1.11833e+12
5.62547	1.17535e+12
5.64345	1.23463e+12
5.66201	1.29673e+12
5.67987	1.36141e+12
5.69831	1.42872e+12
5.71669	1.49915e+12
5.73438	1.5703e+12
5.75264	1.64637e+12
5.77085	1.72785e+12
5.789	1.81034e+12
5.8071	1.89612e+12
5.82575	1.9855e+12
5.84373	2.07826e+12
5.86227	2.17752e+12
5.88014	2.27787e+12
5.89857	2.38207e+12
5.91633	2.49318e+12
5.93464	2.60544e+12
5.9529	2.73247e+12
5.97111	2.86149e+12
5.98925	2.99097e+12
6.00795	3.12193e+12
6.02598	3.26162e+12
6.04397	3.40594e+12
6.06249	3.55147e+12
6.08096	3.70704e+12
6.09878	3.86777e+12
6.11714	4.034e+12
6.13545	4.20642e+12
6.1537	4.38478e+12
6.1719	4.56942e+12
6.19004	4.76003e+12
6.20871	4.9576e+12
6.22675	5.16225e+12
6.24473	5.37283e+12
6.26324	5.59062e+12
6.2817	5.81681e+12
6.29952	6.04947e+12
6.31787	6.30252e+12
6.33617	6.56481e+12
6.35441	6.83484e+12
6.37317	7.04316e+12
6.39131	7.33088e+12
6.4094	7.62676e+12
6.42799	7.93265e+12
6.44598	8.27121e+12
6.46447	8.62094e+12
6.48291	8.9588e+12
6.5013	9.21882e+12
6.51964	9.57594e+12
6.53792	9.94389e+12
6.55615	1.03237e+13
6.57434	1.07148e+13
6.59247	1.11161e+13
6.6111	1.15315e+13
6.62913	1.19587e+13
6.64766	1.23971e+13
6.66614	1.28492e+13
6.68456	1.31961e+13
6.70294	1.36721e+13
6.72126	1.41612e+13
6.73954	1.46646e+13
6.75776	1.51803e+13
6.77647	1.5712e+13
6.7946	1.62584e+13
6.81321	1.68186e+13
6.83176	1.73974e+13
6.84974	1.79899e+13
6.8682	1.85963e+13
6.88661	1.92202e+13
6.90497	1.98612e+13
6.92329	2.05164e+13
6.94207	2.11909e+13
6.96029	2.18828e+13
6.97897	2.26561e+13
6.99709	2.34496e+13
7.01568	2.41977e+13
7.03422	2.49675e+13
7.05271	2.57552e+13
7.07115	2.65639e+13
7.08954	2.73927e+13
7.10789	2.8236e+13
7.12669	2.91032e+13
7.14494	2.99929e+13
7.16365	3.09047e+13
7.18181	3.18337e+13
7.20042	3.27833e+13
7.21898	3.37592e+13
7.2375	3.47551e+13
7.25597	3.57739e+13
7.27439	3.68125e+13
7.29327	3.78795e+13
7.3116	3.89679e+13
7.33037	4.0079e+13
7.3491	4.15186e+13
7.36729	4.26876e+13
7.38593	4.38753e+13
7.40452	4.50949e+13
7.42306	4.63351e+13
7.44204	4.76079e+13
7.46049	4.89122e+13
7.47889	5.02317e+13
7.49773	5.15865e+13
7.51604	5.29649e+13
7.53479	5.47291e+13
7.55349	5.63319e+13
7.57215	5.79695e+13
7.59076	5.94798e+13
7.60932	6.10109e+13
7.62831	6.25816e+13
7.64678	6.41916e+13
7.66521	6.62342e+13
7.68407	6.78952e+13
7.70287	6.95957e+13
7.72164	7.1332e+13
7.74035	7.31021e+13
7.75902	7.53664e+13
7.77765	7.7207e+13
7.79623	7.9069e+13
7.81524	8.09797e+13
7.83373	8.29234e+13
7.85264	8.54041e+13
7.8715	8.74453e+13
7.88987	8.9499e+13
7.90864	9.15632e+13
7.92783	9.37024e+13
7.94652	9.64472e+13
7.96516	9.86443e+13
7.98421	1.00904e+14
8.00277	1.032e+14
8.02173	1.06112e+14
8.04065	1.08513e+14
8.05907	1.10933e+14
8.0779	1.1335e+14
8.09714	1.1649e+14
8.11588	1.19061e+14
8.13458	1.21636e+14
8.15368	1.24948e+14
8.17229	1.27988e+14
8.1913	1.31064e+14
8.21027	1.34566e+14
8.22919	1.37409e+14
8.24807	1.4029e+14
8.26691	1.43215e+14
8.28571	1.46923e+14
8.3049	1.49957e+14
8.3236	1.53025e+14
8.34271	1.56911e+14
8.36176	1.60094e+14
8.38078	1.64154e+14
8.39975	1.67434e+14
8.41868	1.70765e+14
8.43756	1.74976e+14
8.45683	1.7841e+14
8.47563	1.81886e+14
8.49482	1.86276e+14
8.51438	1.90128e+14
8.53136	1.9456e+14
8.55254	1.98286e+14
8.56944	2.02014e+14
8.59052	2.06839e+14
8.60735	2.10641e+14
8.62834	2.15096e+14
8.64927	2.19641e+14
8.66599	2.23698e+14
8.68683	2.289e+14
8.70348	2.32986e+14
8.72423	2.37732e+14
8.74494	2.42679e+14
8.76147	2.48152e+14
8.78209	2.52632e+14
8.79855	2.58146e+14
8.81909	2.61939e+14
8.83957	2.68474e+14
8.86001	2.74783e+14
8.87633	2.80735e+14
8.89668	2.8481e+14
8.91699	2.91789e+14
8.9332	2.96698e+14
8.95343	3.02099e+14
8.97361	3.07113e+14
8.99374	3.13666e+14
9.01383	3.20006e+14
9.02987	3.2661e+14
9.04988	3.30889e+14
9.06984	3.37603e+14
9.08976	3.43114e+14
9.10964	3.50149e+14
9.12947	3.55931e+14
9.14926	3.64491e+14
9.16506	3.71706e+14
9.18478	3.76242e+14
9.20445	3.83569e+14
9.22408	3.89555e+14
9.24367	3.97193e+14
9.26321	4.04951e+14
9.28272	4.11222e+14
9.30218	4.19159e+14
9.32161	4.25553e+14
9.34099	4.33693e+14
9.36034	4.41941e+14
9.37964	4.48564e+14
9.3989	4.56941e+14
9.41813	4.65327e+14
9.43731	4.71041e+14
9.46029	4.79849e+14
9.47939	4.89855e+14
9.49845	4.97159e+14
9.51747	5.06248e+14
9.53646	5.15356e+14
9.5554	5.2252e+14
9.57431	5.31924e+14
9.59696	5.43029e+14
9.61579	5.52073e+14
9.63458	5.6177e+14
9.65333	5.7004e+14
9.67579	5.78085e+14
9.69447	5.89701e+14
9.71311	5.99853e+14
9.73171	6.0837e+14
9.75399	6.16727e+14
9.77252	6.28778e+14
9.79101	6.37662e+14
9.81315	6.48521e+14
9.83156	6.58876e+14
9.84994	6.67923e+14
9.87196	6.78886e+14
9.89026	6.89991e+14
9.91218	7.01735e+14
9.93041	7.12844e+14
9.94861	7.22183e+14
9.9704	7.33696e+14
9.98853	7.45342e+14
10.0102	7.81902e+14
10.0283	7.91647e+14
10.0499	8.04272e+14
10.0679	8.16606e+14
10.0894	8.26865e+14
10.1109	8.42745e+14
10.1288	8.55911e+14
10.1502	8.6932e+14
10.168	8.79608e+14
10.1893	8.90072e+14
10.2106	9.06883e+14
10.2283	9.20465e+14
10.2495	9.31174e+14
10.2707	9.48734e+14
10.2883	9.62736e+14
10.3093	9.73575e+14
10.3304	9.91747e+14
10.3479	1.00303e+15
10.3688	1.01647e+15
10.3897	1.0343e+15
10.4106	1.0538e+15
10.4279	1.0687e+15
10.4487	1.07942e+15
10.4695	1.09444e+15
10.4902	1.10995e+15
10.5109	1.12578e+15
10.5315	1.14222e+15
10.5521	1.16383e+15
10.5692	1.17983e+15
10.5897	1.19063e+15
10.6102	1.20646e+15
10.6307	1.22292e+15
10.651	1.23963e+15
10.6714	1.25647e+15
10.6917	1.27347e+15
10.712	1.29062e+15
10.7323	1.30795e+15
10.7525	1.32539e+15
10.7726	1.34281e+15
10.7928	1.35994e+15
10.8128	1.37334e+15
10.8363	1.39683e+15
10.8555	1.42045e+15
10.8747	1.43384e+15
10.8972	1.45177e+15
10.9163	1.46941e+15
10.9386	1.48206e+15
10.9609	1.50066e+15
10.9831	1.52572e+15
11.002	1.54053e+15
11.0241	1.55319e+15
11.0461	1.57154e+15
11.0682	1.59063e+15
11.0902	1.61015e+15
11.1121	1.62975e+15
11.1341	1.64545e+15
11.1559	1.66527e+15
11.1777	1.68496e+15
11.1995	1.70438e+15
11.2212	1.71511e+15
11.2462	1.74046e+15
11.2678	1.77048e+15
11.2894	1.78166e+15
11.3142	1.80215e+15
11.3357	1.82291e+15
11.3603	1.84001e+15
11.3817	1.86082e+15
11.4063	1.87789e+15
11.4276	1.89858e+15
11.4521	1.9098e+15
11.4764	1.93763e+15
11.4977	1.95458e+15
11.5219	1.96953e+15
11.5462	1.98633e+15
11.5703	2.00837e+15
11.5945	2.02594e+15
11.6186	2.04855e+15
11.6426	2.06658e+15
11.6666	2.08465e+15
11.6905	2.10747e+15
11.7144	2.12553e+15
11.7382	2.14779e+15
11.762	2.15994e+15
11.7888	2.1787e+15
11.8124	2.20755e+15
11.836	2.22012e+15
11.8627	2.23845e+15
11.8862	2.26195e+15
11.9127	2.28109e+15
11.9361	2.29991e+15
11.9625	2.31933e+15
11.9858	2.34262e+15
12.0121	2.35435e+15
12.0383	2.37361e+15
12.0645	2.40625e+15
12.0877	2.42572e+15
12.1137	2.43742e+15
12.1397	2.45636e+15
12.1656	2.47586e+15
12.1915	2.50082e+15
12.2174	2.52095e+15
12.2431	2.54017e+15
12.2689	2.55345e+15
12.2975	2.57439e+15
12.3231	2.60677e+15
12.3487	2.62713e+15
12.3742	2.64045e+15
12.4026	2.6606e+15
12.428	2.68104e+15
12.4562	2.70218e+15
12.4815	2.72298e+15
12.5095	2.75e+15
12.5348	2.77087e+15
12.5628	2.79215e+15
12.5879	2.81212e+15
12.6158	2.83256e+15
12.6436	2.8611e+15
12.6714	2.88257e+15
12.699	2.90435e+15
12.7267	2.92625e+15
12.7543	2.94836e+15
12.7819	2.97667e+15
12.8093	2.99897e+15
12.8368	3.02131e+15
12.8641	3.04361e+15
12.8915	3.06494e+15
12.9187	3.07904e+15
12.9487	3.10088e+15
12.9758	3.12294e+15
13.0057	3.14585e+15
13.0328	3.16867e+15
13.0625	3.19222e+15
13.0895	3.2154e+15
13.1191	3.23889e+15
13.1459	3.26053e+15
13.1755	3.27391e+15
13.2049	3.29657e+15
13.2343	3.3211e+15
13.2637	3.35598e+15
13.2902	3.37931e+15
13.3195	3.39133e+15
13.3486	3.4054e+15
13.3804	3.42906e+15
13.4095	3.46223e+15
13.4384	3.48746e+15
13.4674	3.51084e+15
13.4963	3.52586e+15
13.5277	3.54971e+15
13.5565	3.5737e+15
13.5878	3.59865e+15
13.6164	3.623e+15
13.6477	3.64181e+15
13.6762	3.66532e+15
13.7073	3.6792e+15
13.7384	3.7048e+15
13.7693	3.74207e+15
13.7976	3.76709e+15
13.8284	3.78023e+15
13.8593	3.80358e+15
13.8899	3.81918e+15
13.9232	3.84492e+15
13.9537	3.87406e+15
13.9843	3.90139e+15
14.0147	3.92723e+15
14.0451	3.94199e+15
14.078	3.967e+15
14.1083	3.99295e+15
14.141	4.01949e+15
14.1711	4.04408e+15
14.2038	4.05225e+15
14.2363	4.07937e+15
14.2688	4.11848e+15
14.2987	4.14543e+15
14.331	4.16005e+15
14.3632	4.18519e+15
14.3954	4.20338e+15
14.4276	4.21935e+15
14.4621	4.24783e+15
14.4941	4.28673e+15
14.526	4.31456e+15
14.5578	4.32988e+15
14.5921	4.36124e+15
14.6238	4.40082e+15
14.6579	4.429e+15
14.6895	4.45537e+15
14.7234	4.47072e+15
14.7573	4.49821e+15
14.791	4.52043e+15
14.8248	4.56316e+15
14.856	4.59065e+15
14.8896	4.59293e+15
14.9255	4.62054e+15
14.9589	4.65382e+15
14.9922	4.68265e+15
15.0256	4.69962e+15
15.0611	4.72817e+15
15.0942	4.75627e+15
15.1297	4.7786e+15
15.1626	4.80691e+15
15.1979	4.82413e+15
15.2331	4.86703e+15
15.2659	4.89634e+15
15.3009	4.90413e+15
15.3358	4.93097e+15
15.3707	4.94771e+15
15.4078	4.97849e+15
15.4425	5.01462e+15
15.4771	5.04529e+15
15.5117	5.0617e+15
15.5485	5.09169e+15
15.5829	5.12229e+15
15.6195	5.14582e+15
15.6537	5.1742e+15
15.6902	5.1897e+15
15.7265	5.22016e+15
15.7628	5.25077e+15
15.799	5.27434e+15
15.8351	5.30651e+15
15.8711	5.33659e+15
15.9071	5.35341e+15
15.9452	5.38438e+15
15.981	5.4078e+15
16.0189	5.44067e+15
16.0545	5.47316e+15
16.0923	5.5054e+15
16.1278	5.5284e+15
16.1653	5.54483e+15
16.2028	5.57474e+15
16.2403	5.60731e+15
16.2775	5.63901e+15
16.3148	5.64759e+15
16.3542	5.68136e+15
16.3912	5.72924e+15
16.4281	5.74585e+15
16.4673	5.76305e+15
16.5062	5.805e+15
16.5429	5.83737e+15
16.5818	5.85362e+15
16.6205	5.88694e+15
16.659	5.92016e+15
16.6976	5.94571e+15
16.736	5.97928e+15
16.7744	5.99682e+15
16.8148	6.0301e+15
16.8529	6.06435e+15
16.8931	6.09092e+15
16.9311	6.12356e+15
16.9711	6.14077e+15
17.011	6.17411e+15
17.0508	6.20873e+15
17.0907	6.2372e+15
17.1302	6.27385e+15
17.1698	6.30737e+15
17.2092	6.32419e+15
17.2507	6.35908e+15
17.2899	6.38678e+15
17.3311	6.42217e+15
17.3702	6.47364e+15
17.4112	6.50792e+15
17.4522	6.54037e+15
17.4931	6.56645e+15
17.5339	6.58663e+15
17.5765	6.6245e+15
17.617	6.6781e+15
17.6575	6.69843e+15
17.6999	6.73357e+15
17.7403	6.75977e+15
17.7824	6.77816e+15
17.8245	6.81405e+15
17.8665	6.85192e+15
17.9084	6.88874e+15
17.9501	6.8989e+15
17.9938	6.93531e+15
18.0354	6.97361e+15
18.0789	7.01337e+15
18.1203	7.04995e+15
18.1635	7.06823e+15
18.2067	7.10543e+15
18.2497	7.13641e+15
18.2927	7.17614e+15
18.3356	7.21402e+15
18.3783	7.23223e+15
18.423	7.27041e+15
18.4656	7.30895e+15
18.51	7.32147e+15
18.5542	7.38193e+15
18.5965	7.41955e+15
18.6406	7.41748e+15
18.6864	7.45705e+15
18.7303	7.517e+15
18.774	7.54012e+15
18.8195	7.57989e+15
18.863	7.60825e+15
18.9084	7.62695e+15
18.9536	7.6666e+15
18.9987	7.70828e+15
19.0437	7.74882e+15
19.0886	7.76933e+15
19.1353	7.81002e+15
19.18	7.85008e+15
19.2264	7.86366e+15
19.2728	7.92819e+15
19.3171	7.9677e+15
19.3633	7.96482e+15
19.4111	8.00725e+15
19.457	8.07261e+15
19.5027	8.09401e+15
19.5502	8.11382e+15
19.5976	8.18019e+15
19.643	8.22361e+15
19.6902	8.24089e+15
19.7372	8.25021e+15
19.786	8.29373e+15
19.8327	8.33855e+15
19.8812	8.38475e+15
19.9278	8.42825e+15
19.9761	8.44958e+15
20.0243	8.82734e+15
20.0723	8.8756e+15
20.1202	8.92349e+15
20.1679	8.9463e+15
20.2174	8.99008e+15
20.265	9.0352e+15
20.3142	9.05882e+15
20.3633	9.10561e+15
20.4123	9.1525e+15
20.4612	9.17784e+15
20.5116	9.22528e+15
20.5602	9.26934e+15
20.6105	9.29297e+15
20.6606	9.34235e+15
20.7106	9.39387e+15
20.7605	9.44517e+15
20.8102	9.46985e+15
20.8615	9.51714e+15
20.911	9.56407e+15
20.9622	9.58824e+15
21.0132	9.64004e+15
21.0639	9.68824e+15
21.1147	9.73589e+15
21.167	9.81092e+15
21.2174	9.85858e+15
21.2695	9.88388e+15
21.3215	9.93836e+15
21.3731	9.99226e+15
21.4248	1.00411e+16
21.4763	1.00633e+16
21.5294	1.00854e+16
21.5824	1.014e+16
21.6351	1.01979e+16
21.6878	1.02529e+16
21.7403	1.03067e+16
21.7928	1.03339e+16
21.8467	1.03884e+16
21.8988	1.04374e+16
21.9525	1.04338e+16
22.0077	1.04885e+16
22.0611	1.05738e+16
22.1142	1.06018e+16
22.169	1.0636e+16
22.2237	1.06928e+16
22.2782	1.07522e+16
22.3325	1.08116e+16
22.3866	1.08405e+16
22.4423	1.0893e+16
22.4963	1.09448e+16
22.5517	1.09454e+16
22.6086	1.1007e+16
22.6636	1.11051e+16
22.7186	1.1132e+16
22.7751	1.11593e+16
22.8314	1.12215e+16
22.8874	1.12806e+16
22.9434	1.13092e+16
23.0009	1.13684e+16
23.0567	1.14308e+16
23.1137	1.14738e+16
23.1707	1.15291e+16
23.2276	1.15608e+16
23.2858	1.16219e+16
23.3425	1.16854e+16
23.4003	1.17186e+16
23.4582	1.17844e+16
23.5159	1.18144e+16
23.5749	1.18493e+16
23.6338	1.1943e+16
23.691	1.19766e+16
23.7511	1.20221e+16
23.8096	1.21194e+16
23.8678	1.2152e+16
23.9276	1.21803e+16
23.9871	1.22473e+16
24.0465	1.23265e+16
24.1056	1.23579e+16
24.1661	1.23849e+16
24.2266	1.24516e+16
24.2869	1.25348e+16
24.3468	1.25734e+16
24.4083	1.26396e+16
24.4681	1.27052e+16
24.5293	1.27496e+16
24.5902	1.27891e+16
24.6524	1.28587e+16
24.713	1.29241e+16
24.775	1.29689e+16
24.8368	1.30063e+16
24.8998	1.30785e+16
24.9613	1.3159e+16
25.024	1.31998e+16
25.0866	1.32726e+16
25.1489	1.33182e+16
25.2127	1.3356e+16
25.2763	1.34657e+16
25.3383	1.35214e+16
25.4027	1.35591e+16
25.4658	1.36232e+16
25.5302	1.36752e+16
25.5944	1.37501e+16
25.6583	1.37929e+16
25.7234	1.38433e+16
25.7885	1.39163e+16
25.8534	1.39993e+16
25.9181	1.40948e+16
25.9825	1.41336e+16
26.0483	1.41624e+16
26.1139	1.42441e+16
26.1808	1.43612e+16
26.2459	1.44503e+16
26.3124	1.44883e+16
26.3787	1.4532e+16
26.4462	1.46284e+16
26.5121	1.47117e+16
26.5792	1.4766e+16
26.6462	1.48148e+16
26.7143	1.49233e+16
26.7808	1.50537e+16
26.8472	1.51434e+16
26.9136	1.51859e+16
26.9797	1.49371e+16
27.0587	1.50514e+16
27.1245	1.54838e+16
27.1902	1.55874e+16
27.2557	1.53255e+16
27.334	1.54441e+16
27.399	1.58589e+16
27.464	1.56175e+16
27.5417	1.56723e+16
27.6064	1.5769e+16
27.6836	1.58835e+16
27.7479	1.59846e+16
27.8249	1.60997e+16
27.8888	1.62052e+16
27.9654	1.63103e+16
28.029	1.63722e+16
28.1052	1.60822e+16
28.1812	1.66015e+16
28.2442	1.66929e+16
28.3198	1.6323e+16
28.3953	1.63997e+16
28.4705	1.65682e+16
28.5453	1.71946e+16
28.6077	1.73014e+16
28.6823	1.69013e+16
28.7568	1.69565e+16
28.8311	1.70596e+16
28.905	1.71737e+16
28.9789	1.72756e+16
29.0526	1.73287e+16
29.1262	1.70808e+16
29.2115	1.72264e+16
29.2846	1.77246e+16
29.3575	1.7904e+16
29.4303	1.79943e+16
29.5027	1.77039e+16
29.5872	1.78243e+16
29.6594	1.83028e+16
29.7314	1.80518e+16
29.815	1.8137e+16
29.8866	1.82441e+16
29.97	1.83785e+16
30.0413	1.91992e+16
30.124	1.93405e+16
30.1949	1.94176e+16
30.2774	1.91087e+16
30.3598	1.96983e+16
30.4299	1.98214e+16
30.5118	1.94513e+16
30.5934	1.95373e+16
30.6748	1.97477e+16
30.7561	2.0447e+16
30.8254	2.05848e+16
30.9062	2.01656e+16
30.9868	2.0221e+16
31.0672	2.02927e+16
31.1472	2.00196e+16
31.2387	2.01805e+16
31.3184	2.07612e+16
31.3979	2.09711e+16
31.4771	2.10783e+16
31.5562	2.07826e+16
31.6464	2.09344e+16
31.7252	2.14804e+16
31.8036	2.12349e+16
31.8931	2.1337e+16
31.9712	2.1468e+16
32.0602	2.1641e+16
32.1379	2.17969e+16
32.2264	2.19564e+16
32.3036	2.20416e+16
32.3918	2.16893e+16
32.4796	2.19069e+16
32.5671	2.26422e+16
32.6436	2.27843e+16
32.7308	2.24111e+16
32.8178	2.25191e+16
32.9043	2.26768e+16
32.9908	2.28392e+16
33.0771	2.30075e+16
33.1633	2.31707e+16
33.2491	2.32884e+16
33.3345	2.30063e+16
33.4306	2.31751e+16
33.5157	2.3747e+16
33.6006	2.35331e+16
33.6958	2.3738e+16
33.7803	2.43266e+16
33.8645	2.40763e+16
33.9591	2.41996e+16
34.0427	2.43053e+16
34.1368	2.4019e+16
34.2307	2.46623e+16
34.3138	2.48376e+16
34.4069	2.44904e+16
34.5	2.45968e+16
34.5928	2.4775e+16
34.6854	2.49873e+16
34.7775	2.52146e+16
34.8696	2.54201e+16
34.9614	2.56328e+16
35.053	2.5851e+16
35.1441	2.60362e+16
35.2353	2.61516e+16
35.3262	2.58719e+16
35.4269	2.60968e+16
35.517	2.67109e+16
35.6072	2.64645e+16
35.7071	2.65904e+16
35.7968	2.67254e+16
35.896	2.64931e+16
35.9951	2.71565e+16
36.084	2.73448e+16
36.1826	2.70284e+16
36.2807	2.71736e+16
36.3789	2.73748e+16
36.4766	2.76125e+16
36.5742	2.78741e+16
36.6712	2.81134e+16
36.7682	2.83321e+16
36.865	2.85603e+16
36.9613	2.87263e+16
37.0575	2.84468e+16
37.1631	2.86747e+16
37.2588	2.93386e+16
37.3542	2.91255e+16
37.4589	2.9277e+16
37.5539	2.94378e+16
37.658	2.92237e+16
37.7617	2.99307e+16
37.856	3.01375e+16
37.9594	2.98479e+16
38.0622	3.00191e+16
38.165	3.02408e+16
38.2675	3.04967e+16
38.3697	3.07403e+16
38.4716	3.09205e+16
38.5733	3.06728e+16
38.6839	3.09399e+16
38.7848	3.16205e+16
38.8857	3.14269e+16
38.9956	3.16504e+16
39.0957	3.18964e+16
39.2048	3.21433e+16
39.3046	3.23075e+16
39.4132	3.2029e+16
39.5213	3.22188e+16
39.6293	3.24752e+16
39.737	3.27791e+16
39.8442	3.30679e+16
39.9513	3.33465e+16
40.0582	3.47909e+16
40.1645	3.50004e+16
40.2707	3.47396e+16
40.3855	3.49315e+16
40.4912	3.52713e+16
40.6053	3.56347e+16
40.7104	3.5928e+16
40.8239	3.62404e+16
40.9282	3.64315e+16
41.0413	3.61525e+16
41.1539	3.63895e+16
41.266	3.66815e+16
41.378	3.69887e+16
41.4897	3.73045e+16
41.601	3.75386e+16
41.7122	3.73283e+16
41.8315	3.76628e+16
41.9418	3.83989e+16
42.052	3.81808e+16
42.1705	3.79746e+16
42.2883	3.87578e+16
42.3976	3.90565e+16
42.515	3.88592e+16
42.6318	3.91034e+16
42.7487	3.94155e+16
42.8652	3.97874e+16
42.981	4.0122e+16
43.0969	4.03532e+16
43.2125	4.01802e+16
43.3357	4.04497e+16
43.4505	4.077e+16
43.5733	4.1132e+16
43.6873	4.13821e+16
43.8095	4.12168e+16
43.9309	4.15995e+16
44.0523	4.24766e+16
44.1653	4.27488e+16
44.286	4.20645e+16
44.4144	4.23408e+16
44.5345	4.32053e+16
44.654	4.35742e+16
44.7735	4.34319e+16
44.9003	4.36952e+16
45.0191	4.39297e+16
45.1454	4.37697e+16
45.2712	4.40536e+16
45.397	4.44423e+16
45.522	4.48646e+16
45.647	4.5271e+16
45.7716	4.56866e+16
45.8957	4.5998e+16
46.0197	4.58851e+16
46.1507	4.6192e+16
46.274	4.6554e+16
46.4047	4.69676e+16
46.527	4.7284e+16
46.6569	4.71648e+16
46.7862	4.74642e+16
46.9155	4.78388e+16
47.044	4.81638e+16
47.1725	4.80861e+16
47.3081	4.85316e+16
47.4357	4.93456e+16
47.5631	4.9293e+16
47.6974	4.92243e+16
47.8317	5.00758e+16
47.9577	5.04882e+16
48.0911	5.03822e+16
48.2239	5.06073e+16
48.3568	5.0539e+16
48.4961	5.09847e+16
48.6281	5.18127e+16
48.7594	5.17774e+16
48.898	5.17376e+16
49.0362	5.2626e+16
49.1663	5.30603e+16
49.3038	5.30206e+16
49.4406	5.33741e+16
49.5771	5.37092e+16
49.7131	5.3677e+16
49.8562	5.40548e+16
49.9914	5.45275e+16
50.1336	5.68026e+16
50.2682	5.72101e+16
50.4093	5.72506e+16
50.5503	5.77176e+16
50.6907	5.81661e+16
50.831	5.85634e+16
50.9706	5.85772e+16
51.117	5.89987e+16
51.256	5.95074e+16
51.4016	6.00457e+16
51.5396	6.04698e+16
51.6844	6.04713e+16
51.8287	6.08869e+16
51.9724	6.1278e+16
52.116	6.1301e+16
52.2659	6.17509e+16
52.4087	6.22958e+16
52.5576	6.28268e+16
52.6997	6.32697e+16
52.8478	6.33201e+16
52.9955	6.36147e+16
53.1431	6.36878e+16
53.2966	6.42569e+16
53.4433	6.51552e+16
53.5895	6.5255e+16
53.7417	6.5252e+16
53.8938	6.57188e+16
54.0452	6.6313e+16
54.1963	6.691e+16
54.3471	6.74991e+16
54.4972	6.79377e+16
54.6474	6.7943e+16
54.8031	6.79931e+16
54.9584	6.8535e+16
55.1138	6.94779e+16
55.2618	6.96828e+16
55.4223	6.98112e+16
55.5763	7.06576e+16
55.7295	7.09342e+16
55.8885	7.14201e+16
56.0413	7.18968e+16
56.1995	7.20445e+16
56.3573	7.24052e+16
56.5151	7.25609e+16
56.6783	7.31303e+16
56.8347	7.3756e+16
56.9971	7.43804e+16
57.153	7.49212e+16
57.3143	7.51021e+16
57.4754	7.55033e+16
57.6361	7.57066e+16
57.8022	7.62495e+16
57.9619	7.68035e+16
58.1271	7.7124e+16
58.2922	7.79936e+16
58.4505	7.82709e+16
58.6204	7.85327e+16
58.7838	7.9344e+16
58.9472	7.95999e+16
59.1156	7.98923e+16
59.2836	8.07537e+16
59.4453	8.10333e+16
59.6183	8.13158e+16
59.785	8.21856e+16
59.9514	8.25829e+16
60.123	8.58347e+16
60.2883	8.64036e+16
60.4589	8.65775e+16
60.629	8.67481e+16
60.8046	8.73452e+16
60.9741	8.809e+16
61.1486	8.88567e+16
61.317	8.94744e+16
61.4905	8.96994e+16
61.6635	8.98987e+16
61.8419	9.04829e+16
62.014	9.10897e+16
62.1914	9.1446e+16
62.3685	9.21468e+16
62.5448	9.30297e+16
62.7207	9.38291e+16
62.896	9.42555e+16
63.0764	9.48923e+16
63.2509	9.54879e+16
63.4303	9.57445e+16
63.6094	9.60122e+16
63.7934	9.66601e+16
63.9712	9.7325e+16
64.1544	9.77724e+16
64.3368	9.85142e+16
64.5188	9.93263e+16
64.7002	1.00038e+17
64.8811	1.00378e+17
65.0671	1.00754e+17
65.252	1.01466e+17
65.437	1.02249e+17
65.6213	1.02962e+17
65.805	1.03324e+17
65.9938	1.03693e+17
66.1819	1.04422e+17
66.3696	1.05254e+17
66.5566	1.06008e+17
66.7431	1.06432e+17
66.9342	1.06835e+17
67.1249	1.07534e+17
67.3153	1.08288e+17
67.505	1.08852e+17
67.6993	1.0962e+17
67.8881	1.10368e+17
68.081	1.10806e+17
68.2739	1.11231e+17
68.4713	1.11992e+17
68.6631	1.12806e+17
68.859	1.1342e+17
69.0547	1.14197e+17
69.25	1.14986e+17
69.4442	1.15471e+17
69.6436	1.1594e+17
69.8422	1.16713e+17
70.04	1.21093e+17
70.2375	1.21615e+17
70.4397	1.22206e+17
70.6407	1.23102e+17
70.8415	1.24069e+17
71.0415	1.24954e+17
71.2412	1.25536e+17
71.4451	1.2611e+17
71.6486	1.26953e+17
71.8513	1.2779e+17
72.0537	1.28375e+17
72.2602	1.28978e+17
72.4664	1.2984e+17
72.6717	1.30706e+17
72.8767	1.31327e+17
73.0857	1.31971e+17
73.2944	1.32878e+17
73.5023	1.33826e+17
73.7093	1.34562e+17
73.9213	1.35403e+17
74.1271	1.36083e+17
74.3422	1.36834e+17
74.5521	1.37915e+17
74.7612	1.38667e+17
74.9743	1.39259e+17
75.187	1.39892e+17
75.404	1.40818e+17
75.6154	1.41763e+17
75.8308	1.42486e+17
76.0457	1.43204e+17
76.2645	1.44132e+17
76.4782	1.45019e+17
76.6962	1.45696e+17
76.9134	1.46377e+17
77.1343	1.47274e+17
77.3548	1.48447e+17
77.5745	1.49601e+17
77.7937	1.50621e+17
78.0122	1.51369e+17
78.2347	1.52033e+17
78.4567	1.52788e+17
78.6823	1.53776e+17
78.903	1.54774e+17
79.1273	1.55589e+17
79.3508	1.56306e+17
79.5783	1.57089e+17
79.8054	1.58113e+17
80.0317	1.63928e+17
80.2575	1.6485e+17
80.4867	1.65784e+17
80.7155	1.66892e+17
80.9438	1.68011e+17
81.1708	1.68901e+17
81.4022	1.69701e+17
81.6327	1.70582e+17
81.8667	1.71648e+17
82.0961	1.72674e+17
82.329	1.73517e+17
82.5653	1.74593e+17
82.797	1.75703e+17
83.032	1.76662e+17
83.2662	1.77549e+17
83.5044	1.78543e+17
83.7416	1.79767e+17
83.9787	1.81086e+17
84.2143	1.82186e+17
84.4416	1.82272e+17
84.693	1.82307e+17
84.9434	1.84061e+17
85.1934	1.87188e+17
85.4007	1.88396e+17
85.6497	1.8795e+17
85.8976	1.88271e+17
86.1444	1.89299e+17
86.3908	1.90678e+17
86.6365	1.92217e+17
86.8813	1.93783e+17
87.1256	1.95301e+17
87.3693	1.96679e+17
87.6122	1.97725e+17
87.8543	1.98123e+17
88.0959	1.97845e+17
88.3771	1.99379e+17
88.6173	2.0217e+17
88.8568	2.03741e+17
89.095	2.0397e+17
89.373	2.05262e+17
89.61	2.0714e+17
89.8469	2.07591e+17
90.1226	2.14381e+17
90.3576	2.15407e+17
90.6317	2.16571e+17
90.8651	2.1733e+17
91.1377	2.17976e+17
91.4095	2.20308e+17
91.6412	2.21864e+17
91.911	2.2292e+17
92.1804	2.25063e+17
92.4104	2.26127e+17
92.6779	2.26076e+17
92.9451	2.26615e+17
93.211	2.2786e+17
93.4762	2.29545e+17
93.7406	2.31528e+17
94.0045	2.33594e+17
94.2674	2.35545e+17
94.5295	2.37336e+17
94.7912	2.38917e+17
95.0518	2.40127e+17
95.312	2.40726e+17
95.5713	2.40786e+17
95.8668	2.42014e+17
96.1247	2.43884e+17
96.3817	2.44837e+17
96.675	2.46212e+17
96.9307	2.4798e+17
97.222	2.50413e+17
97.4756	2.52424e+17
97.7292	2.52965e+17
98.0184	2.534e+17
98.306	2.55258e+17
98.5575	2.5679e+17
98.844	2.58171e+17
99.1293	2.60252e+17
99.3785	2.61508e+17
99.6626	2.62016e+17
99.9456	2.62884e+17
100.228	2.71786e+17
100.509	2.73628e+17
100.79	2.75652e+17
101.07	2.77723e+17
101.349	2.79736e+17
101.627	2.81562e+17
101.905	2.83051e+17
102.182	2.8401e+17
102.458	2.84577e+17
102.767	2.86057e+17
103.042	2.8796e+17
103.315	2.89227e+17
103.623	2.9074e+17
103.894	2.92396e+17
104.199	2.94403e+17
104.471	2.96226e+17
104.774	2.98093e+17
105.042	2.99488e+17
105.345	3.00942e+17
105.645	3.02985e+17
105.912	3.04419e+17
106.211	3.05356e+17
106.51	3.06587e+17
106.807	3.08338e+17
107.104	3.10428e+17
107.399	3.12697e+17
107.694	3.15032e+17
107.988	3.17356e+17
108.282	3.19617e+17
108.574	3.21698e+17
108.866	3.23444e+17
109.156	3.24729e+17
109.447	3.2574e+17
109.768	3.27408e+17
110.056	3.38337e+17
110.343	3.39796e+17
110.662	3.41362e+17
110.948	3.42895e+17
111.265	3.44538e+17
111.549	3.4583e+17
111.864	3.47248e+17
112.178	3.49509e+17
112.491	3.5245e+17
112.772	3.54684e+17
113.083	3.56404e+17
113.394	3.5808e+17
113.704	3.60042e+17
114.012	3.6222e+17
114.32	3.64454e+17
114.627	3.66602e+17
114.934	3.68513e+17
115.239	3.7008e+17
115.543	3.71466e+17
115.877	3.73428e+17
116.18	3.75531e+17
116.481	3.77388e+17
116.813	3.79445e+17
117.112	3.81477e+17
117.442	3.83811e+17
117.74	3.85881e+17
118.068	3.87908e+17
118.364	3.89447e+17
118.69	3.91e+17
119.015	3.9299e+17
119.338	3.95535e+17
119.661	3.98189e+17
119.954	4.00011e+17
120.274	4.12002e+17
120.594	4.13162e+17
120.942	4.15301e+17
121.261	4.18016e+17
121.579	4.20663e+17
121.895	4.22818e+17
122.21	4.24576e+17
122.553	4.26595e+17
122.867	4.28753e+17
123.209	4.3137e+17
123.52	4.33871e+17
123.86	4.36555e+17
124.169	4.38853e+17
124.507	4.41067e+17
124.816	4.42761e+17
125.151	4.44369e+17
125.486	4.46159e+17
125.82	4.48299e+17
126.152	4.50691e+17
126.484	4.532e+17
126.815	4.55669e+17
127.145	4.57969e+17
127.474	4.6004e+17
127.802	4.62022e+17
128.157	4.64414e+17
128.483	4.66793e+17
128.807	4.69056e+17
129.159	4.71479e+17
129.483	4.73765e+17
129.832	4.76246e+17
130.154	4.91006e+17
130.501	4.93485e+17
130.848	4.96049e+17
131.166	4.98264e+17
131.511	5.00457e+17
131.855	5.02699e+17
132.197	5.05141e+17
132.538	5.07737e+17
132.879	5.10413e+17
133.219	5.1303e+17
133.557	5.15434e+17
133.895	5.17637e+17
134.258	5.20097e+17
134.593	5.22615e+17
134.954	5.25504e+17
135.288	5.281e+17
135.621	5.30401e+17
135.979	5.3274e+17
136.335	5.35144e+17
136.665	5.37344e+17
137.02	5.39636e+17
137.373	5.42029e+17
137.726	5.44642e+17
138.078	5.47419e+17
138.428	5.50257e+17
138.778	5.53049e+17
139.126	5.55705e+17
139.474	5.58187e+17
139.821	5.60593e+17
140.191	5.77633e+17
140.535	5.80214e+17
140.878	5.82691e+17
141.246	5.85239e+17
141.587	5.87594e+17
141.952	5.90182e+17
142.316	5.92861e+17
142.655	5.95316e+17
143.017	5.9784e+17
143.378	6.00367e+17
143.738	6.02982e+17
144.097	6.05655e+17
144.455	6.08299e+17
144.811	6.10868e+17
145.167	6.13446e+17
145.546	6.16331e+17
145.899	6.19142e+17
146.251	6.21934e+17
146.627	6.24901e+17
146.977	6.27675e+17
147.35	6.30616e+17
147.699	6.33325e+17
148.07	6.36178e+17
148.44	6.38994e+17
148.785	6.41501e+17
149.153	6.44002e+17
149.519	6.46391e+17
149.885	6.48754e+17
150.25	6.6736e+17
150.613	6.69866e+17
150.999	6.72707e+17
151.359	6.755e+17
151.72	6.78329e+17
152.102	6.81353e+17
152.46	6.84213e+17
152.839	6.87249e+17
153.195	6.90083e+17
153.572	6.93087e+17
153.949	6.96096e+17
154.302	6.98878e+17
154.675	7.01773e+17
155.049	7.04641e+17
155.42	7.07464e+17
155.791	7.10218e+17
156.161	7.12936e+17
156.551	7.15844e+17
156.918	7.1862e+17
157.285	7.21384e+17
157.672	7.24257e+17
158.036	7.2693e+17
158.421	7.29694e+17
158.783	7.32241e+17
159.165	7.34933e+17
159.546	7.37703e+17
159.926	7.40615e+17
160.306	7.61775e+17
160.684	7.64974e+17
161.061	7.6815e+17
161.436	7.71203e+17
161.81	7.74089e+17
162.183	7.7677e+17
162.556	7.79307e+17
162.948	7.81931e+17
163.318	7.84454e+17
163.708	7.87206e+17
164.096	7.90035e+17
164.462	7.92733e+17
164.848	7.95592e+17
165.233	7.98474e+17
165.617	8.01399e+17
166	8.04349e+17
166.381	8.07258e+17
166.761	8.10079e+17
167.14	8.12792e+17
167.517	8.15422e+17
167.914	8.1818e+17
168.29	8.20823e+17
168.685	8.23633e+17
169.057	8.26301e+17
169.45	8.29103e+17
169.841	8.31853e+17
170.21	8.54258e+17
170.598	8.56864e+17
170.985	8.5939e+17
171.372	8.61897e+17
171.756	8.64438e+17
172.16	8.67195e+17
172.542	8.69879e+17
172.923	8.72579e+17
173.322	8.75394e+17
173.701	8.7804e+17
174.097	8.80756e+17
174.474	8.83296e+17
174.868	8.85937e+17
175.261	8.88597e+17
175.653	8.91309e+17
176.043	8.94062e+17
176.433	8.96841e+17
176.821	8.99606e+17
177.207	9.02343e+17
177.592	9.05074e+17
177.996	9.07938e+17
178.379	9.10635e+17
178.779	9.13392e+17
179.159	9.15926e+17
179.558	9.18516e+17
179.954	9.21071e+17
180.349	9.45166e+17
180.744	9.47783e+17
181.136	9.5036e+17
181.527	9.52869e+17
181.917	9.55303e+17
182.306	9.57667e+17
182.712	9.60091e+17
183.098	9.62379e+17
183.501	9.64754e+17
183.885	9.67004e+17
184.285	9.69341e+17
184.684	9.71668e+17
185.083	9.73979e+17
185.459	9.76148e+17
185.873	9.78521e+17
186.267	9.80765e+17
186.659	9.82971e+17
187.05	9.85137e+17
187.458	9.87369e+17
187.846	9.89463e+17
188.25	9.9162e+17
188.636	9.93653e+17
189.039	9.95753e+17
189.439	9.97828e+17
189.839	9.99888e+17
190.236	1.0248e+18
190.632	1.02683e+18
191.027	1.02882e+18
191.42	1.03076e+18
191.831	1.03274e+18
192.221	1.03459e+18
192.629	1.0365e+18
193.016	1.03828e+18
193.419	1.04013e+18
193.822	1.04196e+18
194.224	1.04379e+18
194.623	1.0456e+18
195.021	1.04737e+18
195.417	1.04907e+18
195.813	1.0507e+18
196.225	1.05234e+18
196.616	1.05386e+18
197.024	1.05539e+18
197.413	1.05682e+18
197.819	1.05829e+18
198.222	1.05972e+18
198.624	1.06112e+18
199.024	1.0625e+18
199.424	1.06386e+18
199.821	1.0652e+18
200.235	1.09044e+18
200.629	1.09181e+18
201.038	1.09326e+18
201.43	1.09469e+18
201.837	1.09619e+18
202.241	1.09771e+18
202.646	1.09921e+18
203.047	1.10063e+18
203.447	1.10197e+18
203.847	1.10322e+18
204.261	1.10441e+18
204.656	1.10546e+18
205.067	1.10647e+18
205.459	1.10736e+18
205.867	1.10821e+18
206.272	1.10899e+18
206.677	1.10971e+18
207.079	1.11037e+18
207.482	1.11098e+18
207.881	1.11155e+18
208.294	1.11211e+18
208.691	1.11261e+18
209.101	1.11311e+18
209.51	1.11356e+18
209.902	1.11395e+18
210.308	1.13873e+18
210.712	1.13904e+18
211.114	1.13932e+18
211.531	1.13959e+18
211.931	1.13983e+18
212.344	1.14006e+18
212.74	1.14025e+18
213.151	1.1404e+18
213.559	1.1405e+18
213.95	1.14053e+18
214.355	1.14049e+18
214.773	1.1404e+18
215.175	1.14025e+18
215.576	1.14007e+18
215.989	1.13983e+18
216.387	1.13958e+18
216.796	1.13929e+18
217.204	1.13897e+18
217.612	1.13863e+18
218.017	1.13826e+18
218.421	1.13784e+18
218.823	1.13737e+18
219.222	1.13684e+18
219.637	1.13624e+18
220.032	1.16003e+18
220.443	1.15932e+18
220.851	1.15857e+18
221.258	1.15778e+18
221.663	1.15696e+18
222.066	1.1561e+18
222.467	1.1552e+18
222.882	1.15423e+18
223.28	1.15326e+18
223.69	1.15222e+18
224.1	1.15114e+18
224.494	1.15006e+18
224.899	1.14891e+18
225.303	1.14773e+18
225.719	1.1465e+18
226.12	1.1453e+18
226.519	1.14409e+18
226.931	1.14283e+18
227.341	1.14155e+18
227.733	1.14028e+18
228.14	1.13891e+18
228.545	1.13747e+18
228.948	1.13596e+18
229.362	1.13433e+18
229.761	1.13268e+18
230.174	1.15476e+18
230.569	1.15296e+18
230.976	1.15106e+18
231.383	1.1491e+18
231.788	1.14709e+18
232.19	1.14504e+18
232.591	1.14294e+18
232.991	1.14078e+18
233.402	1.1385e+18
233.798	1.13624e+18
234.206	1.13385e+18
234.598	1.13149e+18
235.002	1.129e+18
235.406	1.12645e+18
235.806	1.12387e+18
236.218	1.12115e+18
236.616	1.11848e+18
237.012	1.11578e+18
237.418	1.11296e+18
237.825	1.11009e+18
238.215	1.10729e+18
238.617	1.10436e+18
239.018	1.1014e+18
239.416	1.09842e+18
239.827	1.09529e+18
240.222	1.11484e+18
240.615	1.1117e+18
241.02	1.10842e+18
241.41	1.10522e+18
241.811	1.10186e+18
242.211	1.09847e+18
242.611	1.09502e+18
243.006	1.09157e+18
243.401	1.08806e+18
243.794	1.08453e+18
244.198	1.08084e+18
244.588	1.07724e+18
244.988	1.0735e+18
245.374	1.06984e+18
245.772	1.06603e+18
246.168	1.06218e+18
246.563	1.0583e+18
246.954	1.05441e+18
247.345	1.05047e+18
247.735	1.04651e+18
248.136	1.04238e+18
248.522	1.03837e+18
248.918	1.0342e+18
249.301	1.03012e+18
249.695	1.02588e+18
250.075	1.04249e+18
250.466	1.03809e+18
250.855	1.03366e+18
251.241	1.0292e+18
251.627	1.02468e+18
252.012	1.02013e+18
252.395	1.01553e+18
252.776	1.01089e+18
253.155	1.00624e+18
253.534	1.00152e+18
253.912	9.96786e+17
254.286	9.92063e+17
254.66	9.87327e+17
255.033	9.82592e+17
255.404	9.77888e+17
255.894	9.71668e+17
256.262	9.67008e+17
256.628	9.62363e+17
256.995	9.57675e+17
257.357	9.52996e+17
257.722	9.48244e+17
258.082	9.43479e+17
258.442	9.38641e+17
258.801	9.33754e+17
259.157	9.28845e+17
259.632	9.22215e+17
259.987	9.17188e+17
260.342	9.30251e+17
260.694	9.25064e+17
261.045	9.19834e+17
261.395	9.14556e+17
261.745	9.09246e+17
262.093	9.03905e+17
262.554	8.96751e+17
262.901	8.91317e+17
263.244	8.85896e+17
263.588	8.80421e+17
263.932	8.74891e+17
264.272	8.69377e+17
264.613	8.6381e+17
264.952	8.58215e+17
265.404	8.50699e+17
265.742	8.45024e+17
266.078	8.39322e+17
266.413	8.33611e+17
266.747	8.27851e+17
267.083	8.22015e+17
267.414	8.16201e+17
267.746	8.10325e+17
268.078	8.04426e+17
268.409	7.98491e+17
268.738	7.9254e+17
269.177	7.84574e+17
269.505	7.78578e+17
269.832	7.72571e+17
270.158	7.81469e+17
270.485	7.75289e+17
270.81	7.69094e+17
271.135	7.6288e+17
271.459	7.56626e+17
271.781	7.50369e+17
272.104	7.44047e+17
272.427	7.37656e+17
272.748	7.31271e+17
273.069	7.2481e+17
273.389	7.18314e+17
273.71	7.11761e+17
273.922	7.07376e+17
274.241	7.00744e+17
274.56	6.9405e+17
274.88	6.87297e+17
275.197	6.80511e+17
275.515	6.73667e+17
275.831	6.6681e+17
276.044	6.62165e+17
276.36	6.55215e+17
276.676	6.48192e+17
276.992	6.41134e+17
277.204	6.36382e+17
277.52	6.29237e+17
277.836	6.22035e+17
278.152	6.14785e+17
278.363	6.09906e+17
278.677	6.02607e+17
278.888	5.97678e+17
279.205	5.90218e+17
279.52	5.82774e+17
279.732	5.77724e+17
280.047	5.80921e+17
280.258	5.75746e+17
280.575	5.679e+17
280.788	5.62594e+17
280.999	5.57301e+17
281.316	5.49326e+17
281.531	5.43874e+17
281.743	5.38461e+17
282.06	5.30333e+17
282.275	5.2481e+17
282.49	5.19222e+17
282.707	5.13596e+17
283.024	5.05293e+17
283.241	4.99583e+17
283.458	4.93834e+17
283.676	4.88048e+17
283.894	4.82224e+17
284.113	4.76361e+17
284.333	4.70463e+17
284.551	4.64557e+17
284.774	4.58529e+17
284.893	4.55285e+17
285.116	4.49226e+17
285.339	4.43131e+17
285.562	4.37007e+17
285.688	4.3357e+17
285.912	4.27391e+17
286.139	4.21156e+17
286.266	4.17644e+17
286.493	4.11363e+17
286.621	4.07834e+17
286.852	4.01451e+17
286.983	3.97823e+17
287.213	3.91469e+17
287.348	3.87747e+17
287.48	3.84089e+17
287.616	3.80359e+17
287.853	3.73843e+17
287.989	3.70113e+17
288.127	3.66314e+17
288.269	3.62442e+17
288.408	3.58647e+17
288.55	3.54782e+17
288.694	3.50907e+17
288.838	3.47e+17
288.886	3.45711e+17
289.033	3.41777e+17
289.182	3.37812e+17
289.233	3.36439e+17
289.384	3.32457e+17
289.536	3.28448e+17
289.592	3.26966e+17
289.746	3.22945e+17
289.805	3.21425e+17
289.866	3.19854e+17
290.024	3.20958e+17
290.087	3.19321e+17
290.152	3.17639e+17
290.217	3.15938e+17
290.284	3.14214e+17
290.352	3.12446e+17
290.423	3.10635e+17
290.495	3.08804e+17
290.567	3.06956e+17
290.642	3.05065e+17
290.718	3.03159e+17
290.699	3.03636e+17
290.778	3.0166e+17
290.762	3.02057e+17
290.844	3.00012e+17
290.831	3.00328e+17
290.916	2.98223e+17
290.905	2.98486e+17
290.995	2.96261e+17
290.989	2.9643e+17
290.985	2.96525e+17
290.995	2.96261e+17
293.905	2.33683e+17
296.844	1.88992e+17
299.813	1.58042e+17
302.811	1.37794e+17
305.839	1.21276e+17
308.898	1.08603e+17
311.987	9.97921e+16
315.106	9.15481e+16
318.257	8.4717e+16
321.44	7.98967e+16
324.654	7.4911e+16
327.901	7.05948e+16
331.18	6.75873e+16
334.492	6.4215e+16
337.837	6.12147e+16
341.215	5.91791e+16
344.627	5.67287e+16
348.073	5.45077e+16
351.554	5.30528e+16
355.07	5.11817e+16
358.62	4.94628e+16
362.207	4.83817e+16
365.829	4.68998e+16
369.487	4.55246e+16
373.182	4.46975e+16
376.914	4.34906e+16
380.683	4.27836e+16
384.49	4.1714e+16
388.335	4.07088e+16
392.218	4.01482e+16
396.14	3.92461e+16
400.101	3.87567e+16
404.103	3.79414e+16
408.144	3.7168e+16
412.225	3.67696e+16
416.347	3.60638e+16
420.511	3.57102e+16
424.716	3.50626e+16
428.963	3.44438e+16
433.253	3.41496e+16
437.585	3.35773e+16
441.961	3.33124e+16
446.381	3.27808e+16
450.844	3.25408e+16
455.353	3.20447e+16
459.906	3.15666e+16
464.505	3.13612e+16
469.15	3.09123e+16
473.842	3.07235e+16
478.58	3.03002e+16
483.366	3.01257e+16
488.2	2.97251e+16
493.082	2.95626e+16
498.013	2.91821e+16
502.993	2.90298e+16
508.023	2.86671e+16
513.103	2.85233e+16
518.234	2.81762e+16
523.416	2.80396e+16
528.65	2.77063e+16
533.937	2.75754e+16
539.276	2.72542e+16
544.669	2.71279e+16
550.116	2.70011e+16
555.617	2.66943e+16
561.173	2.65706e+16
566.785	2.62722e+16
572.453	2.61505e+16
578.177	2.58594e+16
583.959	2.57387e+16
589.799	2.54535e+16
595.697	2.53329e+16
601.654	2.52102e+16
607.67	2.49311e+16
613.747	2.48072e+16
619.884	2.45312e+16
626.083	2.44052e+16
632.344	2.42763e+16
638.667	2.40021e+16
645.054	2.38698e+16
651.505	2.37337e+16
658.02	2.3459e+16
664.6	2.33181e+16
671.246	2.31728e+16
677.958	2.28947e+16
684.738	2.27429e+16
691.585	2.25859e+16
698.501	2.23013e+16
705.486	2.21356e+16
712.541	2.19637e+16
719.666	2.16687e+16
726.863	2.14854e+16
734.132	2.12943e+16
741.473	2.10947e+16
748.888	2.07771e+16
756.377	2.05603e+16
763.94	2.03319e+16
771.58	2.00902e+16
779.296	1.97312e+16
787.089	1.94567e+16
794.959	1.91547e+16
802.909	1.87631e+16
810.938	1.83763e+16
819.047	1.79693e+16
827.238	1.76083e+16
835.51	1.72485e+16
843.865	1.68927e+16
852.304	1.65417e+16
860.827	1.6196e+16
869.435	1.58257e+16
878.13	1.5502e+16
886.911	1.51803e+16
895.78	1.48625e+16
904.738	1.45494e+16
913.785	1.42411e+16
922.923	1.3938e+16
932.152	1.36399e+16
941.474	1.3347e+16
950.889	1.30592e+16
960.398	1.27765e+16
970.002	1.24989e+16
979.702	1.21952e+16
989.499	1.19297e+16
999.394	1.16678e+16
1009.39	1.141e+16
1019.48	1.11561e+16
1029.68	1.09059e+16
1039.97	1.06579e+16
1050.37	1.04509e+16
1060.88	1.02151e+16
1071.49	9.98346e+15
1082.2	9.75579e+15
1093.02	9.53198e+15
1103.95	9.31189e+15
1114.99	9.09537e+15
1126.14	8.8822e+15
1137.4	8.67208e+15
1148.78	8.46443e+15
1160.26	8.28625e+15
1171.87	8.08941e+15
1183.59	7.8955e+15
1195.42	7.70424e+15
1207.38	7.51521e+15
1219.45	7.32698e+15
1231.64	7.17051e+15
1243.96	6.99339e+15
1256.4	6.81816e+15
1268.96	6.64369e+15
1281.65	6.49722e+15
1294.47	6.3325e+15
1307.42	6.16893e+15
1320.49	6.02775e+15
1333.69	5.87247e+15
1347.03	5.71806e+15
1360.5	5.58449e+15
1374.11	5.43763e+15
1387.85	5.29105e+15
1401.73	5.16621e+15
1415.74	5.02668e+15
1429.9	4.88495e+15
1444.2	4.77122e+15
1458.64	4.63727e+15
1473.23	4.52516e+15
1487.96	4.39703e+15
1502.84	4.28852e+15
1517.87	4.16545e+15
1533.05	4.06113e+15
1548.38	3.94244e+15
1563.86	3.84268e+15
1579.5	3.72736e+15
1595.3	3.63278e+15
1611.25	3.53716e+15
1627.36	3.43083e+15
1643.63	3.34009e+15
1660.07	3.24978e+15
1676.67	3.15041e+15
1693.44	3.06487e+15
1710.37	2.98019e+15
1727.48	2.88652e+15
1744.75	2.80654e+15
1762.2	2.72751e+15
1779.82	2.63761e+15
1797.62	2.56386e+15
1815.6	2.49046e+15
1833.75	2.41822e+15
1852.09	2.34731e+15
1870.61	2.27781e+15
1889.32	2.19993e+15
1908.21	2.13449e+15
1927.29	2.07017e+15
1946.56	2.00713e+15
1966.03	1.94543e+15
1985.69	1.88508e+15
2005.55	1.82608e+15
2025.6	1.76842e+15
2045.86	1.71208e+15
2066.32	1.65703e+15
2086.98	1.60325e+15
2107.85	1.55067e+15
2128.93	1.49921e+15
2150.22	1.45632e+15
2171.72	1.40763e+15
2193.44	1.36009e+15
2215.37	1.31363e+15
2237.52	1.26815e+15
2259.9	1.22324e+15
2282.5	1.18687e+15
2305.32	1.14488e+15
2328.38	1.10366e+15
2351.66	1.06926e+15
2375.18	1.03044e+15
2398.93	9.92202e+14
2422.92	9.60527e+14
2447.15	9.24516e+14
2471.62	8.94102e+14
2496.34	8.60079e+14
2521.3	8.31152e+14
2546.51	7.98942e+14
2571.98	7.71579e+14
2597.7	7.40997e+14
2623.67	7.15235e+14
2649.91	6.85891e+14
2676.41	6.6192e+14
2703.17	6.38118e+14
2730.21	6.14805e+14
2757.51	5.89128e+14
2785.08	5.67352e+14
2812.93	5.46078e+14
2841.06	5.2535e+14
2869.47	5.0233e+14
2898.17	4.8306e+14
2927.15	4.64257e+14
2956.42	4.45972e+14
2985.99	4.28211e+14
3015.85	4.10975e+14
3046	3.94257e+14
3076.46	3.78046e+14
3107.23	3.62327e+14
3138.3	3.47079e+14
3169.68	3.32249e+14
3201.38	3.19992e+14
3233.39	3.06177e+14
3265.73	2.92788e+14
3298.39	2.79785e+14
3331.37	2.68888e+14
3364.68	2.5679e+14
3398.33	2.45024e+14
3432.31	2.3516e+14
3466.64	2.24213e+14
3501.3	2.14927e+14
3536.32	2.04727e+14
3571.68	1.96053e+14
3607.4	1.86532e+14
3643.47	1.78474e+14
3679.9	1.69512e+14
3716.7	1.62102e+14
3753.87	1.54847e+14
3791.41	1.47813e+14
3829.32	1.40127e+14
3867.62	1.33666e+14
3906.29	1.27409e+14
3945.36	1.21367e+14
3984.81	1.15544e+14
4024.66	1.09935e+14
4064.9	1.04537e+14
4105.55	9.93436e+13
4146.61	9.43483e+13
4188.07	8.95413e+13
4229.96	8.48937e+13
4272.25	8.10488e+13
4314.98	7.67911e+13
4358.13	7.26918e+13
4401.71	6.92336e+13
4445.73	6.54709e+13
4490.18	6.22593e+13
4535.08	5.88051e+13
4580.44	5.58484e+13
4626.24	5.26755e+13
4672.5	4.99686e+13
4719.23	4.70412e+13
4766.42	4.45787e+13
4814.08	4.22033e+13
4862.22	3.99225e+13
4910.85	3.77373e+13
4959.95	3.53913e+13
5009.55	3.34151e+13
5059.65	3.15183e+13
5110.25	2.99196e+13
5161.35	2.81828e+13
5212.96	2.65265e+13
5265.09	2.49469e+13
5317.74	2.3439e+13
5370.92	2.216e+13
5424.63	2.07936e+13
5478.88	1.9487e+13
5533.66	1.83854e+13
5589	1.72016e+13
5644.89	1.62035e+13
5701.34	1.52442e+13
5758.35	1.42297e+13
5815.94	1.33687e+13
5874.1	1.25471e+13
5932.84	1.17652e+13
5992.17	1.10224e+13
6052.09	1.03177e+13
6112.61	9.64966e+12
6173.73	9.01682e+12
6235.47	8.41747e+12
6297.83	7.84958e+12
6360.8	7.36704e+12
6424.41	6.8591e+12
6488.66	6.37748e+12
6553.54	5.97002e+12
6619.08	5.53969e+12
6685.27	5.17618e+12
6752.12	4.82995e+12
6819.64	4.46795e+12
6887.84	4.16237e+12
6956.72	3.87285e+12
7026.29	3.59952e+12
7096.55	3.3419e+12
7167.51	3.09929e+12
7239.19	2.87074e+12
7311.58	2.67737e+12
7384.7	2.4754e+12
7458.54	2.28541e+12
7533.13	2.12444e+12
7608.46	1.95707e+12
7684.55	1.81519e+12
7761.39	1.68117e+12
7839	1.54338e+12
7917.39	1.42656e+12
7996.57	1.31686e+12
8076.53	1.21409e+12
8157.3	1.11796e+12
8238.87	1.02805e+12
8321.26	9.51823e+11
8404.47	8.73389e+11
8488.52	8.00144e+11
8573.4	7.38099e+11
8659.14	6.74418e+11
8745.73	6.20604e+11
8833.19	5.70166e+11
8921.52	5.2311e+11
9010.73	4.79314e+11
9100.84	4.38624e+11
9191.85	4.00868e+11
9283.77	3.65866e+11
9376.61	3.33423e+11
9470.37	3.0581e+11
9565.08	2.77974e+11
9660.73	2.54236e+11
9757.33	2.30407e+11
9854.91	2.10175e+11
9953.46	1.91421e+11
10053	1.74082e+11
10153.5	1.58081e+11
10255.1	1.43334e+11
10357.6	1.29747e+11
10461.2	1.18225e+11
10565.8	1.06709e+11
10671.5	9.69241e+10
10778.2	8.71915e+10
10885.9	7.89636e+10
10994.8	7.13882e+10
11104.8	6.44336e+10
11215.8	5.80601e+10
11328	5.22239e+10
11441.2	4.72877e+10
11555.7	4.24003e+10
11671.2	3.82568e+10
11787.9	3.41791e+10
11905.8	3.07383e+10
12024.9	2.75919e+10
12145.1	2.47227e+10
12266.6	2.21109e+10
12389.2	1.97341e+10
12513.1	1.7737e+10
12638.2	1.57739e+10
12764.6	1.41232e+10
12892.3	1.26185e+10
13021.2	1.12527e+10
13151.4	1.0016e+10
13282.9	8.89825e+09
13415.8	7.88919e+09
13549.9	6.97669e+09
13685.4	6.21581e+09
13822.3	5.52338e+09
13960.5	4.89769e+09
14100.1	3.79759e+09
14241.1	2.77559e+09
14383.5	1.91714e+09
14527.3	1.21197e+09
14672.6	6.51008e+08
14819.3	2.4416e+08
14967.5	1.04543e+07
15117.2	0
15268.4	0
15421.1	0
15575.3	0
15731	0
15888.3	0
16047.2	0
16207.7	0
16369.8	0
16533.5	0
16698.8	0
16865.8	0
17034.4	0
17204.8	0
17376.8	0
17550.6	0
17726.1	0
17903.4	0
18082.4	0
18263.2	0
18445.9	0
18630.3	0
18816.6	0
19004.8	0
19194.8	0
19386.8	0
19580.7	0
19776.5	0
19974.2	0
20174	0
20375.7	0
20579.5	0
20785.3	0
20993.1	0
21203	0
21415.1	0
21629.2	0
21845.5	0
22064	0
22284.6	0
22507.5	0
22732.5	0
22959.9	0
23189.5	0
23421.4	0
23655.6	0
23892.1	0
24131	0
24372.4	0
24616.1	0
24862.2	0
25110.9	0
25362	0
25615.6	0
25871.7	0
26130.5	0
26391.8	0
26655.7	0
26922.2	0
27191.5	0
27463.4	0
27738	0
28015.4	0
28295.6	0
28578.5	0
28864.3	0
29152.9	0
29444.5	0
29738.9	0
