0.0001	3.56768e-06
0.00011	2.94865e-06
0.000121	2.43687e-06
0.0001331	2.01391e-06
0.00014641	1.6644e-06
0.000161051	1.37553e-06
0.000177156	1.13679e-06
0.000194872	9.39506e-07
0.000214359	7.76454e-07
0.000235795	6.41694e-07
0.000259374	5.30329e-07
0.000285312	4.38286e-07
0.000313843	3.62223e-07
0.000345227	2.99359e-07
0.00037975	2.47405e-07
0.000417725	2.04468e-07
0.000459497	1.68984e-07
0.000505447	1.39659e-07
0.000555992	1.15423e-07
0.000611591	9.53945e-08
0.00067275	7.88426e-08
0.000740025	6.51642e-08
0.000814027	5.38608e-08
0.00089543	4.45204e-08
0.000984973	3.68027e-08
0.00108347	3.04262e-08
0.00119182	2.51587e-08
0.001311	2.08082e-08
0.0014421	1.7216e-08
0.00158631	1.42514e-08
0.00174494	1.18062e-08
0.00191943	9.79145e-09
0.00211138	8.13377e-09
0.00232252	6.7729e-09
0.00255477	5.65954e-09
0.00281024	4.75363e-09
0.00309127	4.02308e-09
0.00340039	3.44285e-09
0.00374043	2.99456e-09
0.00411448	2.66602e-09
0.00452593	2.44894e-09
0.00497852	2.32267e-09
0.00547637	2.19722e-09
0.00602401	1.9571e-09
0.00662641	1.74171e-09
0.00728905	1.64652e-09
0.00801795	1.47202e-09
0.00881975	1.36298e-09
0.00970172	1.22695e-09
0.0106719	1.12159e-09
0.0117391	1.02226e-09
0.012913	9.36565e-10
0.0142043	8.40015e-10
0.0156247	7.90664e-10
0.0171872	7.29622e-10
0.0189059	6.57148e-10
0.0207965	5.50683e-10
0.0228762	5.39118e-10
0.0251638	4.8159e-10
0.0276801	4.49465e-10
0.0304482	4.09947e-10
0.033493	3.58164e-10
0.0368423	3.30164e-10
0.0405265	3.05524e-10
0.0445792	2.75446e-10
0.0490371	2.48859e-10
0.0539408	2.23676e-10
0.0593349	2.00051e-10
0.0652683	1.86123e-10
0.0717952	1.72444e-10
0.0789747	1.42951e-10
0.0868722	1.39857e-10
0.0955594	1.24932e-10
0.105115	1.12436e-10
0.115627	1.03976e-10
0.12719	9.62958e-11
0.139908	8.27419e-11
0.153899	8.07489e-11
0.169289	7.02661e-11
0.186218	6.4536e-11
0.20484	5.92187e-11
0.225324	5.15866e-11
0.247856	4.60309e-11
0.272642	4.37921e-11
0.299906	4.03156e-11
0.329897	3.98415e-11
0.362887	3.33025e-11
0.399175	3.56671e-11
0.439093	2.56606e-11
0.483002	2.87293e-11
0.531302	2.22416e-11
0.584432	2.03623e-11
0.642876	1.9283e-11
0.707163	1.76641e-11
0.735599	1.77096e-11
0.786415	1.58927e-11
0.836868	1.54714e-11
0.886817	1.41923e-11
0.936806	1.34844e-11
0.986829	1.23951e-11
1.03618	1.16089e-11
1.08529	1.03546e-11
1.13419	1.03447e-11
1.18259	1.02245e-11
1.23056	1.02007e-11
1.27787	9.04364e-12
1.32512	8.5768e-12
1.3718	7.97592e-12
1.41796	8.3944e-12
1.46365	8.40249e-12
1.50893	7.92445e-12
1.55404	6.61373e-12
1.59856	7.64352e-12
1.64298	6.8239e-12
1.68687	6.03791e-12
1.73048	5.91039e-12
1.77384	5.60765e-12
1.81676	5.8273e-12
1.85966	5.12825e-12
1.90216	5.22959e-12
1.94448	4.58549e-12
1.98663	4.56228e-12
2.02826	5.12693e-12
2.06992	4.38487e-12
2.11145	4.09956e-12
2.15268	3.81113e-12
2.19363	3.74651e-12
2.23464	3.56899e-12
2.27522	3.60938e-12
2.31588	3.60778e-12
2.3563	3.10916e-12
2.39634	3.08404e-12
2.43646	2.99797e-12
2.47637	2.8359e-12
2.51622	2.58815e-12
2.55587	2.64331e-12
2.59548	2.58334e-12
2.6349	3.07639e-12
2.67429	2.57861e-12
2.7139	2.6381e-12
2.75228	2.31348e-12
2.79143	2.50586e-12
2.83004	2.2056e-12
2.8694	2.64083e-12
2.90822	2.0289e-12
2.94652	2.22678e-12
2.98555	2.29707e-12
3.02288	2.06922e-12
3.06212	2.08932e-12
3.09969	1.89775e-12
3.13797	1.85826e-12
3.17692	1.79383e-12
3.21428	2.11058e-12
3.25232	1.75165e-12
3.28992	1.74876e-12
3.32818	1.73953e-12
3.36601	1.7142e-12
3.40342	1.5566e-12
3.44147	1.57104e-12
3.4791	1.52976e-12
3.51634	1.61842e-12
3.5542	1.43653e-12
3.59166	1.43204e-12
3.62873	1.4175e-12
3.66642	1.46112e-12
3.70372	1.42941e-12
3.74065	1.45753e-12
3.77722	1.35986e-12
3.81439	1.31287e-12
3.85214	1.3067e-12
3.88859	1.25225e-12
3.92563	1.3103e-12
3.96323	1.26981e-12
4.00048	1.17485e-12
4.03738	1.23212e-12
4.07395	1.24641e-12
4.11108	1.1364e-12
4.14787	1.1838e-12
4.18434	1.20913e-12
4.22135	1.15325e-12
4.25804	1.10021e-12
4.29442	1.18248e-12
4.33132	1.05232e-12
4.36792	1.1191e-12
4.40503	9.64715e-13
4.44102	1.09995e-12
4.47752	1.0706e-12
4.51453	9.52315e-13
4.55124	1.07529e-12
4.58766	9.94083e-13
4.62379	9.4691e-13
4.66042	9.46342e-13
4.69753	9.1323e-13
4.73358	9.6529e-13
4.77012	9.0458e-13
4.80639	9.64691e-13
4.84313	8.87583e-13
4.87959	8.5499e-13
4.91578	8.5035e-13
4.95244	8.41752e-13
4.98883	8.2428e-13
5.02495	8.8362e-13
5.06154	8.30161e-13
5.09786	8.08252e-13
5.13462	7.99151e-13
5.17043	8.20558e-13
5.20738	7.84468e-13
5.24338	7.81114e-13
5.27982	7.9034e-13
5.31601	7.75783e-13
5.35263	7.37846e-13
5.389	7.59603e-13
5.42513	7.45528e-13
5.46168	7.411e-13
5.49799	6.99998e-13
5.53471	6.86401e-13
5.57054	7.17704e-13
5.60743	6.87746e-13
5.64345	6.9413e-13
5.67987	7.20832e-13
5.71669	6.66832e-13
5.75264	6.86237e-13
5.789	6.75608e-13
5.82575	6.62262e-13
5.86227	6.41044e-13
5.89857	6.86941e-13
5.93464	6.41475e-13
5.97111	6.05074e-13
6.00795	6.19118e-13
6.04397	6.33477e-13
6.08096	6.08315e-13
6.11714	6.10441e-13
6.1537	6.09895e-13
6.19004	5.84133e-13
6.22675	5.63712e-13
6.26324	5.92808e-13
6.29952	6.13481e-13
6.33617	5.7949e-13
6.37317	5.93036e-13
6.4094	5.69128e-13
6.44598	5.95164e-13
6.48291	5.90291e-13
6.51964	5.44355e-13
6.55615	5.54978e-13
6.59247	5.615e-13
6.62913	5.50756e-13
6.66614	5.43323e-13
6.70294	5.51187e-13
6.73954	5.04061e-13
6.77647	5.05625e-13
6.81321	5.15714e-13
6.84974	5.15147e-13
6.88661	5.0288e-13
6.92329	5.37132e-13
6.96029	5.05746e-13
6.99709	5.07582e-13
7.03422	4.91498e-13
7.07115	4.84899e-13
7.10789	4.91978e-13
7.14494	5.03387e-13
7.18181	4.90533e-13
7.21898	4.67795e-13
7.25597	4.63514e-13
7.29327	4.76015e-13
7.33037	4.71879e-13
7.36729	4.8407e-13
7.40452	4.66367e-13
7.44204	4.54309e-13
7.47889	4.57632e-13
7.51604	4.61378e-13
7.55349	4.54257e-13
7.59076	4.4371e-13
7.62831	4.52904e-13
7.66521	4.40486e-13
7.70287	4.1606e-13
7.74035	4.28437e-13
7.77765	4.55374e-13
7.81524	4.16372e-13
7.85264	4.19724e-13
7.88987	4.18393e-13
7.92783	4.22209e-13
7.96516	4.00186e-13
8.00277	4.0964e-13
8.04065	4.16641e-13
8.0779	4.02709e-13
8.11588	4.11533e-13
8.15368	4.22436e-13
8.1913	4.25043e-13
8.22919	3.90462e-13
8.26691	4.06294e-13
8.3049	3.81145e-13
8.34271	3.909e-13
8.38078	3.83716e-13
8.41868	3.83271e-13
8.45683	3.86234e-13
8.49482	3.90229e-13
8.53136	3.73184e-13
8.56944	3.86108e-13
8.60735	3.82943e-13
8.64927	3.97081e-13
8.68683	3.7076e-13
8.72423	3.74076e-13
8.76147	3.75319e-13
8.79855	3.58592e-13
8.83957	3.70897e-13
8.87633	3.51852e-13
8.91699	3.60218e-13
8.95343	3.4923e-13
8.99374	3.64854e-13
9.02987	3.49094e-13
9.06984	3.46987e-13
9.10964	3.46018e-13
9.14926	3.41859e-13
9.18478	3.53623e-13
9.22408	3.47118e-13
9.26321	3.36289e-13
9.30218	3.54452e-13
9.34099	3.62341e-13
9.37964	3.25916e-13
9.41813	3.37274e-13
9.46029	3.26277e-13
9.49845	3.23547e-13
9.53646	3.12603e-13
9.57431	3.38178e-13
9.61579	3.18381e-13
9.65333	3.15507e-13
9.69447	3.07565e-13
9.73171	3.30019e-13
9.77252	3.06579e-13
9.81315	3.07548e-13
9.84994	3.06948e-13
9.89026	2.99869e-13
9.93041	3.12601e-13
9.9704	3.2037e-13
10.0102	3.15056e-13
10.0499	3.05073e-13
10.0894	3.09686e-13
10.1288	3.12884e-13
10.168	3.05324e-13
10.2106	2.96482e-13
10.2495	3.05233e-13
10.2883	2.89325e-13
10.3304	2.84326e-13
10.3688	2.86419e-13
10.4106	2.93601e-13
10.4487	2.86278e-13
10.4902	2.88426e-13
10.5315	2.83808e-13
10.5692	2.7679e-13
10.6102	2.80375e-13
10.651	2.85139e-13
10.6917	2.79409e-13
10.7323	2.75593e-13
10.7726	2.83711e-13
10.8128	2.78227e-13
10.8555	2.77419e-13
10.8972	2.70334e-13
10.9386	2.79491e-13
10.9831	2.82227e-13
11.0241	2.92906e-13
11.0682	2.82177e-13
11.1121	2.67592e-13
11.1559	2.75367e-13
11.1995	2.74148e-13
11.2462	2.67339e-13
11.2894	2.75791e-13
11.3357	2.72182e-13
11.3817	2.62244e-13
11.4276	2.60348e-13
11.4764	2.705e-13
11.5219	2.63906e-13
11.5703	2.68472e-13
11.6186	2.61036e-13
11.6666	2.62864e-13
11.7144	2.66412e-13
11.762	2.63608e-13
11.8124	2.60524e-13
11.8627	2.59621e-13
11.9127	2.56494e-13
11.9625	2.55187e-13
12.0121	2.6433e-13
12.0645	2.65918e-13
12.1137	2.56003e-13
12.1656	2.59002e-13
12.2174	2.55235e-13
12.2689	2.54282e-13
12.3231	2.59309e-13
12.3742	2.52908e-13
12.428	2.54508e-13
12.4815	2.5101e-13
12.5348	2.44541e-13
12.5879	2.55649e-13
12.6436	2.51371e-13
12.699	2.39843e-13
12.7543	2.43766e-13
12.8093	2.50698e-13
12.8641	2.52497e-13
12.9187	2.3837e-13
12.9758	2.43031e-13
13.0328	2.44622e-13
13.0895	2.46139e-13
13.1459	2.45537e-13
13.2049	2.44997e-13
13.2637	2.45416e-13
13.3195	2.46788e-13
13.3804	2.34847e-13
13.4384	2.36851e-13
13.4963	2.35077e-13
13.5565	2.41078e-13
13.6164	2.3846e-13
13.6762	2.29796e-13
13.7384	2.37661e-13
13.7976	2.32783e-13
13.8593	2.31532e-13
13.9232	2.38342e-13
13.9843	2.36762e-13
14.0451	2.36177e-13
14.1083	2.29833e-13
14.1711	2.39536e-13
14.2363	2.22474e-13
14.2987	2.4196e-13
14.3632	2.33551e-13
14.4276	2.45542e-13
14.4941	2.22948e-13
14.5578	2.31648e-13
14.6238	2.20311e-13
14.6895	2.28611e-13
14.7573	2.2448e-13
14.8248	2.28717e-13
14.8896	2.29257e-13
14.9589	2.26753e-13
15.0256	2.31285e-13
15.0942	2.26835e-13
15.1626	2.2237e-13
15.2331	2.23389e-13
15.3009	2.22916e-13
15.3707	2.23339e-13
15.4425	2.22953e-13
15.5117	2.16557e-13
15.5829	2.18212e-13
15.6537	2.30844e-13
15.7265	2.31395e-13
15.799	2.17593e-13
15.8711	2.17899e-13
15.9452	2.17295e-13
16.0189	2.1481e-13
16.0923	2.20898e-13
16.1653	2.19753e-13
16.2403	2.20373e-13
16.3148	2.24277e-13
16.3912	2.20227e-13
16.4673	2.17228e-13
16.5429	2.12128e-13
16.6205	2.24139e-13
16.6976	2.16792e-13
16.7744	2.08612e-13
16.8529	2.17501e-13
16.9311	2.06295e-13
17.011	2.12228e-13
17.0907	2.11556e-13
17.1698	2.09559e-13
17.2507	2.0596e-13
17.3311	2.10182e-13
17.4112	2.03157e-13
17.4931	2.08505e-13
17.5765	2.15914e-13
17.6575	2.10892e-13
17.7403	2.14845e-13
17.8245	2.09727e-13
17.9084	2.08839e-13
17.9938	2.07493e-13
18.0789	2.06674e-13
18.1635	2.08777e-13
18.2497	2.08721e-13
18.3356	2.01861e-13
18.423	2.02435e-13
18.51	2.00943e-13
18.5965	2.03516e-13
18.6864	2.06887e-13
18.774	2.01985e-13
18.863	1.94448e-13
18.9536	1.96778e-13
19.0437	2.01054e-13
19.1353	2.0364e-13
19.2264	1.99921e-13
19.3171	1.96027e-13
19.4111	2.0048e-13
19.5027	1.98223e-13
19.5976	1.95973e-13
19.6902	1.95531e-13
19.786	1.98921e-13
19.8812	1.90798e-13
19.9761	1.96939e-13
20.0723	1.92632e-13
20.1679	1.92411e-13
20.265	1.94136e-13
20.3633	2.04112e-13
20.4612	1.98489e-13
20.5602	1.93277e-13
20.6606	1.90862e-13
20.7605	1.94066e-13
20.8615	1.94095e-13
20.9622	1.95033e-13
21.0639	1.97421e-13
21.167	1.87466e-13
21.2695	1.90487e-13
21.3731	1.89448e-13
21.4763	2.01298e-13
21.5824	1.89359e-13
21.6878	1.83315e-13
21.7928	1.84293e-13
21.8988	1.83583e-13
22.0077	1.907e-13
22.1142	1.84705e-13
22.2237	1.79878e-13
22.3325	1.832e-13
22.4423	1.87056e-13
22.5517	1.83262e-13
22.6636	1.81973e-13
22.7751	1.79982e-13
22.8874	1.83401e-13
23.0009	1.81488e-13
23.1137	1.76182e-13
23.2276	1.80193e-13
23.3425	1.84303e-13
23.4582	1.7653e-13
23.5749	1.83569e-13
23.691	1.77196e-13
23.8096	1.86225e-13
23.9276	1.76725e-13
24.0465	1.76872e-13
24.1661	1.84861e-13
24.2869	1.75233e-13
24.4083	1.73356e-13
24.5293	1.84974e-13
24.6524	1.75907e-13
24.775	1.79164e-13
24.8998	1.8008e-13
25.024	1.81354e-13
25.1489	1.7225e-13
25.2763	1.75182e-13
25.4027	1.73251e-13
25.5302	1.78313e-13
25.6583	1.72661e-13
25.7885	1.74686e-13
25.9181	1.72379e-13
26.0483	1.76766e-13
26.1808	1.71074e-13
26.3124	1.75489e-13
26.4462	1.75814e-13
26.5792	1.77188e-13
26.7143	1.63394e-13
26.8472	1.77137e-13
26.9797	1.78e-13
27.1245	1.7415e-13
27.2557	1.72867e-13
27.399	1.68431e-13
27.5417	1.67131e-13
27.6836	1.70405e-13
27.8249	1.69815e-13
27.9654	1.66618e-13
28.1052	1.70636e-13
28.2442	1.65279e-13
28.3953	1.65275e-13
28.5453	1.61613e-13
28.6823	1.67102e-13
28.8311	1.70219e-13
28.9789	1.64071e-13
29.1262	1.70941e-13
29.2846	1.68861e-13
29.4303	1.60447e-13
29.5872	1.61851e-13
29.7314	1.61313e-13
29.8866	1.63178e-13
30.0413	1.67913e-13
30.1949	1.63757e-13
30.3598	1.56751e-13
30.5118	1.59775e-13
30.6748	1.60808e-13
30.8254	1.58836e-13
30.9868	1.56628e-13
31.1472	1.60208e-13
31.3184	1.69693e-13
31.4771	1.56919e-13
31.6464	1.56118e-13
31.8036	1.58551e-13
31.9712	1.55394e-13
32.1379	1.49843e-13
32.3036	1.58456e-13
32.4796	1.54615e-13
32.6436	1.55129e-13
32.8178	1.58388e-13
32.9908	1.66193e-13
33.1633	1.53879e-13
33.3345	1.51197e-13
33.5157	1.54202e-13
33.6958	1.52661e-13
33.8645	1.49346e-13
34.0427	1.52195e-13
34.2307	1.50156e-13
34.4069	1.56825e-13
34.5928	1.52957e-13
34.7775	1.56499e-13
34.9614	1.51725e-13
35.1441	1.50194e-13
35.3262	1.50646e-13
35.517	1.51672e-13
35.7071	1.49027e-13
35.896	1.48299e-13
36.084	1.4872e-13
36.2807	1.52333e-13
36.4766	1.51006e-13
36.6712	1.48531e-13
36.865	1.52833e-13
37.0575	1.48979e-13
37.2588	1.45605e-13
37.4589	1.40466e-13
37.658	1.44466e-13
37.856	1.44651e-13
38.0622	1.461e-13
38.2675	1.44882e-13
38.4716	1.44527e-13
38.6839	1.44029e-13
38.8857	1.4742e-13
39.0957	1.44577e-13
39.3046	1.46441e-13
39.5213	1.46156e-13
39.737	1.40902e-13
39.9513	1.4056e-13
40.1645	1.42352e-13
40.3855	1.39428e-13
40.6053	1.43262e-13
40.8239	1.43187e-13
41.0413	1.43568e-13
41.266	1.4509e-13
41.4897	1.47113e-13
41.7122	1.38714e-13
41.9418	1.41506e-13
42.1705	1.37141e-13
42.3976	1.39769e-13
42.6318	1.37766e-13
42.8652	1.36033e-13
43.0969	1.35293e-13
43.3357	1.36827e-13
43.5733	1.39364e-13
43.8095	1.36776e-13
44.0523	1.3584e-13
44.286	1.37088e-13
44.5345	1.36694e-13
44.7735	1.37977e-13
45.0191	1.381e-13
45.2712	1.34339e-13
45.522	1.4203e-13
45.7716	1.3266e-13
46.0197	1.32112e-13
46.274	1.35688e-13
46.527	1.3321e-13
46.7862	1.30291e-13
47.044	1.32204e-13
47.3081	1.33615e-13
47.5631	1.30874e-13
47.8317	1.2581e-13
48.0911	1.32834e-13
48.3568	1.34954e-13
48.6281	1.33561e-13
48.898	1.36616e-13
49.1663	1.3127e-13
49.4406	1.33959e-13
49.7131	1.3011e-13
49.9914	1.23511e-13
50.2682	1.27684e-13
50.5503	1.28771e-13
50.831	1.28795e-13
51.117	1.27261e-13
51.4016	1.28245e-13
51.6844	1.3778e-13
51.9724	1.22019e-13
52.2659	1.20815e-13
52.5576	1.26627e-13
52.8478	1.21712e-13
53.1431	1.25661e-13
53.4433	1.25095e-13
53.7417	1.26827e-13
54.0452	1.28517e-13
54.3471	1.29371e-13
54.6474	1.27805e-13
54.9584	1.24386e-13
55.2618	1.27308e-13
55.5763	1.20169e-13
55.8885	1.29547e-13
56.1995	1.20272e-13
56.5151	1.20313e-13
56.8347	1.22273e-13
57.153	1.1819e-13
57.4754	1.20902e-13
57.8022	1.19733e-13
58.1271	1.20448e-13
58.4505	1.25638e-13
58.7838	1.15598e-13
59.1156	1.23052e-13
59.4453	1.17696e-13
59.785	1.17631e-13
60.123	1.15211e-13
60.4589	1.16107e-13
60.8046	1.16673e-13
61.1486	1.18787e-13
61.4905	1.23145e-13
61.8419	1.18322e-13
62.1914	1.14618e-13
62.5448	1.21545e-13
62.896	1.16985e-13
63.2509	1.15649e-13
63.6094	1.19612e-13
63.9712	1.15725e-13
64.3368	1.1626e-13
64.7002	1.12806e-13
65.0671	1.16303e-13
65.437	1.12989e-13
65.805	1.13287e-13
66.1819	1.16394e-13
66.5566	1.16442e-13
66.9342	1.13689e-13
67.3153	1.10099e-13
67.6993	1.12947e-13
68.081	1.12952e-13
68.4713	1.13693e-13
68.859	1.11712e-13
69.25	1.10577e-13
69.6436	1.13499e-13
70.04	1.12719e-13
70.4397	1.13384e-13
70.8415	1.11107e-13
71.2412	1.08462e-13
71.6486	1.10897e-13
72.0537	1.09205e-13
72.4664	1.10281e-13
72.8767	1.11753e-13
73.2944	1.09679e-13
73.7093	1.13058e-13
74.1271	1.1051e-13
74.5521	1.09653e-13
74.9743	1.06288e-13
75.404	1.08535e-13
75.8308	1.06828e-13
76.2645	1.06261e-13
76.6962	1.07613e-13
77.1343	1.0694e-13
77.5745	1.08014e-13
78.0122	1.05235e-13
78.4567	1.08405e-13
78.903	1.05743e-13
79.3508	1.03241e-13
79.8054	1.03979e-13
80.2575	1.03358e-13
80.7155	1.05927e-13
81.1708	1.05507e-13
81.6327	1.05541e-13
82.0961	1.01346e-13
82.5653	1.02361e-13
83.032	1.02216e-13
83.5044	1.02909e-13
83.9787	1.01934e-13
84.4416	1.02229e-13
84.9434	1.06848e-13
85.4007	1.0096e-13
85.8976	1.0369e-13
86.3908	1.03028e-13
86.8813	1.01836e-13
87.3693	1.03013e-13
87.8543	1.0061e-13
88.3771	9.88557e-14
88.8568	1.00087e-13
89.373	9.80136e-14
89.8469	9.96421e-14
90.3576	1.02265e-13
90.8651	1.02453e-13
91.4095	9.92042e-14
91.911	9.90777e-14
92.4104	9.73791e-14
92.9451	1.02446e-13
93.4762	9.93682e-14
94.0045	9.86956e-14
94.5295	9.79717e-14
95.0518	9.78496e-14
95.5713	9.96065e-14
96.1247	9.72793e-14
96.675	9.74158e-14
97.222	9.83613e-14
97.7292	9.80789e-14
98.306	9.72299e-14
98.844	9.56264e-14
99.3785	9.83509e-14
99.9456	9.6539e-14
100.509	9.89752e-14
101.07	9.59098e-14
101.627	9.24814e-14
102.182	9.28135e-14
102.767	9.6788e-14
103.315	9.56479e-14
103.894	9.4332e-14
104.471	9.54063e-14
105.042	9.73378e-14
105.645	9.42806e-14
106.211	9.38828e-14
106.807	9.06566e-14
107.399	9.35901e-14
107.988	9.28194e-14
108.574	9.35083e-14
109.156	9.03837e-14
109.768	9.16238e-14
110.343	9.27712e-14
110.948	9.17595e-14
111.549	9.30536e-14
112.178	9.23231e-14
112.772	9.21697e-14
113.394	9.13672e-14
114.012	9.17976e-14
114.627	9.23574e-14
115.239	9.03413e-14
115.877	9.53517e-14
116.481	9.02096e-14
117.112	8.95482e-14
117.74	8.73063e-14
118.364	8.95476e-14
119.015	9.05572e-14
119.661	8.96916e-14
120.274	8.88322e-14
120.942	8.92909e-14
121.579	8.90311e-14
122.21	9.0011e-14
122.867	8.84612e-14
123.52	9.01337e-14
124.169	8.60662e-14
124.816	8.95398e-14
125.486	8.64041e-14
126.152	8.53373e-14
126.815	8.91951e-14
127.474	8.69879e-14
128.157	8.94014e-14
128.807	8.82278e-14
129.483	8.5038e-14
130.154	8.71258e-14
130.848	8.65812e-14
131.511	8.54507e-14
132.197	8.52939e-14
132.879	8.60024e-14
133.557	8.52897e-14
134.258	8.60821e-14
134.954	8.78341e-14
135.621	8.42985e-14
136.335	8.56526e-14
137.02	8.5059e-14
137.726	8.59829e-14
138.428	8.66315e-14
139.126	8.29671e-14
139.821	8.29284e-14
140.535	8.14782e-14
141.246	8.50067e-14
141.952	8.70869e-14
142.655	8.36933e-14
143.378	8.6598e-14
144.097	8.22233e-14
144.811	8.65318e-14
145.546	8.18064e-14
146.251	8.48166e-14
146.977	8.27415e-14
147.699	8.26528e-14
148.44	8.32187e-14
149.153	8.1254e-14
149.885	8.35307e-14
150.613	8.3324e-14
151.359	8.08143e-14
152.102	7.9625e-14
152.839	8.30166e-14
153.572	8.24278e-14
154.302	8.27993e-14
155.049	8.25817e-14
155.791	8.20527e-14
156.551	8.18406e-14
157.285	7.98425e-14
158.036	8.00586e-14
158.783	8.18936e-14
159.546	8.4058e-14
160.306	7.96185e-14
161.061	8.07018e-14
161.81	8.14042e-14
162.556	8.33482e-14
163.318	8.07842e-14
164.096	7.99673e-14
164.848	7.88252e-14
165.617	7.98667e-14
166.381	8.06692e-14
167.14	8.12597e-14
167.914	8.00242e-14
168.685	8.04742e-14
169.45	7.83746e-14
170.21	7.99952e-14
170.985	8.10654e-14
171.756	7.93751e-14
172.542	7.98676e-14
173.322	8.10547e-14
174.097	7.71592e-14
174.868	7.99578e-14
175.653	7.79008e-14
176.433	8.11971e-14
177.207	7.74586e-14
177.996	7.77746e-14
178.779	7.96239e-14
179.558	7.93944e-14
180.349	7.76656e-14
181.136	7.94485e-14
181.917	7.91636e-14
182.712	7.88778e-14
183.501	7.93569e-14
184.285	7.7773e-14
185.083	7.5926e-14
185.873	7.7254e-14
186.659	7.85716e-14
187.458	7.78657e-14
188.25	7.63799e-14
189.039	8.01571e-14
189.839	7.78466e-14
190.632	7.7875e-14
191.42	7.73322e-14
192.221	7.93265e-14
193.016	7.95849e-14
193.822	7.74289e-14
194.623	7.69147e-14
195.417	7.74311e-14
196.225	7.76372e-14
197.024	7.7535e-14
197.819	7.67846e-14
198.624	8.06465e-14
199.424	7.70813e-14
200.235	8.00032e-14
201.038	7.84991e-14
201.837	7.78316e-14
202.646	7.72694e-14
203.447	7.73174e-14
204.261	7.6327e-14
205.067	7.58836e-14
205.867	7.89905e-14
206.677	7.57158e-14
207.482	7.53462e-14
208.294	7.60842e-14
209.101	7.90506e-14
209.902	7.42576e-14
210.712	7.71429e-14
211.531	7.84398e-14
212.344	7.95597e-14
213.151	7.65924e-14
213.95	7.81111e-14
214.773	7.41879e-14
215.576	7.92315e-14
216.387	7.70845e-14
217.204	7.87236e-14
218.017	7.74035e-14
218.823	7.71958e-14
219.637	7.5013e-14
220.443	7.87195e-14
221.258	7.8315e-14
222.066	7.77504e-14
222.882	7.77518e-14
223.69	7.75705e-14
224.494	7.72055e-14
225.303	8.00527e-14
226.12	7.93079e-14
226.931	7.78355e-14
227.733	7.87393e-14
228.545	7.87924e-14
229.362	7.55409e-14
230.174	8.09653e-14
230.976	7.64706e-14
231.788	7.54819e-14
232.591	7.77385e-14
233.402	7.6186e-14
234.206	8.25727e-14
235.002	7.84018e-14
235.806	8.10088e-14
236.616	7.97883e-14
237.418	8.09784e-14
238.215	8.13631e-14
239.018	7.81086e-14
239.827	8.16146e-14
240.615	7.9996e-14
241.41	7.79069e-14
242.211	8.13503e-14
243.006	7.67895e-14
243.794	8.23622e-14
244.588	8.00865e-14
245.374	7.98548e-14
246.168	8.36036e-14
246.954	7.87148e-14
247.735	7.93001e-14
248.522	8.20026e-14
249.301	8.09916e-14
250.075	8.11032e-14
250.855	8.21251e-14
251.627	8.19085e-14
252.395	8.0012e-14
253.155	8.47564e-14
253.912	8.0472e-14
254.66	8.1342e-14
255.404	8.49808e-14
256.262	8.5788e-14
256.995	8.10763e-14
257.722	8.53412e-14
258.442	8.19451e-14
259.157	8.49649e-14
259.987	8.44218e-14
260.694	8.46751e-14
261.395	8.52362e-14
262.093	8.35917e-14
262.901	8.51034e-14
263.588	8.4964e-14
264.272	8.64859e-14
264.952	8.58779e-14
265.742	8.52405e-14
266.413	8.58931e-14
267.083	8.55462e-14
267.746	8.73121e-14
268.409	8.7096e-14
269.177	8.69305e-14
269.832	8.8847e-14
270.485	8.65064e-14
271.135	8.79909e-14
271.781	8.87708e-14
272.427	8.99133e-14
273.069	9.23691e-14
273.71	8.78304e-14
274.241	8.88413e-14
274.88	9.06601e-14
275.515	9.14413e-14
276.044	9.29078e-14
276.676	9.09264e-14
277.204	9.32197e-14
277.836	9.26471e-14
278.363	9.13059e-14
278.888	9.23172e-14
279.52	9.40223e-14
280.047	9.64187e-14
280.575	9.5684e-14
280.999	9.91131e-14
281.531	9.75766e-14
282.06	9.88775e-14
282.49	9.56649e-14
283.024	9.68897e-14
283.458	9.92512e-14
283.894	9.69845e-14
284.333	9.89159e-14
284.774	9.9774e-14
285.116	9.50906e-14
285.562	1.01475e-13
285.912	9.98601e-14
286.266	1.01007e-13
286.621	1.07002e-13
286.983	9.95473e-14
287.348	1.04464e-13
287.616	1.0558e-13
287.989	1.02611e-13
288.269	1.06965e-13
288.55	1.03426e-13
288.838	1.05371e-13
289.033	1.0597e-13
289.233	1.07277e-13
289.536	1.05296e-13
289.746	1.03255e-13
289.866	1.06336e-13
290.087	1.06218e-13
290.217	1.09717e-13
290.352	1.06483e-13
290.495	1.06581e-13
290.642	1.0797e-13
290.699	1.08825e-13
290.762	1.10593e-13
290.831	1.1038e-13
290.905	1.10495e-13
290.989	1.11898e-13
290.995	1.05997e-13
320.095	1.45035e-13
352.104	1.63725e-13
387.315	1.79557e-13
426.046	1.91545e-13
468.651	2.04209e-13
515.516	2.17333e-13
567.068	2.28211e-13
623.775	2.31229e-13
686.152	2.48729e-13
754.767	2.58995e-13
830.244	2.64257e-13
913.268	2.8651e-13
1004.6	3.07257e-13
1105.05	3.26431e-13
1215.56	3.3457e-13
1337.12	3.70871e-13
1470.83	3.85978e-13
1617.91	4.25252e-13
1779.7	4.35936e-13
1957.67	4.75233e-13
2153.44	5.19044e-13
2368.78	5.77389e-13
2605.66	6.17771e-13
2866.23	6.59627e-13
3152.85	7.31022e-13
3468.14	8.20656e-13
3814.95	9.28732e-13
4196.44	1.04628e-12
4616.09	1.17574e-12
5077.7	1.36151e-12
5585.47	1.53886e-12
6144.01	1.76842e-12
6758.41	2.13892e-12
7434.26	2.55604e-12
8177.68	3.00984e-12
8995.45	3.85206e-12
9894.99	8.66833e-12
