0.0001	4.51588e-06
0.000101	4.42712e-06
0.00010201	4.34002e-06
0.00010303	4.25412e-06
0.00010406	4.17062e-06
0.000105101	4.08793e-06
0.000106152	4.00763e-06
0.000107214	3.9289e-06
0.000108286	3.85142e-06
0.000109369	3.77529e-06
0.000110462	3.70113e-06
0.000111567	3.62789e-06
0.000112683	3.55681e-06
0.000113809	3.48666e-06
0.000114947	3.41788e-06
0.000116097	3.35072e-06
0.000117258	3.28431e-06
0.00011843	3.21973e-06
0.000119615	3.15644e-06
0.000120811	3.09417e-06
0.000122019	3.03339e-06
0.000123239	2.97337e-06
0.000124472	2.91488e-06
0.000125716	2.85736e-06
0.000126973	2.80118e-06
0.000128243	2.74607e-06
0.000129526	2.69172e-06
0.000130821	2.63869e-06
0.000132129	2.58672e-06
0.00013345	2.53573e-06
0.000134785	2.48585e-06
0.000136133	2.43688e-06
0.000137494	2.38873e-06
0.000138869	2.34183e-06
0.000140258	2.29549e-06
0.00014166	2.25049e-06
0.000143077	2.20597e-06
0.000144508	2.1626e-06
0.000145953	2.11994e-06
0.000147412	2.07824e-06
0.000148886	2.03715e-06
0.000150375	1.99712e-06
0.000151879	1.95775e-06
0.000153398	1.91917e-06
0.000154932	1.88143e-06
0.000156481	1.84422e-06
0.000158046	1.80799e-06
0.000159626	1.77234e-06
0.000161223	1.73736e-06
0.000162835	1.7032e-06
0.000164463	1.66959e-06
0.000166108	1.63671e-06
0.000167769	1.60446e-06
0.000169447	1.57287e-06
0.000171141	1.54188e-06
0.000172852	1.51144e-06
0.000174581	1.48168e-06
0.000176327	1.45244e-06
0.00017809	1.42387e-06
0.000179871	1.39579e-06
0.00018167	1.36832e-06
0.000183486	1.34135e-06
0.000185321	1.31491e-06
0.000187174	1.28904e-06
0.000189046	1.26362e-06
0.000190937	1.23872e-06
0.000192846	1.21431e-06
0.000194774	1.19038e-06
0.000196722	1.16694e-06
0.000198689	1.14392e-06
0.000200676	1.1214e-06
0.000202683	1.09931e-06
0.00020471	1.07765e-06
0.000206757	1.0564e-06
0.000208825	1.03559e-06
0.000210913	1.0152e-06
0.000213022	9.95184e-07
0.000215152	9.75574e-07
0.000217304	9.56356e-07
0.000219477	9.37522e-07
0.000221672	9.19028e-07
0.000223888	9.0094e-07
0.000226127	8.83176e-07
0.000228388	8.65771e-07
0.000230672	8.4873e-07
0.000232979	8.31995e-07
0.000235309	8.15599e-07
0.000237662	7.99537e-07
0.000240038	7.83769e-07
0.000242439	7.68336e-07
0.000244863	7.53191e-07
0.000247312	7.38352e-07
0.000249785	7.23794e-07
0.000252283	7.09533e-07
0.000254806	6.95556e-07
0.000257354	6.81852e-07
0.000259927	6.68413e-07
0.000262527	6.55253e-07
0.000265152	6.42337e-07
0.000267803	6.29682e-07
0.000270481	6.17277e-07
0.000273186	6.05111e-07
0.000275918	5.93195e-07
0.000278677	5.81499e-07
0.000281464	5.70044e-07
0.000284279	5.58814e-07
0.000287121	5.47809e-07
0.000289993	5.37012e-07
0.000292893	5.26429e-07
0.000295822	5.16057e-07
0.00029878	5.05885e-07
0.000301768	4.9592e-07
0.000304785	4.86148e-07
0.000307833	4.76571e-07
0.000310911	4.67175e-07
0.00031402	4.57973e-07
0.000317161	4.48951e-07
0.000320332	4.40103e-07
0.000323536	4.31435e-07
0.000326771	4.22928e-07
0.000330039	4.14602e-07
0.000333339	4.06429e-07
0.000336672	3.98422e-07
0.000340039	3.90573e-07
0.00034344	3.82876e-07
0.000346874	3.75332e-07
0.000350343	3.67938e-07
0.000353846	3.60689e-07
0.000357385	3.53579e-07
0.000360958	3.46615e-07
0.000364568	3.39783e-07
0.000368214	3.33088e-07
0.000371896	3.26527e-07
0.000375615	3.20094e-07
0.000379371	3.13786e-07
0.000383165	3.07603e-07
0.000386996	3.01543e-07
0.000390866	2.95601e-07
0.000394775	2.89778e-07
0.000398723	2.84069e-07
0.00040271	2.78472e-07
0.000406737	2.72985e-07
0.000410804	2.67607e-07
0.000414912	2.62334e-07
0.000419062	2.57165e-07
0.000423252	2.52099e-07
0.000427485	2.47131e-07
0.00043176	2.42263e-07
0.000436077	2.37488e-07
0.000440438	2.32809e-07
0.000444842	2.28224e-07
0.000449291	2.23726e-07
0.000453784	2.19319e-07
0.000458321	2.14997e-07
0.000462905	2.10762e-07
0.000467534	2.06609e-07
0.000472209	2.0254e-07
0.000476931	1.98549e-07
0.0004817	1.94637e-07
0.000486517	1.90803e-07
0.000491383	1.87043e-07
0.000496296	1.83359e-07
0.000501259	1.79747e-07
0.000506272	1.76205e-07
0.000511335	1.72734e-07
0.000516448	1.69331e-07
0.000521613	1.65995e-07
0.000526829	1.62724e-07
0.000532097	1.59518e-07
0.000537418	1.56376e-07
0.000542792	1.53295e-07
0.00054822	1.50276e-07
0.000553702	1.47315e-07
0.000559239	1.44413e-07
0.000564832	1.41568e-07
0.00057048	1.38779e-07
0.000576185	1.36046e-07
0.000581947	1.33366e-07
0.000587766	1.30739e-07
0.000593644	1.28164e-07
0.00059958	1.25639e-07
0.000605576	1.23164e-07
0.000611632	1.20738e-07
0.000617748	1.1836e-07
0.000623926	1.16028e-07
0.000630165	1.13743e-07
0.000636466	1.11503e-07
0.000642831	1.09306e-07
0.000649259	1.07153e-07
0.000655752	1.05043e-07
0.00066231	1.02974e-07
0.000668933	1.00946e-07
0.000675622	9.89582e-08
0.000682378	9.70093e-08
0.000689202	9.50987e-08
0.000696094	9.32261e-08
0.000703055	9.13899e-08
0.000710085	8.95903e-08
0.000717186	8.7826e-08
0.000724358	8.60966e-08
0.000731602	8.44015e-08
0.000738918	8.27395e-08
0.000746307	8.11103e-08
0.00075377	7.95133e-08
0.000761308	7.79478e-08
0.000768921	7.64132e-08
0.00077661	7.49087e-08
0.000784376	7.34341e-08
0.00079222	7.19884e-08
0.000800142	7.05713e-08
0.000808144	6.91821e-08
0.000816225	6.78204e-08
0.000824387	6.64855e-08
0.000832631	6.5177e-08
0.000840957	6.38941e-08
0.000849367	6.26368e-08
0.000857861	6.1404e-08
0.000866439	6.01957e-08
0.000875104	5.90112e-08
0.000883855	5.78501e-08
0.000892693	5.67119e-08
0.00090162	5.55962e-08
0.000910636	5.45024e-08
0.000919743	5.34303e-08
0.00092894	5.23793e-08
0.00093823	5.1349e-08
0.000947612	5.03392e-08
0.000957088	4.93492e-08
0.000966659	4.83788e-08
0.000976325	4.74276e-08
0.000986089	4.6495e-08
0.00099595	4.5581e-08
0.00100591	4.4685e-08
0.00101597	4.38067e-08
0.00102613	4.29457e-08
0.00103639	4.21017e-08
0.00104675	4.12745e-08
0.00105722	4.04635e-08
0.00106779	3.96687e-08
0.00107847	3.88894e-08
0.00108926	3.81256e-08
0.00110015	3.7377e-08
0.00111115	3.66431e-08
0.00112226	3.59237e-08
0.00113348	3.52185e-08
0.00114482	3.45273e-08
0.00115627	3.38498e-08
0.00116783	3.31857e-08
0.00117951	3.25348e-08
0.0011913	3.18966e-08
0.00120322	3.12712e-08
0.00121525	3.06581e-08
0.0012274	3.00572e-08
0.00123967	2.94682e-08
0.00125207	2.88908e-08
0.00126459	2.83249e-08
0.00127724	2.77702e-08
0.00129001	2.72265e-08
0.00130291	2.66936e-08
0.00131594	2.61713e-08
0.0013291	2.56593e-08
0.00134239	2.51575e-08
0.00135581	2.46657e-08
0.00136937	2.41836e-08
0.00138307	2.37111e-08
0.0013969	2.3248e-08
0.00141086	2.27941e-08
0.00142497	2.23493e-08
0.00143922	2.19133e-08
0.00145362	2.14859e-08
0.00146815	2.10671e-08
0.00148283	2.06566e-08
0.00149766	2.02544e-08
0.00151264	1.98601e-08
0.00152776	1.94737e-08
0.00154304	1.9095e-08
0.00155847	1.87239e-08
0.00157406	1.83602e-08
0.0015898	1.80037e-08
0.0016057	1.76544e-08
0.00162175	1.73121e-08
0.00163797	1.69767e-08
0.00165435	1.6648e-08
0.00167089	1.63259e-08
0.0016876	1.60102e-08
0.00170448	1.57009e-08
0.00172152	1.53978e-08
0.00173874	1.51008e-08
0.00175613	1.48098e-08
0.00177369	1.45247e-08
0.00179142	1.42454e-08
0.00180934	1.39716e-08
0.00182743	1.37034e-08
0.00184571	1.34407e-08
0.00186416	1.31833e-08
0.0018828	1.29311e-08
0.00190163	1.2684e-08
0.00192065	1.2442e-08
0.00193986	1.22049e-08
0.00195925	1.19726e-08
0.00197885	1.17451e-08
0.00199864	1.15223e-08
0.00201862	1.1304e-08
0.00203881	1.10902e-08
0.0020592	1.08808e-08
0.00207979	1.06758e-08
0.00210059	1.04749e-08
0.00212159	1.02783e-08
0.00214281	1.00857e-08
0.00216424	9.89715e-09
0.00218588	9.71252e-09
0.00220774	9.53175e-09
0.00222981	9.35478e-09
0.00225211	9.18153e-09
0.00227463	9.01194e-09
0.00229738	8.84594e-09
0.00232035	8.68347e-09
0.00234356	8.52446e-09
0.00236699	8.36885e-09
0.00239066	8.21659e-09
0.00241457	8.06761e-09
0.00243871	7.92185e-09
0.0024631	7.77927e-09
0.00248773	7.6398e-09
0.00251261	7.5034e-09
0.00253774	7.37001e-09
0.00256311	7.23958e-09
0.00258874	7.11207e-09
0.00261463	6.98742e-09
0.00264078	6.86559e-09
0.00266719	6.74653e-09
0.00269386	6.63021e-09
0.0027208	6.51657e-09
0.002748	6.40559e-09
0.00277548	6.29721e-09
0.00280324	6.1914e-09
0.00283127	6.08812e-09
0.00285958	5.98734e-09
0.00288818	5.88903e-09
0.00291706	5.79314e-09
0.00294623	5.69966e-09
0.0029757	5.60854e-09
0.00300545	5.51976e-09
0.00303551	5.4333e-09
0.00306586	5.34912e-09
0.00309652	5.26721e-09
0.00312749	5.18754e-09
0.00315876	5.11008e-09
0.00319035	5.03482e-09
0.00322225	4.96175e-09
0.00325447	4.89084e-09
0.00328702	4.82208e-09
0.00331989	4.75545e-09
0.00335309	4.69095e-09
0.00338662	4.62856e-09
0.00342049	4.56829e-09
0.00345469	4.51011e-09
0.00348924	4.45403e-09
0.00352413	4.40005e-09
0.00355937	4.34816e-09
0.00359496	4.29837e-09
0.00363091	4.25068e-09
0.00366722	4.2051e-09
0.0037039	4.16163e-09
0.00374093	4.12028e-09
0.00377834	4.08106e-09
0.00381613	4.04399e-09
0.00385429	4.00906e-09
0.00389283	3.9763e-09
0.00393176	3.94572e-09
0.00397108	3.91731e-09
0.00401079	3.89109e-09
0.0040509	3.86706e-09
0.0040914	3.84519e-09
0.00413232	3.82549e-09
0.00417364	3.80791e-09
0.00421538	3.7924e-09
0.00425753	3.77887e-09
0.00430011	3.76724e-09
0.00434311	3.75733e-09
0.00438654	3.74896e-09
0.0044304	3.74185e-09
0.00447471	3.73568e-09
0.00451946	3.73002e-09
0.00456465	3.72435e-09
0.0046103	3.71803e-09
0.0046564	3.71034e-09
0.00470296	3.70043e-09
0.00474999	3.68739e-09
0.00479749	3.67024e-09
0.00484547	3.64805e-09
0.00489392	3.61998e-09
0.00494286	3.58536e-09
0.00499229	3.54382e-09
0.00504221	3.49529e-09
0.00509264	3.44009e-09
0.00514356	3.37888e-09
0.005195	3.31265e-09
0.00524695	3.24257e-09
0.00529942	3.16995e-09
0.00535241	3.09608e-09
0.00540594	3.02224e-09
0.00546	2.94954e-09
0.0055146	2.87898e-09
0.00556974	2.81139e-09
0.00562544	2.74744e-09
0.00568169	2.68768e-09
0.00573851	2.63257e-09
0.00579589	2.58247e-09
0.00585385	2.53769e-09
0.00591239	2.49852e-09
0.00597152	2.46525e-09
0.00603123	2.43815e-09
0.00609154	2.41758e-09
0.00615246	2.40392e-09
0.00621398	2.39764e-09
0.00627612	2.39934e-09
0.00633888	2.40969e-09
0.00640227	2.42955e-09
0.0064663	2.45987e-09
0.00653096	2.50172e-09
0.00659627	2.55614e-09
0.00666223	2.6238e-09
0.00672885	2.70433e-09
0.00679614	2.79494e-09
0.0068641	2.88802e-09
0.00693275	2.96829e-09
0.00700207	3.01261e-09
0.00707209	2.99825e-09
0.00714281	2.91858e-09
0.00721424	2.7897e-09
0.00728638	2.63842e-09
0.00735925	2.48705e-09
0.00743284	2.34835e-09
0.00750717	2.22765e-09
0.00758224	2.1262e-09
0.00765806	2.04348e-09
0.00773464	1.97839e-09
0.00781199	1.9299e-09
0.00789011	1.89718e-09
0.00796901	1.87977e-09
0.0080487	1.87747e-09
0.00812919	1.8902e-09
0.00821048	1.91762e-09
0.00829259	1.95832e-09
0.00837551	2.00831e-09
0.00845927	2.0587e-09
0.00854386	2.09414e-09
0.0086293	2.09634e-09
0.00871559	2.05553e-09
0.00880275	1.97964e-09
0.00889077	1.88822e-09
0.00897968	1.79961e-09
0.00906948	1.72517e-09
0.00916017	1.67053e-09
0.00925178	1.63856e-09
0.00934429	1.63161e-09
0.00943774	1.6531e-09
0.00953211	1.7087e-09
0.00962743	1.80746e-09
0.00972371	1.96052e-09
0.00982095	2.16459e-09
0.00991916	2.32845e-09
0.0100183	2.25533e-09
0.0101185	2.00363e-09
0.0102197	1.76747e-09
0.0103219	1.59796e-09
0.0104251	1.48737e-09
0.0105294	1.42354e-09
0.0106347	1.39876e-09
0.010741	1.40904e-09
0.0108484	1.45119e-09
0.0109569	1.51567e-09
0.0110665	1.57274e-09
0.0111772	1.57283e-09
0.0112889	1.50247e-09
0.0114018	1.40838e-09
0.0115158	1.33503e-09
0.011631	1.30165e-09
0.0117473	1.31844e-09
0.0118648	1.40205e-09
0.0119834	1.59126e-09
0.0121033	1.95045e-09
0.0122243	2.14051e-09
0.0123465	1.71014e-09
0.01247	1.40281e-09
0.0125947	1.24896e-09
0.0127206	1.18792e-09
0.0128478	1.19416e-09
0.0129763	1.25315e-09
0.0131061	1.32188e-09
0.0132372	1.30418e-09
0.0133695	1.2018e-09
0.0135032	1.1156e-09
0.0136383	1.0912e-09
0.0137746	1.14831e-09
0.0139124	1.32821e-09
0.0140515	1.63562e-09
0.014192	1.48897e-09
0.0143339	1.19442e-09
0.0144773	1.06721e-09
0.0146221	1.05707e-09
0.0147683	1.14106e-09
0.014916	1.23853e-09
0.0150651	1.15122e-09
0.0152158	1.02227e-09
0.0153679	9.89611e-10
0.0155216	1.08432e-09
0.0156768	1.3406e-09
0.0158336	1.26645e-09
0.0159919	1.00144e-09
0.0161518	9.12645e-10
0.0163134	9.50538e-10
0.0164765	1.05305e-09
0.0166413	1.00547e-09
0.0168077	9.09949e-10
0.0169757	9.49501e-10
0.0171455	1.29865e-09
0.017317	1.45699e-09
0.0174901	9.49597e-10
0.017665	8.60477e-10
0.0178417	9.34599e-10
0.0180201	9.39154e-10
0.0182003	8.18261e-10
0.0183823	8.34187e-10
0.0185661	1.08475e-09
0.0187518	9.99677e-10
0.0189393	8.04625e-10
0.0191287	8.55126e-10
0.01932	9.56467e-10
0.0195132	8.00841e-10
0.0197083	8.36346e-10
0.0199054	1.19947e-09
0.0201045	8.18602e-10
0.0203055	7.37638e-10
0.0205086	8.44382e-10
0.0207136	7.47075e-10
0.0209208	7.69475e-10
0.02113	1.18608e-09
0.0213413	7.47555e-10
0.0215547	7.34493e-10
0.0217702	7.82153e-10
0.0219879	6.80507e-10
0.0222078	9.65535e-10
0.0224299	7.68031e-10
0.0226542	7.04107e-10
0.0228807	7.75109e-10
0.0231095	6.56057e-10
0.0233406	9.09636e-10
0.0235741	6.36231e-10
0.0238098	6.94698e-10
0.0240479	6.46955e-10
0.0242884	8.15067e-10
0.0245313	7.40074e-10
0.0247766	6.54228e-10
0.0250243	6.25582e-10
0.0252746	6.76422e-10
0.0255273	6.56904e-10
0.0257826	6.47989e-10
0.0260404	5.95728e-10
0.0263008	8.1613e-10
0.0265638	5.65954e-10
0.0268295	6.56255e-10
0.0270978	5.86618e-10
0.0273687	7.0221e-10
0.0276424	5.9807e-10
0.0279189	5.31556e-10
0.028198	7.89587e-10
0.02848	5.57213e-10
0.0287648	5.31075e-10
0.0290525	7.3922e-10
0.029343	5.28536e-10
0.0296364	5.18869e-10
0.0299328	7.93466e-10
0.0302321	5.58046e-10
0.0305344	4.926e-10
0.0308398	5.11665e-10
0.0311482	5.67772e-10
0.0314597	7.2665e-10
0.0317743	4.89832e-10
0.032092	4.76074e-10
0.0324129	4.91547e-10
0.032737	4.86976e-10
0.0330644	6.74233e-10
0.0333951	5.52933e-10
0.033729	5.92502e-10
0.0340663	4.69808e-10
0.034407	5.29587e-10
0.034751	4.5425e-10
0.0350985	4.55355e-10
0.0354495	4.40697e-10
0.035804	4.66872e-10
0.0361621	4.29019e-10
0.0365237	5.2319e-10
0.0368889	4.67179e-10
0.0372578	6.47159e-10
0.0376304	4.6849e-10
0.0380067	4.38374e-10
0.0383868	3.98473e-10
0.0387706	3.97185e-10
0.0391583	4.71917e-10
0.0395499	4.56238e-10
0.0399454	3.99386e-10
0.0403449	4.00465e-10
0.0407483	4.24091e-10
0.0411558	4.05224e-10
0.0415674	3.94034e-10
0.041983	4.17195e-10
0.0424029	3.60069e-10
0.0428269	4.9618e-10
0.0432552	3.53461e-10
0.0436877	3.97553e-10
0.0441246	3.42696e-10
0.0445658	5.0749e-10
0.0450115	3.6651e-10
0.0454616	3.39793e-10
0.0459162	3.83537e-10
0.0463754	3.43163e-10
0.0468391	3.19412e-10
0.0473075	3.82691e-10
0.0477806	4.66908e-10
0.0482584	4.27696e-10
0.048741	4.22588e-10
0.0492284	3.35216e-10
0.0497207	3.41171e-10
0.0502179	3.34716e-10
0.0507201	3.39406e-10
0.0512273	3.70472e-10
0.0517396	5.52913e-10
0.052257	3.86125e-10
0.0527795	3.01046e-10
0.0533073	2.84696e-10
0.0538404	3.29546e-10
0.0543788	2.98164e-10
0.0549226	2.81565e-10
0.0554718	3.88794e-10
0.0560265	2.70125e-10
0.0565868	3.09244e-10
0.0571527	3.128e-10
0.0577242	2.73111e-10
0.0583014	2.94797e-10
0.0588844	3.31176e-10
0.0594733	2.49832e-10
0.060068	2.46588e-10
0.0606687	2.48975e-10
0.0612754	2.42958e-10
0.0618881	2.4084e-10
0.062507	2.37204e-10
0.0631321	2.4926e-10
0.0637634	3.59469e-10
0.0644011	2.47782e-10
0.0650451	2.35222e-10
0.0656955	3.89045e-10
0.0663525	2.27943e-10
0.067016	2.52191e-10
0.0676862	2.34498e-10
0.068363	2.24653e-10
0.0690466	2.61715e-10
0.0697371	2.95955e-10
0.0704345	3.33851e-10
0.0711388	3.8402e-10
0.0718502	2.58861e-10
0.0725687	2.17973e-10
0.0732944	2.11022e-10
0.0740273	2.36479e-10
0.0747676	2.02799e-10
0.0755153	2.90212e-10
0.0762705	1.98926e-10
0.0770332	2.04789e-10
0.0778035	2.68644e-10
0.0785815	2.33494e-10
0.0793673	2.72078e-10
0.080161	2.10268e-10
0.0809626	2.06502e-10
0.0817722	2.0071e-10
0.08259	2.11552e-10
0.0834159	1.80499e-10
0.08425	2.00636e-10
0.0850925	2.67473e-10
0.0859435	2.26823e-10
0.0868029	2.37088e-10
0.0876709	2.49748e-10
0.0885476	2.0873e-10
0.0894331	1.63867e-10
0.0903274	1.95427e-10
0.0912307	1.82958e-10
0.092143	1.70341e-10
0.0930644	1.66357e-10
0.0939951	1.79555e-10
0.094935	1.60273e-10
0.0958844	1.65231e-10
0.0968432	1.9288e-10
0.0978117	1.87627e-10
0.0987898	1.55123e-10
0.0997777	1.51235e-10
0.100775	1.4819e-10
0.101783	1.74332e-10
0.102801	1.91674e-10
0.103829	1.56862e-10
0.104867	1.45585e-10
0.105916	1.47138e-10
0.106975	1.41678e-10
0.108045	1.52707e-10
0.109125	1.7566e-10
0.110217	1.87224e-10
0.111319	1.53602e-10
0.112432	1.68314e-10
0.113556	2.13595e-10
0.114692	1.32568e-10
0.115839	1.43448e-10
0.116997	2.73481e-10
0.118167	1.43671e-10
0.119349	1.25926e-10
0.120542	1.79886e-10
0.121748	1.41017e-10
0.122965	1.45485e-10
0.124195	1.70308e-10
0.125437	1.17287e-10
0.126691	1.2417e-10
0.127958	1.3715e-10
0.129238	1.15702e-10
0.13053	1.35657e-10
0.131835	1.31335e-10
0.133154	1.32721e-10
0.134485	1.14154e-10
0.13583	2.41932e-10
0.137188	1.34135e-10
0.13856	1.29739e-10
0.139946	1.33745e-10
0.141345	1.13325e-10
0.142759	1.51935e-10
0.144186	1.04832e-10
0.145628	1.12862e-10
0.147085	1.04672e-10
0.148555	1.49287e-10
0.150041	1.33105e-10
0.151541	1.32426e-10
0.153057	1.06714e-10
0.154587	1.11131e-10
0.156133	1.10054e-10
0.157695	1.05694e-10
0.159271	1.14724e-10
0.160864	9.78517e-11
0.162473	9.44891e-11
0.164098	1.54555e-10
0.165739	1.09019e-10
0.167396	1.29599e-10
0.16907	9.48284e-11
0.170761	1.74754e-10
0.172468	9.125e-11
0.174193	9.7163e-11
0.175935	1.02487e-10
0.177694	8.39194e-11
0.179471	1.01216e-10
0.181266	9.66418e-11
0.183078	8.95395e-11
0.184909	9.04347e-11
0.186758	8.09192e-11
0.188626	8.97511e-11
0.190512	9.06586e-11
0.192417	8.82696e-11
0.194341	8.71707e-11
0.196285	9.00503e-11
0.198248	8.92705e-11
0.20023	8.53435e-11
0.202232	7.6627e-11
0.204255	7.36636e-11
0.206297	8.48335e-11
0.20836	7.71321e-11
0.210444	1.03138e-10
0.212548	9.26834e-11
0.214674	6.8347e-11
0.216821	1.07567e-10
0.218989	9.74311e-11
0.221179	7.41366e-11
0.22339	6.79082e-11
0.225624	7.6793e-11
0.227881	8.43995e-11
0.230159	7.58928e-11
0.232461	6.83375e-11
0.234786	7.72651e-11
0.237134	7.49556e-11
0.239505	6.52332e-11
0.2419	7.76875e-11
0.244319	6.47013e-11
0.246762	6.32987e-11
0.24923	7.46488e-11
0.251722	6.22263e-11
0.254239	6.13026e-11
0.256782	6.71515e-11
0.259349	5.85907e-11
0.261943	6.57561e-11
0.264562	5.83927e-11
0.267208	5.7526e-11
0.26988	5.8287e-11
0.272579	6.07283e-11
0.275305	5.52535e-11
0.278058	7.56096e-11
0.280838	5.53451e-11
0.283647	5.25802e-11
0.286483	6.48042e-11
0.289348	5.53801e-11
0.292241	7.01049e-11
0.295164	5.10715e-11
0.298115	8.01236e-11
0.301097	7.44434e-11
0.304108	5.06425e-11
0.307149	4.98529e-11
0.31022	5.66686e-11
0.313322	5.61826e-11
0.316456	4.79622e-11
0.31962	5.74617e-11
0.322816	4.65561e-11
0.326045	5.52699e-11
0.329305	4.88307e-11
0.332598	5.27019e-11
0.335924	4.97649e-11
0.339283	4.88383e-11
0.342676	4.43479e-11
0.346103	4.66404e-11
0.349564	5.6476e-11
0.353059	4.79493e-11
0.35659	6.33998e-11
0.360156	4.88684e-11
0.363758	5.50859e-11
0.367395	4.02597e-11
0.371069	4.61785e-11
0.37478	4.19912e-11
0.378528	4.45007e-11
0.382313	4.01392e-11
0.386136	4.49722e-11
0.389997	4.44694e-11
0.393897	4.37977e-11
0.397836	4.12136e-11
0.401815	4.17895e-11
0.405833	6.3175e-11
0.409891	3.6568e-11
0.41399	4.18755e-11
0.41813	3.67021e-11
0.422311	3.73813e-11
0.426534	4.02589e-11
0.4308	3.69064e-11
0.435108	3.92576e-11
0.439459	4.00091e-11
0.443853	3.84293e-11
0.448292	3.3406e-11
0.452775	3.33263e-11
0.457303	3.37633e-11
0.461876	3.67536e-11
0.466494	5.04905e-11
0.471159	3.33315e-11
0.475871	3.37671e-11
0.48063	4.88989e-11
0.485436	3.34928e-11
0.49029	3.60757e-11
0.495193	3.50252e-11
0.500145	3.83724e-11
0.505146	3.04055e-11
0.510198	2.91723e-11
0.5153	2.93372e-11
0.520453	3.17826e-11
0.525657	2.95713e-11
0.530914	3.05437e-11
0.536223	3.19231e-11
0.541585	3.13306e-11
0.547001	2.7825e-11
0.552471	3.2064e-11
0.557996	2.68398e-11
0.563576	3.06226e-11
0.569212	2.72441e-11
0.574904	3.24147e-11
0.580653	3.01311e-11
0.586459	3.03572e-11
0.592324	2.99895e-11
0.598247	2.50393e-11
0.60423	2.48898e-11
0.610272	2.40207e-11
0.616375	2.46248e-11
0.622538	2.43852e-11
0.628764	2.31658e-11
0.635051	3.60298e-11
0.641402	2.70899e-11
0.647816	2.52149e-11
0.654294	2.37072e-11
0.660837	2.22419e-11
0.667445	2.18292e-11
0.67412	2.3092e-11
0.680861	2.57457e-11
0.68767	2.46124e-11
0.694546	2.85352e-11
0.701492	2.48265e-11
0.708507	4.04919e-11
0.715592	2.44844e-11
0.722748	3.36163e-11
0.729975	2.03087e-11
0.735599	2.63994e-11
0.761075	1.91607e-11
0.786415	2.31014e-11
0.811677	2.15224e-11
0.836868	2.30274e-11
0.861995	1.66831e-11
0.886817	2.3189e-11
0.912154	1.69865e-11
0.936806	1.71722e-11
0.961955	1.60891e-11
0.986829	1.53495e-11
1.01145	1.44704e-11
1.03618	1.77536e-11
1.06068	1.4007e-11
1.08529	1.43888e-11
1.10968	2.24552e-11
1.13419	1.25659e-11
1.15849	1.34671e-11
1.18259	1.36651e-11
1.20652	1.15764e-11
1.23056	2.02005e-11
1.25444	1.17936e-11
1.27787	1.09606e-11
1.30143	1.10499e-11
1.32512	1.48961e-11
1.34839	9.82705e-12
1.3718	1.0746e-11
1.39481	1.33498e-11
1.41796	1.06562e-11
1.44074	9.26445e-12
1.46365	1.25615e-11
1.48646	1.15617e-11
1.50893	8.9907e-12
1.53153	9.98194e-12
1.55404	1.03819e-11
1.57623	7.97459e-12
1.59856	9.11799e-12
1.62081	1.18392e-11
1.64298	9.66473e-12
1.66485	7.66222e-12
1.68687	8.29238e-12
1.7086	7.72101e-12
1.73048	9.59174e-12
1.75209	9.51341e-12
1.77384	7.21508e-12
1.79533	6.20033e-12
1.81676	9.65035e-12
1.83833	7.72187e-12
1.85966	6.44416e-12
1.88094	6.47156e-12
1.90216	1.31957e-11
1.92335	5.75246e-12
1.94448	8.69174e-12
1.96558	7.82276e-12
1.98663	7.21107e-12
2.00746	7.86134e-12
2.02826	6.44781e-12
2.04919	6.0774e-12
2.06992	4.92256e-12
2.09079	4.70253e-12
2.11145	4.70019e-12
2.13208	4.83981e-12
2.15268	6.28594e-12
2.17325	5.24162e-12
2.19363	4.40219e-12
2.21415	4.45927e-12
2.23464	4.31383e-12
2.25494	5.67004e-12
2.27522	4.27478e-12
2.29564	5.16376e-12
2.31588	6.06635e-12
2.3361	6.32081e-12
2.3563	4.0479e-12
2.37632	3.83437e-12
2.39634	5.32396e-12
2.41648	5.06768e-12
2.43646	4.36306e-12
2.45642	5.64014e-12
2.47637	4.14501e-12
2.4963	3.9198e-12
2.51622	3.40992e-12
2.53612	3.51191e-12
2.55587	3.65073e-12
2.57575	3.27915e-12
2.59548	5.34108e-12
2.6152	3.12535e-12
2.6349	3.74599e-12
2.6546	3.76687e-12
2.67429	3.04476e-12
2.69383	3.27112e-12
2.7139	3.47707e-12
2.73249	4.87285e-12
2.75228	3.00202e-12
2.77193	3.04815e-12
2.79143	3.37212e-12
2.8108	4.77123e-12
2.83004	2.75105e-12
2.85042	2.98882e-12
2.8694	3.81733e-12
2.88825	2.88671e-12
2.90822	2.84935e-12
2.92681	3.77791e-12
2.94652	2.62407e-12
2.9661	3.09761e-12
2.98555	3.03096e-12
3.00367	2.81665e-12
3.02288	3.07259e-12
3.04316	2.49648e-12
3.06212	3.15691e-12
3.08096	2.58902e-12
3.09969	2.61105e-12
3.11947	3.03415e-12
3.13797	2.25773e-12
3.1575	4.78744e-12
3.17692	2.3005e-12
3.19509	2.41315e-12
3.21428	4.61784e-12
3.23335	2.18735e-12
3.25232	2.39421e-12
3.27117	2.81448e-12
3.28992	2.69915e-12
3.30965	2.33056e-12
3.32818	2.08071e-12
3.34661	2.13075e-12
3.36601	2.67364e-12
3.38423	2.3785e-12
3.40342	2.73834e-12
3.42249	3.44907e-12
3.44147	2.51696e-12
3.46034	2.75902e-12
3.4791	3.16091e-12
3.49777	2.26142e-12
3.51634	2.28035e-12
3.53481	2.07276e-12
3.5542	1.83648e-12
3.57247	2.01086e-12
3.59166	2.98396e-12
3.60974	1.96705e-12
3.62873	1.7678e-12
3.64763	2.46635e-12
3.66642	2.06356e-12
3.68512	1.70842e-12
3.70372	2.42247e-12
3.72223	1.7899e-12
3.74065	1.99064e-12
3.75898	1.71625e-12
3.77722	2.14334e-12
3.79633	1.94916e-12
3.81439	1.64601e-12
3.83331	2.26289e-12
3.85214	2.2983e-12
3.87088	1.67634e-12
3.88859	1.6389e-12
3.90715	1.82456e-12
3.92563	1.69752e-12
3.94493	1.71942e-12
3.96323	1.77244e-12
3.98144	1.85024e-12
4.00048	1.63868e-12
4.01852	1.4512e-12
4.03738	1.60542e-12
4.05526	1.96766e-12
4.07395	1.96185e-12
4.09256	1.43415e-12
4.11108	1.73333e-12
4.12952	2.05011e-12
4.14787	1.46403e-12
4.16615	1.67177e-12
4.18434	1.49353e-12
4.20246	1.78808e-12
4.22135	1.92009e-12
4.23931	1.36001e-12
4.25804	1.42736e-12
4.27669	1.76312e-12
4.29442	1.83265e-12
4.31291	1.57839e-12
4.33132	1.67265e-12
4.34966	2.00641e-12
4.36792	1.73449e-12
4.3861	1.45706e-12
4.40503	1.29818e-12
4.42306	1.381e-12
4.44102	1.65751e-12
4.45971	1.33973e-12
4.47752	1.29563e-12
4.49607	1.5994e-12
4.51453	1.41982e-12
4.53293	1.32195e-12
4.55124	1.54033e-12
4.56949	1.42733e-12
4.58766	1.2982e-12
4.60576	1.22751e-12
4.62379	1.27736e-12
4.64253	1.39977e-12
4.66042	1.39997e-12
4.67901	1.22115e-12
4.69753	1.18212e-12
4.71521	1.37925e-12
4.73358	1.72768e-12
4.75189	1.16976e-12
4.77012	1.34586e-12
4.78829	1.18383e-12
4.80639	1.61218e-12
4.82517	1.33786e-12
4.84313	1.13527e-12
4.86102	1.1668e-12
4.87959	1.32376e-12
4.89735	1.22366e-12
4.91578	1.12447e-12
4.93415	1.17554e-12
4.95244	1.24333e-12
4.97067	1.25836e-12
4.98883	1.11329e-12
5.00692	1.17041e-12
5.02495	1.47564e-12
5.04364	1.22807e-12
5.06154	1.06772e-12
5.08008	1.30839e-12
5.09786	1.30525e-12
5.11627	1.16323e-12
5.13462	1.2435e-12
5.15221	1.30346e-12
5.17043	1.12598e-12
5.18929	1.01035e-12
5.20738	1.46093e-12
5.22541	1.20775e-12
5.24338	1.03302e-12
5.26197	1.05414e-12
5.27982	1.23841e-12
5.29828	1.08869e-12
5.31601	1.13354e-12
5.33435	1.06968e-12
5.35263	9.6831e-13
5.37084	1.46386e-12
5.389	1.14546e-12
5.40709	9.19332e-13
5.42513	1.44897e-12
5.44376	1.00136e-12
5.46168	1.05479e-12
5.47953	1.08406e-12
5.49799	1.00336e-12
5.51638	9.75248e-13
5.53471	1.05992e-12
5.55233	1.0001e-12
5.57054	1.09347e-12
5.58869	1.00344e-12
5.60743	1.05648e-12
5.62547	9.62497e-13
5.64345	9.7988e-13
5.66201	1.01141e-12
5.67987	1.11843e-12
5.69831	1.01608e-12
5.71669	1.28395e-12
5.73438	1.00645e-12
5.75264	9.15677e-13
5.77085	1.00414e-12
5.789	8.70102e-13
5.8071	1.05994e-12
5.82575	1.04172e-12
5.84373	1.10194e-12
5.86227	9.95442e-13
5.88014	1.14908e-12
5.89857	8.24014e-13
5.91633	8.62504e-13
5.93464	9.15412e-13
5.9529	9.91053e-13
5.97111	8.09188e-13
5.98925	9.27156e-13
6.00795	8.16947e-13
6.02598	8.36739e-13
6.04397	8.18332e-13
6.06249	9.1833e-13
6.08096	9.1598e-13
6.09878	8.72296e-13
6.11714	1.10031e-12
6.13545	8.27696e-13
6.1537	1.20833e-12
6.1719	8.65632e-13
6.19004	8.27524e-13
6.20871	1.01552e-12
6.22675	7.59306e-13
6.24473	9.24702e-13
6.26324	9.82861e-13
6.2817	8.25263e-13
6.29952	1.16186e-12
6.31787	8.2802e-13
6.33617	7.64532e-13
6.35441	8.37195e-13
6.37317	9.00983e-13
6.39131	7.88374e-13
6.4094	8.60392e-13
6.42799	9.81482e-13
6.44598	7.89395e-13
6.46447	8.29779e-13
6.48291	7.51864e-13
6.5013	8.26539e-13
6.51964	7.78202e-13
6.53792	7.63792e-13
6.55615	7.13631e-13
6.57434	7.58946e-13
6.59247	9.93343e-13
6.6111	8.2835e-13
6.62913	7.12083e-13
6.64766	7.32075e-13
6.66614	7.66423e-13
6.68456	7.40477e-13
6.70294	8.83084e-13
6.72126	7.7356e-13
6.73954	7.69515e-13
6.75776	7.81115e-13
6.77647	7.44055e-13
6.7946	7.96935e-13
6.81321	7.3109e-13
6.83176	6.85233e-13
6.84974	7.73167e-13
6.8682	7.96651e-13
6.88661	7.29927e-13
6.90497	7.44075e-13
6.92329	8.34272e-13
6.94207	7.88364e-13
6.96029	1.2303e-12
6.97897	7.62434e-13
6.99709	7.18592e-13
7.01568	7.69351e-13
7.03422	6.45417e-13
7.05271	6.43229e-13
7.07115	7.09654e-13
7.08954	7.67293e-13
7.10789	7.44977e-13
7.12669	7.43446e-13
7.14494	6.5851e-13
7.16365	7.15856e-13
7.18181	1.10553e-12
7.20042	6.26743e-13
7.21898	6.60129e-13
7.2375	7.37433e-13
7.25597	7.90508e-13
7.27439	6.403e-13
7.29327	7.27909e-13
7.3116	6.40201e-13
7.33037	6.17919e-13
7.3491	9.58476e-13
7.36729	6.39594e-13
7.38593	6.175e-13
7.40452	7.22037e-13
7.42306	6.80329e-13
7.44204	6.21011e-13
7.46049	6.46095e-13
7.47889	7.00316e-13
7.49773	5.85445e-13
7.51604	6.42548e-13
7.53479	6.25624e-13
7.55349	6.65587e-13
7.57215	7.43378e-13
7.59076	6.34616e-13
7.60932	6.56367e-13
7.62831	7.09486e-13
7.64678	5.93278e-13
7.66521	5.78858e-13
7.68407	8.40873e-13
7.70287	6.06503e-13
7.72164	5.68918e-13
7.74035	6.13236e-13
7.75902	6.22656e-13
7.77765	6.16137e-13
7.79623	6.49321e-13
7.81524	6.16451e-13
7.83373	6.52233e-13
7.85264	5.59134e-13
7.8715	5.75138e-13
7.88987	5.51315e-13
7.90864	5.58254e-13
7.92783	5.33551e-13
7.94652	5.68761e-13
7.96516	5.48047e-13
7.98421	5.95671e-13
8.00277	5.82518e-13
8.02173	6.22513e-13
8.04065	6.24508e-13
8.05907	7.48959e-13
8.0779	5.47967e-13
8.09714	5.55447e-13
8.11588	5.39938e-13
8.13458	6.2233e-13
8.15368	5.54471e-13
8.17229	5.71528e-13
8.1913	5.60439e-13
8.21027	6.21414e-13
8.22919	5.282e-13
8.24807	6.29091e-13
8.26691	5.59191e-13
8.28571	5.5992e-13
8.3049	5.00362e-13
8.3236	6.94778e-13
8.34271	6.10662e-13
8.36176	7.17972e-13
8.38078	5.70363e-13
8.39975	5.183e-13
8.41868	6.67185e-13
8.43756	5.59879e-13
8.45683	5.43406e-13
8.47563	6.10062e-13
8.49482	5.54117e-13
8.51438	5.29392e-13
8.53136	5.45658e-13
8.55254	5.44759e-13
8.56944	5.55215e-13
8.59052	5.21366e-13
8.60735	5.24982e-13
8.62834	5.4209e-13
8.64927	6.48711e-13
8.66599	5.66903e-13
8.68683	5.62487e-13
8.70348	5.49299e-13
8.72423	5.18398e-13
8.74494	4.63878e-13
8.76147	5.05147e-13
8.78209	5.46002e-13
8.79855	4.92938e-13
8.81909	5.20419e-13
8.83957	4.96996e-13
8.86001	5.06118e-13
8.87633	5.12396e-13
8.89668	5.1948e-13
8.91699	5.33512e-13
8.9332	4.5232e-13
8.95343	5.42378e-13
8.97361	4.74526e-13
8.99374	4.53939e-13
9.01383	4.85422e-13
9.02987	4.8824e-13
9.04988	4.69931e-13
9.06984	5.14277e-13
9.08976	4.79791e-13
9.10964	4.62182e-13
9.12947	4.71167e-13
9.14926	4.96562e-13
9.16506	5.537e-13
9.18478	5.0814e-13
9.20445	4.96005e-13
9.22408	5.05941e-13
9.24367	4.91522e-13
9.26321	5.02282e-13
9.28272	4.86175e-13
9.30218	4.67804e-13
9.32161	4.49571e-13
9.34099	5.11333e-13
9.36034	5.30086e-13
9.37964	4.8667e-13
9.3989	4.75645e-13
9.41813	4.54627e-13
9.43731	4.47941e-13
9.46029	4.34208e-13
9.47939	5.25548e-13
9.49845	4.45108e-13
9.51747	4.98625e-13
9.53646	4.26526e-13
9.5554	4.58669e-13
9.57431	5.24581e-13
9.59696	4.73609e-13
9.61579	4.41233e-13
9.63458	4.6183e-13
9.65333	4.80388e-13
9.67579	4.55639e-13
9.69447	4.59847e-13
9.71311	4.43522e-13
9.73171	4.53116e-13
9.75399	4.33378e-13
9.77252	4.41278e-13
9.79101	4.60823e-13
9.81315	4.47266e-13
9.83156	4.30391e-13
9.84994	4.33096e-13
9.87196	4.00607e-13
9.89026	4.2095e-13
9.91218	3.84819e-13
9.93041	4.35526e-13
9.94861	4.85295e-13
9.9704	4.61893e-13
9.98853	4.5733e-13
10.0102	4.06068e-13
10.0283	4.89216e-13
10.0499	4.76498e-13
10.0679	4.23014e-13
10.0894	4.88007e-13
10.1109	4.35954e-13
10.1288	4.88735e-13
10.1502	4.41952e-13
10.168	4.50304e-13
10.1893	4.29031e-13
10.2106	4.72458e-13
10.2283	4.44023e-13
10.2495	4.1538e-13
10.2707	4.13966e-13
10.2883	4.064e-13
10.3093	4.5355e-13
10.3304	4.34976e-13
10.3479	4.66972e-13
10.3688	4.38062e-13
10.3897	4.38491e-13
10.4106	4.15478e-13
10.4279	4.10458e-13
10.4487	4.04169e-13
10.4695	3.90862e-13
10.4902	3.9799e-13
10.5109	3.88783e-13
10.5315	4.16968e-13
10.5521	4.23416e-13
10.5692	3.82666e-13
10.5897	4.13571e-13
10.6102	3.86569e-13
10.6307	3.99378e-13
10.651	3.92077e-13
10.6714	4.12442e-13
10.6917	3.97551e-13
10.712	4.04902e-13
10.7323	3.99139e-13
10.7525	3.88028e-13
10.7726	3.72903e-13
10.7928	3.99951e-13
10.8128	4.12374e-13
10.8363	4.02303e-13
10.8555	3.88078e-13
10.8747	3.85458e-13
10.8972	3.92587e-13
10.9163	4.03589e-13
10.9386	4.3042e-13
10.9609	4.02954e-13
10.9831	3.87756e-13
11.002	3.80737e-13
11.0241	4.15148e-13
11.0461	3.87918e-13
11.0682	3.478e-13
11.0902	4.2371e-13
11.1121	4.01825e-13
11.1341	4.10971e-13
11.1559	4.09803e-13
11.1777	3.567e-13
11.1995	3.89993e-13
11.2212	4.04218e-13
11.2462	3.94073e-13
11.2678	3.7033e-13
11.2894	3.91617e-13
11.3142	3.76206e-13
11.3357	4.25607e-13
11.3603	3.90188e-13
11.3817	3.58714e-13
11.4063	3.77536e-13
11.4276	3.70787e-13
11.4521	3.90836e-13
11.4764	4.09993e-13
11.4977	4.01628e-13
11.5219	3.72824e-13
11.5462	4.03273e-13
11.5703	4.05199e-13
11.5945	4.04683e-13
11.6186	4.14702e-13
11.6426	3.74066e-13
11.6666	4.0329e-13
11.6905	3.46596e-13
11.7144	3.61826e-13
11.7382	4.12217e-13
11.762	3.99552e-13
11.7888	3.86919e-13
11.8124	3.68416e-13
11.836	3.8112e-13
11.8627	4.0791e-13
11.8862	3.45512e-13
11.9127	3.47127e-13
11.9361	3.79694e-13
11.9625	3.43037e-13
11.9858	3.60268e-13
12.0121	4.33177e-13
12.0383	3.58398e-13
12.0645	3.73001e-13
12.0877	3.66622e-13
12.1137	3.78251e-13
12.1397	3.37246e-13
12.1656	3.50814e-13
12.1915	3.71049e-13
12.2174	3.77936e-13
12.2431	3.5287e-13
12.2689	3.5643e-13
12.2975	3.53394e-13
12.3231	3.30419e-13
12.3487	3.38225e-13
12.3742	3.81731e-13
12.4026	3.5051e-13
12.428	3.87145e-13
12.4562	3.73629e-13
12.4815	3.50496e-13
12.5095	3.67228e-13
12.5348	3.36804e-13
12.5628	3.4455e-13
12.5879	3.82917e-13
12.6158	3.27561e-13
12.6436	3.26935e-13
12.6714	3.69484e-13
12.699	3.44805e-13
12.7267	3.47493e-13
12.7543	3.4799e-13
12.7819	4.27143e-13
12.8093	3.65075e-13
12.8368	3.58722e-13
12.8641	3.4598e-13
12.8915	3.2672e-13
12.9187	3.29579e-13
12.9487	3.60365e-13
12.9758	3.48372e-13
13.0057	3.64175e-13
13.0328	3.88428e-13
13.0625	3.64211e-13
13.0895	3.42248e-13
13.1191	3.43285e-13
13.1459	3.4314e-13
13.1755	3.45194e-13
13.2049	3.56614e-13
13.2343	3.40986e-13
13.2637	3.33537e-13
13.2902	3.3679e-13
13.3195	3.22888e-13
13.3486	3.68341e-13
13.3804	3.44264e-13
13.4095	3.41067e-13
13.4384	3.36515e-13
13.4674	3.30729e-13
13.4963	3.28934e-13
13.5277	3.31656e-13
13.5565	3.60978e-13
13.5878	3.18945e-13
13.6164	3.5718e-13
13.6477	3.55983e-13
13.6762	3.49901e-13
13.7073	3.54941e-13
13.7384	3.50175e-13
13.7693	3.67097e-13
13.7976	3.3233e-13
13.8284	3.11671e-13
13.8593	3.14242e-13
13.8899	3.32244e-13
13.9232	3.52414e-13
13.9537	3.57379e-13
13.9843	3.28523e-13
14.0147	3.34418e-13
14.0451	4.0731e-13
14.078	3.56329e-13
14.1083	3.67861e-13
14.141	3.37603e-13
14.1711	3.68187e-13
14.2038	3.50456e-13
14.2363	3.2136e-13
14.2688	3.23365e-13
14.2987	3.5935e-13
14.331	3.06587e-13
14.3632	3.19702e-13
14.3954	3.22386e-13
14.4276	3.68311e-13
14.4621	3.06882e-13
14.4941	3.01395e-13
14.526	3.1789e-13
14.5578	3.32028e-13
14.5921	3.40553e-13
14.6238	3.42418e-13
14.6579	3.34232e-13
14.6895	3.69356e-13
14.7234	3.10392e-13
14.7573	3.27388e-13
14.791	3.00229e-13
14.8248	3.19338e-13
14.856	3.05689e-13
14.8896	3.07872e-13
14.9255	3.22682e-13
14.9589	3.24551e-13
14.9922	3.06735e-13
15.0256	3.49352e-13
15.0611	3.09196e-13
15.0942	3.3386e-13
15.1297	3.26676e-13
15.1626	3.36397e-13
15.1979	3.18751e-13
15.2331	3.14529e-13
15.2659	3.44277e-13
15.3009	3.13835e-13
15.3358	3.35059e-13
15.3707	3.05222e-13
15.4078	3.52878e-13
15.4425	3.1611e-13
15.4771	3.35842e-13
15.5117	3.20008e-13
15.5485	2.96914e-13
15.5829	3.13317e-13
15.6195	3.11568e-13
15.6537	3.37957e-13
15.6902	3.56132e-13
15.7265	3.02563e-13
15.7628	3.45084e-13
15.799	3.01219e-13
15.8351	3.08615e-13
15.8711	3.2605e-13
15.9071	3.23902e-13
15.9452	2.9786e-13
15.981	3.29781e-13
16.0189	2.94166e-13
16.0545	3.54161e-13
16.0923	3.30133e-13
16.1278	3.10549e-13
16.1653	3.33337e-13
16.2028	3.16085e-13
16.2403	3.08723e-13
16.2775	3.27749e-13
16.3148	3.04672e-13
16.3542	3.36828e-13
16.3912	3.06919e-13
16.4281	2.89188e-13
16.4673	2.96359e-13
16.5062	2.93076e-13
16.5429	2.88168e-13
16.5818	3.15072e-13
16.6205	2.97856e-13
16.659	3.22699e-13
16.6976	3.14286e-13
16.736	3.22482e-13
16.7744	2.71756e-13
16.8148	3.72176e-13
16.8529	2.91467e-13
16.8931	3.1241e-13
16.9311	3.25431e-13
16.9711	2.96226e-13
17.011	3.0555e-13
17.0508	3.25572e-13
17.0907	2.94155e-13
17.1302	3.24259e-13
17.1698	3.06007e-13
17.2092	2.95058e-13
17.2507	2.85506e-13
17.2899	2.83066e-13
17.3311	2.94216e-13
17.3702	2.90109e-13
17.4112	3.53047e-13
17.4522	3.03334e-13
17.4931	3.00399e-13
17.5339	3.12723e-13
17.5765	3.19983e-13
17.617	3.52934e-13
17.6575	2.85546e-13
17.6999	2.9226e-13
17.7403	3.17694e-13
17.7824	3.09885e-13
17.8245	2.9272e-13
17.8665	3.01512e-13
17.9084	3.01571e-13
17.9501	3.37904e-13
17.9938	2.7833e-13
18.0354	3.12903e-13
18.0789	3.03172e-13
18.1203	2.96604e-13
18.1635	3.01117e-13
18.2067	3.32541e-13
18.2497	2.80661e-13
18.2927	2.78526e-13
18.3356	3.75627e-13
18.3783	3.23853e-13
18.423	3.42941e-13
18.4656	2.95219e-13
18.51	2.89254e-13
18.5542	2.64182e-13
18.5965	2.99526e-13
18.6406	2.78006e-13
18.6864	2.9906e-13
18.7303	2.87476e-13
18.774	3.09677e-13
18.8195	2.93196e-13
18.863	2.78599e-13
18.9084	2.81759e-13
18.9536	2.82314e-13
18.9987	2.59983e-13
19.0437	2.78424e-13
19.0886	2.89476e-13
19.1353	3.02632e-13
19.18	3.20524e-13
19.2264	2.62223e-13
19.2728	2.93844e-13
19.3171	2.78513e-13
19.3633	2.74043e-13
19.4111	2.94454e-13
19.457	3.21673e-13
19.5027	2.80098e-13
19.5502	2.74076e-13
19.5976	2.70353e-13
19.643	2.97209e-13
19.6902	2.64486e-13
19.7372	2.69309e-13
19.786	3.28115e-13
19.8327	2.71625e-13
19.8812	2.54985e-13
19.9278	2.62196e-13
19.9761	2.85786e-13
20.0243	2.55709e-13
20.0723	2.76194e-13
20.1202	2.78822e-13
20.1679	2.86506e-13
20.2174	3.22485e-13
20.265	2.71865e-13
20.3142	2.92107e-13
20.3633	2.73574e-13
20.4123	2.68911e-13
20.4612	2.71778e-13
20.5116	3.03096e-13
20.5602	2.94172e-13
20.6105	2.61449e-13
20.6606	2.81313e-13
20.7106	2.55415e-13
20.7605	2.54358e-13
20.8102	2.96486e-13
20.8615	2.73588e-13
20.911	3.2512e-13
20.9622	3.11691e-13
21.0132	3.06035e-13
21.0639	2.84166e-13
21.1147	2.57103e-13
21.167	2.67511e-13
21.2174	2.69386e-13
21.2695	2.88658e-13
21.3215	3.20006e-13
21.3731	2.74838e-13
21.4248	2.60667e-13
21.4763	2.83279e-13
21.5294	2.7197e-13
21.5824	2.65565e-13
21.6351	2.53911e-13
21.6878	2.56931e-13
21.7403	2.89811e-13
21.7928	2.48733e-13
21.8467	2.55368e-13
21.8988	2.77812e-13
21.9525	2.79761e-13
22.0077	2.71379e-13
22.0611	2.60901e-13
22.1142	2.46309e-13
22.169	2.72021e-13
22.2237	2.58573e-13
22.2782	2.58139e-13
22.3325	2.46566e-13
22.3866	2.79701e-13
22.4423	2.56761e-13
22.4963	2.62041e-13
22.5517	2.72492e-13
22.6086	2.48014e-13
22.6636	2.51151e-13
22.7186	2.69127e-13
22.7751	2.74453e-13
22.8314	3.10243e-13
22.8874	2.62502e-13
22.9434	2.48171e-13
23.0009	2.54955e-13
23.0567	2.76242e-13
23.1137	2.53349e-13
23.1707	2.4969e-13
23.2276	2.52404e-13
23.2858	2.36174e-13
23.3425	2.54577e-13
23.4003	2.67459e-13
23.4582	2.44966e-13
23.5159	2.75608e-13
23.5749	2.65515e-13
23.6338	2.88722e-13
23.691	2.45691e-13
23.7511	2.53865e-13
23.8096	2.49087e-13
23.8678	3.03766e-13
23.9276	2.50435e-13
23.9871	2.42926e-13
24.0465	2.63796e-13
24.1056	2.70274e-13
24.1661	2.57178e-13
24.2266	2.77197e-13
24.2869	2.39226e-13
24.3468	2.55162e-13
24.4083	2.42227e-13
24.4681	2.4943e-13
24.5293	2.59837e-13
24.5902	2.29595e-13
24.6524	2.51896e-13
24.713	2.46955e-13
24.775	2.5662e-13
24.8368	2.37365e-13
24.8998	2.80777e-13
24.9613	2.54405e-13
25.024	2.44144e-13
25.0866	2.68973e-13
25.1489	2.25974e-13
25.2127	2.41247e-13
25.2763	2.43468e-13
25.3383	2.66838e-13
25.4027	2.4866e-13
25.4658	2.70093e-13
25.5302	2.3807e-13
25.5944	2.90435e-13
25.6583	2.39593e-13
25.7234	2.4425e-13
25.7885	2.46793e-13
25.8534	2.31558e-13
25.9181	2.26287e-13
25.9825	2.61711e-13
26.0483	2.62327e-13
26.1139	2.46991e-13
26.1808	2.45694e-13
26.2459	2.38697e-13
26.3124	2.42982e-13
26.3787	2.69393e-13
26.4462	2.3207e-13
26.5121	2.59611e-13
26.5792	2.5158e-13
26.6462	2.44079e-13
26.7143	2.23173e-13
26.7808	2.33072e-13
26.8472	2.3538e-13
26.9136	2.32428e-13
26.9797	2.50929e-13
27.0587	2.60853e-13
27.1245	2.57735e-13
27.1902	2.33992e-13
27.2557	2.51603e-13
27.334	2.72257e-13
27.399	2.26481e-13
27.464	2.35496e-13
27.5417	2.24825e-13
27.6064	2.41017e-13
27.6836	2.51989e-13
27.7479	2.38093e-13
27.8249	2.53742e-13
27.8888	2.4329e-13
27.9654	2.36762e-13
28.029	2.27474e-13
28.1052	2.33647e-13
28.1812	2.4904e-13
28.2442	2.65008e-13
28.3198	2.56546e-13
28.3953	2.21837e-13
28.4705	2.55704e-13
28.5453	2.35764e-13
28.6077	2.45042e-13
28.6823	2.54647e-13
28.7568	2.36247e-13
28.8311	2.40923e-13
28.905	2.30609e-13
28.9789	2.32841e-13
29.0526	2.39255e-13
29.1262	2.73343e-13
29.2115	2.31635e-13
29.2846	2.73146e-13
29.3575	2.26286e-13
29.4303	2.44222e-13
29.5027	2.26186e-13
29.5872	2.238e-13
29.6594	2.17533e-13
29.7314	2.47833e-13
29.815	2.39007e-13
29.8866	2.44073e-13
29.97	2.2435e-13
30.0413	2.41829e-13
30.124	2.28431e-13
30.1949	2.40618e-13
30.2774	2.34274e-13
30.3598	2.24211e-13
30.4299	2.1589e-13
30.5118	2.6271e-13
30.5934	2.31691e-13
30.6748	2.29306e-13
30.7561	2.28538e-13
30.8254	2.15495e-13
30.9062	2.65462e-13
30.9868	2.10771e-13
31.0672	2.46928e-13
31.1472	2.53112e-13
31.2387	2.27051e-13
31.3184	2.47273e-13
31.3979	2.36226e-13
31.4771	2.10862e-13
31.5562	2.25523e-13
31.6464	2.29503e-13
31.7252	2.35299e-13
31.8036	2.26052e-13
31.8931	2.45147e-13
31.9712	2.19081e-13
32.0602	2.15149e-13
32.1379	2.01434e-13
32.2264	2.3604e-13
32.3036	2.19498e-13
32.3918	2.32766e-13
32.4796	2.30395e-13
32.5671	2.30984e-13
32.6436	2.37476e-13
32.7308	2.2154e-13
32.8178	2.4127e-13
32.9043	2.38833e-13
32.9908	2.37726e-13
33.0771	2.23849e-13
33.1633	2.29761e-13
33.2491	2.09974e-13
33.3345	2.18447e-13
33.4306	2.2341e-13
33.5157	2.42004e-13
33.6006	2.10555e-13
33.6958	2.0163e-13
33.7803	2.09588e-13
33.8645	2.24243e-13
33.9591	2.1247e-13
34.0427	2.20904e-13
34.1368	2.08855e-13
34.2307	2.09049e-13
34.3138	2.11781e-13
34.4069	2.20985e-13
34.5	2.1427e-13
34.5928	2.45186e-13
34.6854	2.29609e-13
34.7775	2.06714e-13
34.8696	2.20673e-13
34.9614	1.98516e-13
35.053	2.14598e-13
35.1441	2.05563e-13
35.2353	2.3553e-13
35.3262	2.03449e-13
35.4269	2.1733e-13
35.517	2.25676e-13
35.6072	2.19865e-13
35.7071	2.19635e-13
35.7968	2.27638e-13
35.896	2.30951e-13
35.9951	2.36817e-13
36.084	1.9954e-13
36.1826	2.27599e-13
36.2807	2.04496e-13
36.3789	2.192e-13
36.4766	2.56499e-13
36.5742	2.15165e-13
36.6712	2.11687e-13
36.7682	2.29431e-13
36.865	2.13689e-13
36.9613	2.12969e-13
37.0575	2.26798e-13
37.1631	1.89017e-13
37.2588	2.06809e-13
37.3542	2.17328e-13
37.4589	1.87168e-13
37.5539	2.0807e-13
37.658	1.9394e-13
37.7617	2.0323e-13
37.856	1.99639e-13
37.9594	2.0609e-13
38.0622	2.05179e-13
38.165	2.16e-13
38.2675	2.3402e-13
38.3697	1.98663e-13
38.4716	1.99242e-13
38.5733	2.14118e-13
38.6839	2.08182e-13
38.7848	2.31494e-13
38.8857	1.91106e-13
38.9956	2.0237e-13
39.0957	2.04462e-13
39.2048	2.01405e-13
39.3046	2.04181e-13
39.4132	2.20081e-13
39.5213	2.02616e-13
39.6293	2.38749e-13
39.737	1.86844e-13
39.8442	1.91167e-13
39.9513	2.05744e-13
40.0582	1.91408e-13
40.1645	2.02818e-13
40.2707	2.40092e-13
40.3855	1.95823e-13
40.4912	2.03138e-13
40.6053	2.18558e-13
40.7104	2.27027e-13
40.8239	2.12056e-13
40.9282	2.06623e-13
41.0413	2.11812e-13
41.1539	1.99113e-13
41.266	2.01454e-13
41.378	2.19645e-13
41.4897	1.90855e-13
41.601	2.2505e-13
41.7122	1.92044e-13
41.8315	2.23611e-13
41.9418	1.94188e-13
42.052	2.04629e-13
42.1705	2.04126e-13
42.2883	2.01009e-13
42.3976	1.86172e-13
42.515	1.96878e-13
42.6318	2.06086e-13
42.7487	1.92573e-13
42.8652	1.92036e-13
42.981	2.12129e-13
43.0969	2.2911e-13
43.2125	2.03932e-13
43.3357	2.02245e-13
43.4505	2.16877e-13
43.5733	2.08191e-13
43.6873	2.14617e-13
43.8095	1.98301e-13
43.9309	1.87913e-13
44.0523	1.93554e-13
44.1653	2.02328e-13
44.286	2.03481e-13
44.4144	1.81985e-13
44.5345	1.85533e-13
44.654	2.1411e-13
44.7735	1.89636e-13
44.9003	1.94363e-13
45.0191	2.03397e-13
45.1454	1.90754e-13
45.2712	2.0226e-13
45.397	2.09086e-13
45.522	2.09712e-13
45.647	2.10849e-13
45.7716	1.87726e-13
45.8957	1.90894e-13
46.0197	1.96481e-13
46.1507	2.15008e-13
46.274	1.72402e-13
46.4047	1.8135e-13
46.527	1.90447e-13
46.6569	1.793e-13
46.7862	1.82598e-13
46.9155	2.28866e-13
47.044	1.98572e-13
47.1725	1.76955e-13
47.3081	1.85621e-13
47.4357	1.91392e-13
47.5631	2.02344e-13
47.6974	1.80669e-13
47.8317	1.82215e-13
47.9577	1.94615e-13
48.0911	2.02264e-13
48.2239	1.97599e-13
48.3568	1.76482e-13
48.4961	1.95214e-13
48.6281	2.09115e-13
48.7594	2.18598e-13
48.898	1.73663e-13
49.0362	1.84836e-13
49.1663	1.96132e-13
49.3038	1.67838e-13
49.4406	1.96046e-13
49.5771	1.80717e-13
49.7131	1.94306e-13
49.8562	2.06735e-13
49.9914	1.69543e-13
50.1336	1.8397e-13
50.2682	1.76022e-13
50.4093	2.00071e-13
50.5503	1.88629e-13
50.6907	1.94401e-13
50.831	1.78349e-13
50.9706	2.00807e-13
51.117	1.81544e-13
51.256	1.76539e-13
51.4016	1.8362e-13
51.5396	1.82187e-13
51.6844	2.01181e-13
51.8287	1.93414e-13
51.9724	1.66472e-13
52.116	1.68031e-13
52.2659	1.7124e-13
52.4087	1.92627e-13
52.5576	1.72508e-13
52.6997	1.89406e-13
52.8478	1.83958e-13
52.9955	1.93739e-13
53.1431	1.95257e-13
53.2966	1.65561e-13
53.4433	1.75372e-13
53.5895	1.66309e-13
53.7417	2.04438e-13
53.8938	1.72396e-13
54.0452	1.80827e-13
54.1963	1.88633e-13
54.3471	1.91481e-13
54.4972	1.87492e-13
54.6474	1.71315e-13
54.8031	1.79495e-13
54.9584	1.78567e-13
55.1138	2.05207e-13
55.2618	1.89379e-13
55.4223	1.83756e-13
55.5763	1.67729e-13
55.7295	1.70328e-13
55.8885	1.71914e-13
56.0413	1.63499e-13
56.1995	1.71511e-13
56.3573	1.88221e-13
56.5151	2.00917e-13
56.6783	1.79715e-13
56.8347	1.78037e-13
56.9971	1.6934e-13
57.153	1.6518e-13
57.3143	1.8617e-13
57.4754	1.66558e-13
57.6361	1.64845e-13
57.8022	1.66488e-13
57.9619	1.61793e-13
58.1271	1.69924e-13
58.2922	1.63639e-13
58.4505	1.87857e-13
58.6204	1.66852e-13
58.7838	1.68737e-13
58.9472	1.73812e-13
59.1156	1.65692e-13
59.2836	1.97041e-13
59.4453	1.74632e-13
59.6183	1.62101e-13
59.785	1.69029e-13
59.9514	1.64923e-13
60.123	1.71074e-13
60.2883	1.72861e-13
60.4589	1.57063e-13
60.629	1.66492e-13
60.8046	1.87923e-13
60.9741	1.73148e-13
61.1486	1.92438e-13
61.317	1.57959e-13
61.4905	1.83958e-13
61.6635	1.55851e-13
61.8419	1.60702e-13
62.014	1.6337e-13
62.1914	1.75955e-13
62.3685	1.75908e-13
62.5448	1.64468e-13
62.7207	1.60806e-13
62.896	1.66086e-13
63.0764	1.64232e-13
63.2509	1.70197e-13
63.4303	1.56381e-13
63.6094	1.81461e-13
63.7934	1.65592e-13
63.9712	1.86282e-13
64.1544	1.70124e-13
64.3368	1.58223e-13
64.5188	1.64583e-13
64.7002	1.5711e-13
64.8811	1.68886e-13
65.0671	1.71492e-13
65.252	1.62782e-13
65.437	1.68468e-13
65.6213	1.55033e-13
65.805	1.63785e-13
65.9938	1.62493e-13
66.1819	1.6734e-13
66.3696	1.70224e-13
66.5566	1.70391e-13
66.7431	1.62454e-13
66.9342	1.60048e-13
67.1249	1.52604e-13
67.3153	1.72914e-13
67.505	1.86027e-13
67.6993	1.72464e-13
67.8881	1.49859e-13
68.081	1.69162e-13
68.2739	1.63033e-13
68.4713	1.83671e-13
68.6631	1.54375e-13
68.859	1.68296e-13
69.0547	1.66986e-13
69.25	1.68938e-13
69.4442	1.47364e-13
69.6436	1.62719e-13
69.8422	1.52256e-13
70.04	1.54554e-13
70.2375	1.62081e-13
70.4397	1.59021e-13
70.6407	1.61477e-13
70.8415	1.55846e-13
71.0415	1.61355e-13
71.2412	1.56589e-13
71.4451	1.61882e-13
71.6486	1.67159e-13
71.8513	1.55791e-13
72.0537	1.39804e-13
72.2602	1.5931e-13
72.4664	1.56617e-13
72.6717	1.75375e-13
72.8767	1.66332e-13
73.0857	1.68268e-13
73.2944	1.54314e-13
73.5023	1.63286e-13
73.7093	1.5439e-13
73.9213	1.49531e-13
74.1271	1.50644e-13
74.3422	1.51293e-13
74.5521	1.47756e-13
74.7612	1.49618e-13
74.9743	1.48375e-13
75.187	1.55828e-13
75.404	1.37815e-13
75.6154	1.42278e-13
75.8308	1.42049e-13
76.0457	1.59524e-13
76.2645	1.50462e-13
76.4782	1.56707e-13
76.6962	1.48323e-13
76.9134	1.68559e-13
77.1343	1.60734e-13
77.3548	1.55551e-13
77.5745	1.61383e-13
77.7937	1.57449e-13
78.0122	1.49533e-13
78.2347	1.52954e-13
78.4567	1.53146e-13
78.6823	1.52195e-13
78.903	1.5589e-13
79.1273	1.49268e-13
79.3508	1.4474e-13
79.5783	1.57223e-13
79.8054	1.50423e-13
80.0317	1.49776e-13
80.2575	1.41464e-13
80.4867	1.61409e-13
80.7155	1.49005e-13
80.9438	1.48028e-13
81.1708	1.48231e-13
81.4022	1.48482e-13
81.6327	1.63174e-13
81.8667	1.48281e-13
82.0961	1.56034e-13
82.329	1.41713e-13
82.5653	1.44738e-13
82.797	1.6826e-13
83.032	1.35896e-13
83.2662	1.45553e-13
83.5044	1.63658e-13
83.7416	1.52598e-13
83.9787	1.3385e-13
84.2143	1.78122e-13
84.4416	1.56056e-13
84.693	1.4101e-13
84.9434	1.63189e-13
85.1934	1.41923e-13
85.4007	1.5457e-13
85.6497	1.3956e-13
85.8976	1.45202e-13
86.1444	1.5786e-13
86.3908	1.42469e-13
86.6365	1.38636e-13
86.8813	1.42598e-13
87.1256	1.46326e-13
87.3693	1.56351e-13
87.6122	1.57585e-13
87.8543	1.39838e-13
88.0959	1.58312e-13
88.3771	1.34849e-13
88.6173	1.34214e-13
88.8568	1.53929e-13
89.095	1.43557e-13
89.373	1.31611e-13
89.61	1.38311e-13
89.8469	1.45088e-13
90.1226	1.48012e-13
90.3576	1.37734e-13
90.6317	1.40068e-13
90.8651	1.5057e-13
91.1377	1.45498e-13
91.4095	1.44508e-13
91.6412	1.3648e-13
91.911	1.41172e-13
92.1804	1.45063e-13
92.4104	1.41146e-13
92.6779	1.58393e-13
92.9451	1.41475e-13
93.211	1.33562e-13
93.4762	1.34802e-13
93.7406	1.26349e-13
94.0045	1.29493e-13
94.2674	1.41183e-13
94.5295	1.46842e-13
94.7912	1.48635e-13
95.0518	1.5915e-13
95.312	1.34386e-13
95.5713	1.48594e-13
95.8668	1.36338e-13
96.1247	1.31946e-13
96.3817	1.33202e-13
96.675	1.25538e-13
96.9307	1.61504e-13
97.222	1.34766e-13
97.4756	1.33706e-13
97.7292	1.57615e-13
98.0184	1.39949e-13
98.306	1.39304e-13
98.5575	1.77921e-13
98.844	1.42726e-13
99.1293	1.60755e-13
99.3785	1.382e-13
99.6626	1.32193e-13
99.9456	1.48455e-13
100.228	1.43458e-13
100.509	1.36426e-13
100.79	1.37882e-13
101.07	1.40792e-13
101.349	1.59729e-13
101.627	1.31749e-13
101.905	1.4177e-13
102.182	1.38592e-13
102.458	1.44588e-13
102.767	1.31835e-13
103.042	1.38019e-13
103.315	1.50362e-13
103.623	1.44141e-13
103.894	1.31151e-13
104.199	1.2803e-13
104.471	1.51919e-13
104.774	1.35548e-13
105.042	1.778e-13
105.345	1.46398e-13
105.645	1.33553e-13
105.912	1.2646e-13
106.211	1.43239e-13
106.51	1.30598e-13
106.807	1.34132e-13
107.104	1.41757e-13
107.399	1.30864e-13
107.694	1.43903e-13
107.988	1.35369e-13
108.282	1.36351e-13
108.574	1.40069e-13
108.866	1.50562e-13
109.156	1.24706e-13
109.447	1.43135e-13
109.768	1.33402e-13
110.056	1.45974e-13
110.343	1.28743e-13
110.662	1.39369e-13
110.948	1.30962e-13
111.265	1.33296e-13
111.549	1.43395e-13
111.864	1.36337e-13
112.178	1.33158e-13
112.491	1.23198e-13
112.772	1.51812e-13
113.083	1.34105e-13
113.394	1.328e-13
113.704	1.18835e-13
114.012	1.372e-13
114.32	1.30187e-13
114.627	1.35246e-13
114.934	1.26543e-13
115.239	1.31402e-13
115.543	1.30192e-13
115.877	1.39275e-13
116.18	1.36721e-13
116.481	1.38702e-13
116.813	1.2028e-13
117.112	1.19425e-13
117.442	1.27865e-13
117.74	1.25109e-13
118.068	1.24626e-13
118.364	1.38355e-13
118.69	1.21835e-13
119.015	1.25077e-13
119.338	1.22279e-13
119.661	1.21968e-13
119.954	1.45682e-13
120.274	1.21752e-13
120.594	1.34324e-13
120.942	1.28293e-13
121.261	1.35525e-13
121.579	1.27687e-13
121.895	1.26648e-13
122.21	1.3638e-13
122.553	1.29712e-13
122.867	1.32401e-13
123.209	1.23341e-13
123.52	1.37403e-13
123.86	1.22374e-13
124.169	1.29183e-13
124.507	1.46759e-13
124.816	1.4118e-13
125.151	1.22022e-13
125.486	1.20939e-13
125.82	1.31683e-13
126.152	1.19316e-13
126.484	1.33801e-13
126.815	1.17212e-13
127.145	1.24468e-13
127.474	1.22251e-13
127.802	1.20212e-13
128.157	1.28232e-13
128.483	1.31235e-13
128.807	1.29809e-13
129.159	1.33957e-13
129.483	1.21439e-13
129.832	1.27394e-13
130.154	1.26938e-13
130.501	1.30934e-13
130.848	1.34964e-13
131.166	1.24802e-13
131.511	1.15438e-13
131.855	1.27176e-13
132.197	1.21468e-13
132.538	1.22851e-13
132.879	1.29288e-13
133.219	1.22526e-13
133.557	1.25206e-13
133.895	1.24447e-13
134.258	1.34906e-13
134.593	1.12876e-13
134.954	1.32098e-13
135.288	1.28568e-13
135.621	1.22162e-13
135.979	1.30574e-13
136.335	1.20437e-13
136.665	1.52712e-13
137.02	1.18791e-13
137.373	1.28045e-13
137.726	1.30438e-13
138.078	1.26806e-13
138.428	1.3543e-13
138.778	1.26069e-13
139.126	1.20027e-13
139.474	1.16459e-13
139.821	1.21801e-13
140.191	1.25009e-13
140.535	1.21296e-13
140.878	1.2985e-13
141.246	1.27337e-13
141.587	1.18275e-13
141.952	1.23315e-13
142.316	1.24005e-13
142.655	1.19452e-13
143.017	1.22803e-13
143.378	1.20869e-13
143.738	1.40468e-13
144.097	1.12442e-13
144.455	1.28998e-13
144.811	1.2012e-13
145.167	1.30134e-13
145.546	1.20019e-13
145.899	1.34043e-13
146.251	1.16517e-13
146.627	1.33341e-13
146.977	1.24486e-13
147.35	1.17064e-13
147.699	1.22357e-13
148.07	1.27171e-13
148.44	1.15503e-13
148.785	1.26339e-13
149.153	1.19564e-13
149.519	1.13343e-13
149.885	1.23446e-13
150.25	1.36742e-13
150.613	1.14324e-13
150.999	1.06755e-13
151.359	1.10384e-13
151.72	1.21028e-13
152.102	1.22452e-13
152.46	1.14796e-13
152.839	1.28209e-13
153.195	1.24114e-13
153.572	1.22089e-13
153.949	1.31995e-13
154.302	1.2364e-13
154.675	1.22804e-13
155.049	1.16492e-13
155.42	1.28602e-13
155.791	1.23636e-13
156.161	1.37893e-13
156.551	1.13556e-13
156.918	1.179e-13
157.285	1.18867e-13
157.672	1.20832e-13
158.036	1.19781e-13
158.421	1.2774e-13
158.783	1.19673e-13
159.165	1.13703e-13
159.546	1.2104e-13
159.926	1.08801e-13
160.306	1.14302e-13
160.684	1.1624e-13
161.061	1.18423e-13
161.436	1.14651e-13
161.81	1.23597e-13
162.183	1.29183e-13
162.556	1.2287e-13
162.948	1.13154e-13
163.318	1.13309e-13
163.708	1.18552e-13
164.096	1.17032e-13
164.462	1.13695e-13
164.848	1.18507e-13
165.233	1.23977e-13
165.617	1.29797e-13
166	1.12474e-13
166.381	1.17782e-13
166.761	1.07092e-13
167.14	1.11096e-13
167.517	1.22119e-13
167.914	1.21201e-13
168.29	1.15676e-13
168.685	1.1233e-13
169.057	1.13128e-13
169.45	1.16869e-13
169.841	1.23028e-13
170.21	1.13755e-13
170.598	1.21806e-13
170.985	1.43791e-13
171.372	1.09788e-13
171.756	1.14244e-13
172.16	1.10241e-13
172.542	1.14554e-13
172.923	1.14899e-13
173.322	1.20992e-13
173.701	1.13426e-13
174.097	1.06936e-13
174.474	1.15584e-13
174.868	1.15397e-13
175.261	1.25148e-13
175.653	1.08214e-13
176.043	1.17082e-13
176.433	1.14917e-13
176.821	1.18684e-13
177.207	1.04315e-13
177.592	1.051e-13
177.996	1.10915e-13
178.379	1.13766e-13
178.779	1.15861e-13
179.159	1.19962e-13
179.558	1.1096e-13
179.954	1.10779e-13
180.349	1.11756e-13
180.744	1.13391e-13
181.136	1.08142e-13
181.527	1.18888e-13
181.917	1.17956e-13
182.306	1.07506e-13
182.712	1.02657e-13
183.098	1.15318e-13
183.501	1.09139e-13
183.885	1.17811e-13
184.285	1.15185e-13
184.684	1.05137e-13
185.083	1.10255e-13
185.459	1.12962e-13
185.873	1.2455e-13
186.267	1.14686e-13
186.659	1.16102e-13
187.05	1.04752e-13
187.458	1.1475e-13
187.846	1.10038e-13
188.25	1.05516e-13
188.636	1.14223e-13
189.039	1.15323e-13
189.439	1.15469e-13
189.839	1.04302e-13
190.236	1.15007e-13
190.632	1.17474e-13
191.027	1.16918e-13
191.42	1.11063e-13
191.831	1.13358e-13
192.221	1.10918e-13
192.629	1.14809e-13
193.016	1.1341e-13
193.419	1.0842e-13
193.822	1.08745e-13
194.224	1.20062e-13
194.623	1.13331e-13
195.021	1.17e-13
195.417	1.22781e-13
195.813	1.2311e-13
196.225	1.15361e-13
196.616	1.16763e-13
197.024	1.10264e-13
197.413	1.14296e-13
197.819	1.14087e-13
198.222	1.07217e-13
198.624	1.13632e-13
199.024	1.06801e-13
199.424	1.10941e-13
199.821	1.17438e-13
200.235	1.12068e-13
200.629	1.18396e-13
201.038	1.10894e-13
201.43	1.16697e-13
201.837	1.12289e-13
202.241	1.14304e-13
202.646	1.10749e-13
203.047	1.11787e-13
203.447	1.28392e-13
203.847	1.25583e-13
204.261	1.19699e-13
204.656	1.23787e-13
205.067	1.12355e-13
205.459	1.02587e-13
205.867	1.21705e-13
206.272	1.17915e-13
206.677	1.10218e-13
207.079	1.20472e-13
207.482	1.12922e-13
207.881	1.07447e-13
208.294	1.15888e-13
208.691	1.11099e-13
209.101	1.20003e-13
209.51	1.21921e-13
209.902	1.10061e-13
210.308	1.14296e-13
210.712	1.07116e-13
211.114	1.0568e-13
211.531	1.21757e-13
211.931	1.04142e-13
212.344	1.11187e-13
212.74	1.05718e-13
213.151	1.04368e-13
213.559	1.1088e-13
213.95	1.12175e-13
214.355	1.1763e-13
214.773	1.11996e-13
215.175	1.2171e-13
215.576	1.17363e-13
215.989	1.07572e-13
216.387	1.10642e-13
216.796	1.19431e-13
217.204	1.12829e-13
217.612	1.16923e-13
218.017	1.11846e-13
218.421	1.18035e-13
218.823	1.14195e-13
219.222	1.21307e-13
219.637	1.15135e-13
220.032	1.15832e-13
220.443	1.08801e-13
220.851	1.03715e-13
221.258	1.03939e-13
221.663	1.07615e-13
222.066	1.0164e-13
222.467	1.09107e-13
222.882	1.11246e-13
223.28	1.06475e-13
223.69	1.04338e-13
224.1	1.07897e-13
224.494	1.20143e-13
224.899	1.23828e-13
225.303	1.1001e-13
225.719	1.17273e-13
226.12	1.18543e-13
226.519	1.12396e-13
226.931	1.22894e-13
227.341	1.1648e-13
227.733	1.12816e-13
228.14	1.14596e-13
228.545	1.15394e-13
228.948	1.1506e-13
229.362	1.14528e-13
229.761	1.02383e-13
230.174	1.11434e-13
230.569	1.23011e-13
230.976	1.30578e-13
231.383	1.07891e-13
231.788	1.18116e-13
232.19	1.10382e-13
232.591	1.10491e-13
232.991	1.31187e-13
233.402	1.12585e-13
233.798	1.01099e-13
234.206	1.25654e-13
234.598	1.1997e-13
235.002	1.0596e-13
235.406	1.11902e-13
235.806	1.19182e-13
236.218	1.14598e-13
236.616	1.246e-13
237.012	1.18786e-13
237.418	1.12169e-13
237.825	1.21713e-13
238.215	1.09713e-13
238.617	1.20775e-13
239.018	1.18075e-13
239.416	1.11705e-13
239.827	1.05698e-13
240.222	1.13891e-13
240.615	1.24043e-13
241.02	1.12818e-13
241.41	1.13441e-13
241.811	1.16427e-13
242.211	1.06316e-13
242.611	1.08777e-13
243.006	1.09129e-13
243.401	1.08954e-13
243.794	1.29435e-13
244.198	1.17253e-13
244.588	1.15241e-13
244.988	1.34999e-13
245.374	1.11974e-13
245.772	1.28861e-13
246.168	1.17405e-13
246.563	1.2105e-13
246.954	1.12209e-13
247.345	1.21746e-13
247.735	1.22907e-13
248.136	1.16014e-13
248.522	1.13852e-13
248.918	1.26916e-13
249.301	1.12619e-13
249.695	1.24145e-13
250.075	1.17595e-13
250.466	1.19591e-13
250.855	1.29397e-13
251.241	1.17504e-13
251.627	1.11813e-13
252.012	1.19352e-13
252.395	1.16624e-13
252.776	1.15752e-13
253.155	1.33587e-13
253.534	1.2266e-13
253.912	1.32191e-13
254.286	1.19803e-13
254.66	1.21985e-13
255.033	1.09704e-13
255.404	1.12051e-13
255.894	1.21053e-13
256.262	1.333e-13
256.628	1.38418e-13
256.995	1.13809e-13
257.357	1.16231e-13
257.722	1.32863e-13
258.082	1.09184e-13
258.442	1.25789e-13
258.801	1.13495e-13
259.157	1.22916e-13
259.632	1.20621e-13
259.987	1.19114e-13
260.342	1.11519e-13
260.694	1.2466e-13
261.045	1.14238e-13
261.395	1.37885e-13
261.745	1.16749e-13
262.093	1.20168e-13
262.554	1.26928e-13
262.901	1.1654e-13
263.244	1.19047e-13
263.588	1.28712e-13
263.932	1.14342e-13
264.272	1.46073e-13
264.613	1.28013e-13
264.952	1.13038e-13
265.404	1.31146e-13
265.742	1.20534e-13
266.078	1.26548e-13
266.413	1.22638e-13
266.747	1.2803e-13
267.083	1.21555e-13
267.414	1.24154e-13
267.746	1.22225e-13
268.078	1.21057e-13
268.409	1.25441e-13
268.738	1.1764e-13
269.177	1.29317e-13
269.505	1.24777e-13
269.832	1.2526e-13
270.158	1.2215e-13
270.485	1.2639e-13
270.81	1.21493e-13
271.135	1.2587e-13
271.459	1.49302e-13
271.781	1.28391e-13
272.104	1.22537e-13
272.427	1.2611e-13
272.748	1.3423e-13
273.069	1.27259e-13
273.389	1.31138e-13
273.71	1.2878e-13
273.922	1.22025e-13
274.241	1.42561e-13
274.56	1.4928e-13
274.88	1.50594e-13
275.197	1.29759e-13
275.515	1.3679e-13
275.831	1.68526e-13
276.044	1.37404e-13
276.36	1.65209e-13
276.676	1.33149e-13
276.992	1.34871e-13
277.204	1.41421e-13
277.52	1.34427e-13
277.836	1.29105e-13
278.152	1.42023e-13
278.363	1.39686e-13
278.677	1.42927e-13
278.888	1.30713e-13
279.205	1.56769e-13
279.52	1.34711e-13
279.732	1.36699e-13
280.047	1.41446e-13
280.258	1.27565e-13
280.575	1.38373e-13
280.788	1.32455e-13
280.999	1.43759e-13
281.316	1.34587e-13
281.531	1.39133e-13
281.743	1.34339e-13
282.06	1.3553e-13
282.275	1.48782e-13
282.49	1.31433e-13
282.707	1.46146e-13
283.024	1.53977e-13
283.241	1.4683e-13
283.458	1.54413e-13
283.676	1.40195e-13
283.894	1.32792e-13
284.113	1.35737e-13
284.333	1.40834e-13
284.551	1.53144e-13
284.774	1.51999e-13
284.893	1.43131e-13
285.116	1.38068e-13
285.339	1.40306e-13
285.562	1.53426e-13
285.688	1.48836e-13
285.912	1.49771e-13
286.139	1.34839e-13
286.266	1.42899e-13
286.493	1.66159e-13
286.621	1.57528e-13
286.852	1.53857e-13
286.983	1.39137e-13
287.213	1.53156e-13
287.348	1.57099e-13
287.48	1.65872e-13
287.616	1.51967e-13
287.853	1.39841e-13
287.989	1.41422e-13
288.127	1.48622e-13
288.269	1.45648e-13
288.408	1.552e-13
288.55	1.57132e-13
288.694	1.51242e-13
288.838	1.60892e-13
288.886	1.50072e-13
289.033	1.42626e-13
289.182	1.5752e-13
289.233	1.44251e-13
289.384	1.43371e-13
289.536	1.56037e-13
289.592	1.62235e-13
289.746	1.47423e-13
289.805	1.54955e-13
289.866	1.61764e-13
290.024	1.54935e-13
290.087	1.64197e-13
290.152	1.53663e-13
290.217	1.73293e-13
290.284	1.48208e-13
290.352	1.48879e-13
290.423	1.63541e-13
290.495	1.47706e-13
290.567	1.52768e-13
290.642	1.44717e-13
290.718	1.56376e-13
290.699	1.56239e-13
290.778	1.62209e-13
290.762	1.59559e-13
290.844	1.52229e-13
290.831	1.77465e-13
290.916	1.64791e-13
290.905	1.51358e-13
290.995	1.53729e-13
290.989	1.58097e-13
290.985	1.51826e-13
290.995	1.53729e-13
293.905	1.64471e-13
296.844	1.73668e-13
299.813	1.81499e-13
302.811	1.81192e-13
305.839	1.77126e-13
308.898	1.91968e-13
311.987	2.24204e-13
315.106	2.1528e-13
318.257	1.90073e-13
321.44	2.26586e-13
324.654	2.41131e-13
327.901	2.42494e-13
331.18	2.02604e-13
334.492	2.10951e-13
337.837	2.55971e-13
341.215	2.08176e-13
344.627	2.45844e-13
348.073	2.18806e-13
351.554	2.52289e-13
355.07	2.33761e-13
358.62	2.20008e-13
362.207	2.64693e-13
365.829	2.49332e-13
369.487	2.72976e-13
373.182	2.44729e-13
376.914	2.3392e-13
380.683	2.3666e-13
384.49	2.595e-13
388.335	2.53299e-13
392.218	2.58345e-13
396.14	2.73585e-13
400.101	3.3721e-13
404.103	2.73923e-13
408.144	3.0812e-13
412.225	2.87485e-13
416.347	3.10596e-13
420.511	3.09199e-13
424.716	2.53413e-13
428.963	3.32208e-13
433.253	2.70277e-13
437.585	2.80103e-13
441.961	2.84374e-13
446.381	2.61324e-13
450.844	3.31747e-13
455.353	2.81755e-13
459.906	2.85427e-13
464.505	2.77308e-13
469.15	3.01418e-13
473.842	3.2388e-13
478.58	2.80639e-13
483.366	3.20145e-13
488.2	2.86096e-13
493.082	3.01331e-13
498.013	3.13834e-13
502.993	3.15035e-13
508.023	3.22235e-13
513.103	3.13255e-13
518.234	2.93603e-13
523.416	3.05275e-13
528.65	3.11499e-13
533.937	3.1611e-13
539.276	3.49476e-13
544.669	3.10547e-13
550.116	3.49502e-13
555.617	3.0935e-13
561.173	3.20035e-13
566.785	3.04529e-13
572.453	3.60037e-13
578.177	3.60132e-13
583.959	3.46517e-13
589.799	3.46248e-13
595.697	3.1435e-13
601.654	3.15562e-13
607.67	3.63283e-13
613.747	3.67473e-13
619.884	3.54517e-13
626.083	3.37616e-13
632.344	3.19203e-13
638.667	3.35775e-13
645.054	3.50273e-13
651.505	3.50653e-13
658.02	3.58419e-13
664.6	3.69443e-13
671.246	3.33459e-13
677.958	3.5993e-13
684.738	3.61569e-13
691.585	3.58463e-13
698.501	3.5316e-13
705.486	3.93782e-13
712.541	3.92631e-13
719.666	3.83196e-13
726.863	4.60355e-13
734.132	3.86839e-13
741.473	3.96782e-13
748.888	3.67047e-13
756.377	3.80047e-13
763.94	4.12424e-13
771.58	3.96753e-13
779.296	3.83969e-13
787.089	3.89327e-13
794.959	4.09137e-13
802.909	3.74963e-13
810.938	3.90549e-13
819.047	3.89081e-13
827.238	4.07518e-13
835.51	4.47725e-13
843.865	4.16803e-13
852.304	3.88661e-13
860.827	4.66446e-13
869.435	4.47517e-13
878.13	3.80533e-13
886.911	3.90603e-13
895.78	4.12159e-13
904.738	4.02866e-13
913.785	3.94166e-13
922.923	4.68258e-13
932.152	3.90257e-13
941.474	4.14686e-13
950.889	3.99106e-13
960.398	4.36818e-13
970.002	4.51795e-13
979.702	4.16836e-13
989.499	5.04484e-13
999.394	4.58159e-13
1009.39	4.45633e-13
1019.48	4.63643e-13
1029.68	4.41587e-13
1039.97	4.70075e-13
1050.37	4.38585e-13
1060.88	5.07814e-13
1071.49	4.62417e-13
1082.2	4.16342e-13
1093.02	5.03735e-13
1103.95	4.89235e-13
1114.99	4.72677e-13
1126.14	4.86704e-13
1137.4	4.36776e-13
1148.78	4.55066e-13
1160.26	5.71483e-13
1171.87	4.67782e-13
1183.59	4.70196e-13
1195.42	4.97063e-13
1207.38	4.76674e-13
1219.45	5.06487e-13
1231.64	4.64212e-13
1243.96	5.0487e-13
1256.4	5.33804e-13
1268.96	4.64759e-13
1281.65	5.90583e-13
1294.47	4.94519e-13
1307.42	5.06654e-13
1320.49	5.36384e-13
1333.69	5.21306e-13
1347.03	5.43597e-13
1360.5	5.12987e-13
1374.11	5.53296e-13
1387.85	5.17368e-13
1401.73	5.27076e-13
1415.74	6.54634e-13
1429.9	5.5121e-13
1444.2	5.68729e-13
1458.64	5.40318e-13
1473.23	5.62923e-13
1487.96	5.63572e-13
1502.84	6.12192e-13
1517.87	5.70917e-13
1533.05	5.914e-13
1548.38	5.97479e-13
1563.86	5.32619e-13
1579.5	6.30657e-13
1595.3	5.84643e-13
1611.25	5.85296e-13
1627.36	5.97235e-13
1643.63	6.31112e-13
1660.07	6.06233e-13
1676.67	5.87303e-13
1693.44	5.79724e-13
1710.37	6.35952e-13
1727.48	6.69446e-13
1744.75	6.233e-13
1762.2	7.09688e-13
1779.82	6.97166e-13
1797.62	6.54249e-13
1815.6	6.73347e-13
1833.75	6.5051e-13
1852.09	6.20299e-13
1870.61	7.07776e-13
1889.32	6.535e-13
1908.21	7.2709e-13
1927.29	6.17303e-13
1946.56	6.99343e-13
1966.03	6.50307e-13
1985.69	7.23048e-13
2005.55	6.47036e-13
2025.6	7.69381e-13
2045.86	6.61267e-13
2066.32	7.231e-13
2086.98	6.70863e-13
2107.85	8.05725e-13
2128.93	7.32975e-13
2150.22	7.40473e-13
2171.72	7.99447e-13
2193.44	6.98442e-13
2215.37	7.08327e-13
2237.52	7.55905e-13
2259.9	8.31005e-13
2282.5	7.77566e-13
2305.32	8.16535e-13
2328.38	8.79767e-13
2351.66	7.8338e-13
2375.18	8.18331e-13
2398.93	8.57727e-13
2422.92	9.91764e-13
2447.15	8.51939e-13
2471.62	7.88323e-13
2496.34	8.17586e-13
2521.3	8.26842e-13
2546.51	8.03779e-13
2571.98	8.15812e-13
2597.7	9.02403e-13
2623.67	9.06598e-13
2649.91	1.09643e-12
2676.41	8.84819e-13
2703.17	8.86991e-13
2730.21	9.51214e-13
2757.51	9.65803e-13
2785.08	9.98951e-13
2812.93	9.10669e-13
2841.06	8.51542e-13
2869.47	8.66264e-13
2898.17	1.07004e-12
2927.15	9.64532e-13
2956.42	9.864e-13
2985.99	1.12389e-12
3015.85	9.87806e-13
3046	1.08245e-12
3076.46	1.01667e-12
3107.23	1.10962e-12
3138.3	1.08135e-12
3169.68	1.15326e-12
3201.38	1.13903e-12
3233.39	1.0666e-12
3265.73	1.13067e-12
3298.39	1.10614e-12
3331.37	1.07185e-12
3364.68	1.13988e-12
3398.33	1.25083e-12
3432.31	1.20112e-12
3466.64	1.26525e-12
3501.3	1.24905e-12
3536.32	1.21637e-12
3571.68	1.35083e-12
3607.4	1.18732e-12
3643.47	1.27952e-12
3679.9	1.24375e-12
3716.7	1.25209e-12
3753.87	1.33326e-12
3791.41	1.31927e-12
3829.32	1.40802e-12
3867.62	1.47595e-12
3906.29	1.34543e-12
3945.36	1.46048e-12
3984.81	1.5314e-12
4024.66	1.35376e-12
4064.9	1.44598e-12
4105.55	1.59708e-12
4146.61	1.75007e-12
4188.07	1.52604e-12
4229.96	1.58575e-12
4272.25	1.49865e-12
4314.98	1.60183e-12
4358.13	1.38529e-12
4401.71	1.61048e-12
4445.73	1.60212e-12
4490.18	1.72311e-12
4535.08	1.62255e-12
4580.44	1.64384e-12
4626.24	1.69588e-12
4672.5	1.87931e-12
4719.23	1.61914e-12
4766.42	1.95318e-12
4814.08	1.75163e-12
4862.22	2.09538e-12
4910.85	1.72687e-12
4959.95	1.97125e-12
5009.55	1.95231e-12
5059.65	2.09064e-12
5110.25	1.96103e-12
5161.35	1.87839e-12
5212.96	2.04171e-12
5265.09	2.20062e-12
5317.74	1.99449e-12
5370.92	2.47753e-12
5424.63	2.29798e-12
5478.88	2.54858e-12
5533.66	2.30843e-12
5589	2.08929e-12
5644.89	2.45694e-12
5701.34	2.26341e-12
5758.35	2.21131e-12
5815.94	2.69989e-12
5874.1	2.45785e-12
5932.84	2.49419e-12
5992.17	2.4928e-12
6052.09	2.43083e-12
6112.61	2.5162e-12
6173.73	2.56921e-12
6235.47	2.71664e-12
6297.83	2.76324e-12
6360.8	2.81211e-12
6424.41	2.93585e-12
6488.66	2.79836e-12
6553.54	2.81027e-12
6619.08	2.65606e-12
6685.27	2.84513e-12
6752.12	3.1716e-12
6819.64	2.77876e-12
6887.84	3.12783e-12
6956.72	3.22834e-12
7026.29	2.90797e-12
7096.55	3.43435e-12
7167.51	3.34087e-12
7239.19	3.34941e-12
7311.58	3.69229e-12
7384.7	3.49596e-12
7458.54	3.91196e-12
7533.13	4.16764e-12
7608.46	3.83684e-12
7684.55	3.8987e-12
7761.39	3.87478e-12
7839	4.24089e-12
7917.39	3.94176e-12
7996.57	4.62229e-12
8076.53	4.2714e-12
8157.3	4.43403e-12
8238.87	4.24888e-12
8321.26	4.99647e-12
8404.47	5.01323e-12
8488.52	5.13969e-12
8573.4	4.81663e-12
8659.14	4.99077e-12
8745.73	5.25214e-12
8833.19	5.39772e-12
8921.52	5.05051e-12
9010.73	5.66921e-12
9100.84	5.06706e-12
9191.85	5.99875e-12
9283.77	6.13631e-12
9376.61	6.25343e-12
9470.37	5.98908e-12
9565.08	6.03384e-12
9660.73	6.30592e-12
9757.33	6.22312e-12
9854.91	7.15514e-12
9953.46	6.56784e-12
10053	6.75433e-12
10153.5	7.46808e-12
10255.1	7.64001e-12
10357.6	7.60552e-12
10461.2	8.46895e-12
10565.8	8.01814e-12
10671.5	7.64745e-12
10778.2	9.69203e-12
10885.9	8.3855e-12
10994.8	9.07313e-12
11104.8	9.28345e-12
11215.8	8.79579e-12
11328	9.45501e-12
11441.2	1.04309e-11
11555.7	9.7721e-12
11671.2	9.83256e-12
11787.9	1.00956e-11
11905.8	1.07457e-11
12024.9	1.20931e-11
12145.1	1.14033e-11
12266.6	1.13529e-11
12389.2	1.21658e-11
12513.1	1.21299e-11
12638.2	1.23948e-11
12764.6	1.35942e-11
12892.3	1.61886e-11
13021.2	1.38383e-11
13151.4	1.51387e-11
13282.9	1.40771e-11
13415.8	1.65174e-11
13549.9	1.60524e-11
13685.4	1.54662e-11
13822.3	1.68622e-11
13960.5	1.82412e-11
14100.1	1.76001e-11
14241.1	1.9639e-11
14383.5	1.93143e-11
14527.3	1.90051e-11
14672.6	2.13587e-11
14819.3	1.96872e-11
14967.5	2.55202e-11
15117.2	2.28431e-11
15268.4	2.19059e-11
15421.1	2.29471e-11
15575.3	2.46955e-11
15731	2.62994e-11
15888.3	2.45449e-11
16047.2	2.58218e-11
16207.7	2.82988e-11
16369.8	3.03182e-11
16533.5	3.05284e-11
16698.8	3.27383e-11
16865.8	3.17049e-11
17034.4	3.46939e-11
17204.8	3.50853e-11
17376.8	3.30533e-11
17550.6	3.56562e-11
17726.1	3.67637e-11
17903.4	3.85254e-11
18082.4	4.34153e-11
18263.2	4.35668e-11
18445.9	4.12814e-11
18630.3	4.57757e-11
18816.6	4.55187e-11
19004.8	5.37945e-11
19194.8	5.09974e-11
19386.8	5.75625e-11
19580.7	5.63109e-11
19776.5	5.71924e-11
19974.2	6.4715e-11
20174	6.91382e-11
20375.7	7.1249e-11
20579.5	7.9743e-11
20785.3	7.02497e-11
20993.1	7.63188e-11
21203	8.09596e-11
21415.1	8.70611e-11
21629.2	7.94175e-11
21845.5	8.71029e-11
22064	9.25036e-11
22284.6	9.67135e-11
22507.5	9.86972e-11
22732.5	1.07958e-10
22959.9	1.12851e-10
23189.5	1.27571e-10
23421.4	1.2216e-10
23655.6	1.3025e-10
23892.1	1.33019e-10
24131	1.31598e-10
24372.4	1.54977e-10
24616.1	1.53405e-10
24862.2	1.79163e-10
25110.9	1.65493e-10
25362	1.82066e-10
25615.6	1.86776e-10
25871.7	2.13762e-10
26130.5	2.09235e-10
26391.8	2.22708e-10
26655.7	2.59453e-10
26922.2	2.30121e-10
27191.5	2.57466e-10
27463.4	2.65591e-10
27738	3.07811e-10
28015.4	2.9468e-10
28295.6	3.02189e-10
28578.5	3.45076e-10
28864.3	3.5395e-10
29152.9	4.00005e-10
29444.5	4.01348e-10
29738.9	4.31878e-10
30036.3	4.52377e-10
30336.7	4.618e-10
30640	5.23192e-10
30946.4	5.45926e-10
31255.9	5.08165e-10
31568.4	5.65585e-10
31884.1	6.67152e-10
32203	6.75193e-10
32525	6.64998e-10
32850.3	7.32743e-10
33178.8	7.6862e-10
33510.5	8.87775e-10
33845.7	9.07942e-10
34184.1	9.25052e-10
34525.9	1.08265e-09
34871.2	1.24612e-09
35219.9	1.12497e-09
35572.1	1.28874e-09
35927.8	1.34533e-09
36287.1	1.46435e-09
36650	1.57071e-09
37016.5	1.68441e-09
37386.7	1.89069e-09
37760.5	1.98024e-09
38138.1	2.08552e-09
38519.5	2.14858e-09
38904.7	2.33199e-09
39293.8	2.9654e-09
39686.7	2.91001e-09
40083.6	2.80039e-09
40484.4	3.27932e-09
40889.2	3.66942e-09
41298.1	3.9596e-09
41711.1	4.31206e-09
42128.2	4.43917e-09
42549.5	4.76912e-09
42975	5.60493e-09
43404.7	5.3216e-09
43838.8	6.6629e-09
44277.2	6.6828e-09
44720	7.87644e-09
45167.2	1.00301e-08
45618.8	7.95142e-09
46075	9.38714e-09
46535.8	9.65986e-09
47001.1	1.05554e-08
47471.1	1.145e-08
47945.8	1.21566e-08
48425.3	1.40584e-08
48909.6	1.55565e-08
49398.6	1.66294e-08
49892.6	2.01037e-08
50391.6	2.10472e-08
50895.5	2.38322e-08
51404.4	2.57697e-08
51918.5	2.94365e-08
52437.7	2.83903e-08
52962	3.353e-08
53491.7	3.70512e-08
54026.6	3.99643e-08
54566.8	4.38747e-08
55112.5	5.09266e-08
55663.6	5.7236e-08
56220.3	5.76308e-08
56782.5	6.70058e-08
57350.3	8.1163e-08
57923.8	8.60254e-08
58503	9.47193e-08
59088.1	1.08473e-07
59679	1.11514e-07
60275.7	1.33447e-07
60878.5	1.37338e-07
61487.3	1.61908e-07
62102.2	1.92542e-07
62723.2	2.21065e-07
63350.4	2.2778e-07
63983.9	2.72408e-07
64623.8	3.09153e-07
65270	3.44149e-07
65922.7	3.92923e-07
66581.9	4.42795e-07
67247.7	4.80301e-07
67920.2	5.8406e-07
68599.4	6.12348e-07
69285.4	7.41052e-07
69978.3	7.33803e-07
70678	9.18949e-07
71384.8	1.13685e-06
72098.7	1.318e-06
72819.7	1.48964e-06
73547.9	1.54918e-06
74283.3	1.88283e-06
75026.2	2.22509e-06
75776.4	2.65494e-06
76534.2	2.80539e-06
77299.5	3.3116e-06
78072.5	3.73408e-06
78853.3	4.11827e-06
79641.8	5.40414e-06
80438.2	5.56714e-06
81242.6	6.82664e-06
82055	8.12429e-06
82875.6	8.8947e-06
83704.3	1.01234e-05
84541.4	1.28155e-05
85386.8	1.5393e-05
86240.6	1.70965e-05
87103.1	2.03303e-05
87974.1	2.3288e-05
88853.8	2.89378e-05
89742.4	3.3561e-05
90639.8	3.997e-05
91546.2	4.27535e-05
92461.6	5.5937e-05
93386.3	6.40772e-05
94320.1	8.06339e-05
95263.3	9.15477e-05
96216	0.00011393
97178.1	0.000126258
98149.9	0.000174387
99131.4	0.000238289
