1e-06	5.68546e-29
1.1e-06	1.21873e-28
1.21e-06	2.61245e-28
1.331e-06	5.60003e-28
1.4641e-06	1.20042e-27
1.61051e-06	2.5732e-27
1.77156e-06	5.51588e-27
1.94872e-06	1.18238e-26
2.14359e-06	2.53453e-26
2.35795e-06	5.43299e-26
2.59374e-06	1.16461e-25
2.85312e-06	2.49645e-25
3.13843e-06	5.35135e-25
3.45227e-06	1.14711e-24
3.7975e-06	2.45893e-24
4.17725e-06	5.27094e-24
4.59497e-06	1.12987e-23
5.05447e-06	2.42198e-23
5.55992e-06	5.19173e-23
6.11591e-06	1.11289e-22
6.7275e-06	2.38559e-22
7.40025e-06	5.11372e-22
8.14027e-06	1.09617e-21
8.9543e-06	2.34974e-21
9.84973e-06	5.03688e-21
1.08347e-05	1.0797e-20
1.19182e-05	2.31443e-20
1.311e-05	4.96119e-20
1.4421e-05	1.06348e-19
1.58631e-05	2.27965e-19
1.74494e-05	4.88664e-19
1.91943e-05	1.04749e-18
2.11138e-05	2.2454e-18
2.32252e-05	4.81321e-18
2.55477e-05	1.03175e-17
2.81024e-05	2.21166e-17
3.09127e-05	4.74088e-17
3.40039e-05	1.01625e-16
3.74043e-05	2.17842e-16
4.11448e-05	4.66964e-16
4.52593e-05	1.00098e-15
4.97852e-05	2.14569e-15
5.47637e-05	4.59947e-15
6.02401e-05	9.85938e-15
6.62641e-05	2.11345e-14
7.28905e-05	4.53036e-14
8.01795e-05	9.71122e-14
8.81975e-05	2.08169e-13
9.70172e-05	4.46228e-13
0.000106719	9.5653e-13
0.000117391	2.05041e-12
0.00012913	4.39523e-12
0.000142043	9.42156e-12
0.000156247	2.0196e-11
0.000171872	4.32918e-11
0.000189059	9.27999e-11
0.000207965	1.98925e-10
0.000228762	4.26413e-10
0.000251638	9.14054e-10
0.000276801	1.95936e-09
0.000304482	4.20005e-09
0.00033493	9.00319e-09
0.000368423	1.92991e-08
0.000405265	4.13694e-08
0.000445792	8.8679e-08
0.000490371	1.90091e-07
0.000539408	4.07477e-07
0.000593349	8.73464e-07
0.000652683	1.87235e-06
0.000717952	4.01354e-06
0.000789747	8.60339e-06
0.000868722	1.84421e-05
0.000955594	3.95323e-05
0.00105115	8.47411e-05
0.00115627	0.00018165
0.0012719	0.000389383
0.00139908	0.000834677
0.00153899	0.0017892
0.00169289	0.00383532
0.00186218	0.00822135
0.0020484	0.0176232
0.00225324	0.0377769
0.00247856	0.0809781
0.00272642	0.173584
0.00299906	0.372092
0.00329897	0.797612
0.00362887	1.70961
0.00399175	3.66421
0.00439093	7.85354
0.00483002	16.8325
0.00531302	36.0783
0.00584432	77.3235
0.00642876	165.717
0.00707163	355.148
0.0077788	761.103
0.00855668	1630.96
0.00941234	3494.77
0.0103536	7487.91
0.0113889	16042.2
0.0125278	34365
0.0137806	73604.9
0.0151587	157625
0.0166745	337488
0.018342	722407
0.0201762	1.54588e+06
0.0221938	3.30687e+06
0.0244132	7.07081e+06
0.0268545	1.5111e+07
0.02954	3.22735e+07
0.032494	6.88757e+07
0.0357434	1.46855e+08
0.0393177	3.12776e+08
0.0432495	6.65276e+08
0.0475744	1.41279e+09
0.0523319	2.99452e+09
0.057565	6.33262e+09
0.0633215	1.33554e+10
0.0696537	2.80749e+10
0.0766191	5.87908e+10
0.084281	1.22554e+11
0.0927091	2.54112e+11
0.10198	5.23618e+11
0.112178	1.07119e+12
0.123396	2.17328e+12
0.135735	4.36793e+12
0.149309	8.6867e+12
0.16424	1.7076e+13
0.180664	3.31484e+13
0.19873	6.35004e+13
0.218603	1.19994e+14
0.240463	2.23679e+14
0.26451	4.11499e+14
0.290961	7.47776e+14
0.320057	1.34385e+15
0.352063	2.39168e+15
0.387269	4.22119e+15
0.425996	7.39781e+15
0.468595	1.2888e+16
0.515455	2.23395e+16
0.567	3.85541e+16
0.6237	6.62845e+16
0.68607	1.13574e+17
0.754677	1.94004e+17
0.830145	3.30448e+17
0.91316	5.61359e+17
1.00448	9.51082e+17
1.10492	1.60733e+18
1.21542	2.70929e+18
1.33696	4.55492e+18
1.47065	7.63914e+18
1.61772	1.28285e+19
1.77949	2.13731e+19
1.95744	3.56023e+19
2.15318	6.64237e+19
2.3685	1.00214e+20
2.60535	1.69769e+20
2.86589	3.3045e+20
3.15247	5.69507e+20
3.46772	1.00568e+21
3.81449	5.05571e+21
4.19594	4.29642e+21
4.61554	8.9133e+21
5.07709	3.40926e+22
5.5848	7.07962e+22
6.14328	1.17343e+23
6.75761	1.62459e+24
7.43337	6.88763e+23
8.17671	2.62756e+24
8.99438	1.94668e+25
9.89382	1.82608e+25
10.8832	2.07498e+25
11.9715	3.77439e+25
13.1687	7.45086e+25
14.4855	1.02525e+26
15.9341	1.30252e+26
17.5275	2.71057e+26
19.2802	3.50097e+26
21.2083	4.35139e+26
23.3291	5.11642e+26
25.662	7.78874e+26
28.2282	8.71628e+26
31.051	1.06117e+27
34.1561	1.2929e+27
37.5717	1.63318e+27
41.3289	1.94528e+27
45.4618	2.40827e+27
50.008	3.01078e+27
55.0088	5.37229e+27
60.5097	6.61194e+27
66.5606	8.13049e+27
73.2167	9.86232e+27
80.5384	1.20171e+28
88.5922	1.46238e+28
97.4514	1.77602e+28
107.197	2.13159e+28
117.916	2.57922e+28
129.708	3.08417e+28
142.679	3.66778e+28
156.947	6.78459e+28
172.641	7.87437e+28
189.905	8.87813e+28
208.896	9.48095e+28
229.785	9.26953e+28
252.764	7.79802e+28
278.04	7.4621e+28
305.844	1.32452e+28
336.429	6.55299e+27
370.072	4.58219e+27
407.079	5.08145e+27
447.787	4.26943e+27
492.565	3.71524e+27
541.822	4.63434e+27
596.004	4.1895e+27
655.605	3.80725e+27
721.165	4.88891e+27
793.281	4.46767e+27
872.61	5.72852e+27
959.871	5.19935e+27
1055.86	6.5976e+27
1161.44	5.8771e+27
1277.59	7.32369e+27
1405.35	6.31079e+27
1545.88	7.66322e+27
1700.47	6.25582e+27
1870.52	7.33865e+27
2057.57	8.33171e+27
2263.32	6.1513e+27
2489.66	6.63309e+27
2738.62	6.84073e+27
3012.49	6.71196e+27
3313.73	4.03214e+27
3645.11	3.64048e+27
4009.62	3.07684e+27
4410.58	2.41767e+27
4851.64	1.7533e+27
5336.8	6.42918e+26
5870.48	4.04989e+26
6457.53	2.30019e+26
7103.28	1.16649e+26
7813.61	5.22818e+25
8594.97	2.04868e+25
9454.47	0
