0.0001	3.59756e-06
0.000101	1.43344e-06
0.00010201	3.50307e-06
0.00010303	1.53164e-06
0.00010406	1.49018e-06
0.000105101	1.90804e-06
0.000106152	2.5452e-06
0.000107214	1.38057e-06
0.000108286	1.50845e-06
0.000109369	1.51855e-06
0.000110462	1.90577e-06
0.000111567	1.6844e-06
0.000112683	1.2888e-06
0.000113809	1.94062e-06
0.000114947	3.94186e-06
0.000116097	1.41853e-06
0.000117258	1.94245e-06
0.00011843	1.41151e-06
0.000119615	1.92221e-06
0.000120811	2.79661e-06
0.000122019	1.04408e-06
0.000123239	1.31738e-06
0.000124472	1.23242e-06
0.000125716	2.39383e-06
0.000126973	3.37046e-06
0.000128243	1.24974e-06
0.000129526	3.45262e-06
0.000130821	1.20301e-06
0.000132129	2.52237e-06
0.00013345	1.31506e-06
0.000134785	1.0711e-06
0.000136133	1.15979e-06
0.000137494	1.19661e-06
0.000138869	2.19252e-06
0.000140258	1.06891e-06
0.00014166	1.11575e-06
0.000143077	1.39312e-06
0.000144508	1.07242e-06
0.000145953	1.06125e-06
0.000147412	1.2184e-06
0.000148886	1.82491e-06
0.000150375	2.59609e-06
0.000151879	1.11017e-06
0.000153398	1.31049e-06
0.000154932	2.81147e-06
0.000156481	1.6945e-06
0.000158046	4.31307e-06
0.000159626	2.08655e-06
0.000161223	1.38204e-06
0.000162835	1.23922e-06
0.000164463	1.82572e-06
0.000166108	9.54773e-07
0.000167769	9.78968e-07
0.000169447	2.0819e-06
0.000171141	9.80028e-07
0.000172852	9.24027e-07
0.000174581	1.16682e-06
0.000176327	1.85587e-06
0.00017809	8.8592e-07
0.000179871	8.40355e-07
0.00018167	8.13615e-07
0.000183486	8.45212e-07
0.000185321	8.79747e-07
0.000187174	1.11975e-06
0.000189046	8.06054e-07
0.000190937	8.8158e-07
0.000192846	7.87047e-07
0.000194774	6.99907e-07
0.000196722	6.85028e-07
0.000198689	7.93982e-07
0.000200676	6.68156e-07
0.000202683	6.57766e-07
0.00020471	7.59429e-07
0.000206757	7.67264e-07
0.000208825	6.62564e-07
0.000210913	6.21385e-07
0.000213022	6.96481e-07
0.000215152	7.24658e-07
0.000217304	5.83016e-07
0.000219477	5.77008e-07
0.000221672	5.79027e-07
0.000223888	6.25833e-07
0.000226127	6.21428e-07
0.000228388	7.28002e-07
0.000230672	6.3628e-07
0.000232979	5.63609e-07
0.000235309	5.2996e-07
0.000237662	5.33111e-07
0.000240038	5.39302e-07
0.000242439	4.64444e-07
0.000244863	4.94181e-07
0.000247312	4.79906e-07
0.000249785	4.70945e-07
0.000252283	4.44139e-07
0.000254806	4.94259e-07
0.000257354	4.33583e-07
0.000259927	4.87918e-07
0.000262527	4.52711e-07
0.000265152	4.12132e-07
0.000267803	4.16451e-07
0.000270481	4.15412e-07
0.000273186	3.82086e-07
0.000275918	3.95186e-07
0.000278677	3.85951e-07
0.000281464	3.70593e-07
0.000284279	3.70529e-07
0.000287121	3.85589e-07
0.000289993	3.5465e-07
0.000292893	3.55943e-07
0.000295822	3.48275e-07
0.00029878	3.44409e-07
0.000301768	3.28512e-07
0.000304785	3.28503e-07
0.000307833	3.09105e-07
0.000310911	3.0985e-07
0.00031402	3.03071e-07
0.000317161	3.04644e-07
0.000320332	2.95997e-07
0.000323536	2.88736e-07
0.000326771	2.89881e-07
0.000330039	2.77259e-07
0.000333339	2.71751e-07
0.000336672	2.66258e-07
0.000340039	2.67329e-07
0.00034344	2.51332e-07
0.000346874	2.50266e-07
0.000350343	2.46237e-07
0.000353846	2.43397e-07
0.000357385	2.36902e-07
0.000360958	2.32062e-07
0.000364568	2.2513e-07
0.000368214	2.2484e-07
0.000371896	2.18028e-07
0.000375615	2.19337e-07
0.000379371	2.12766e-07
0.000383165	2.06812e-07
0.000386996	2.02883e-07
0.000390866	1.96889e-07
0.000394775	1.92712e-07
0.000398723	1.90941e-07
0.00040271	1.88118e-07
0.000406737	1.83922e-07
0.000410804	1.81041e-07
0.000414912	1.75692e-07
0.000419062	1.73865e-07
0.000423252	1.70442e-07
0.000427485	1.66017e-07
0.00043176	1.62818e-07
0.000436077	1.58505e-07
0.000440438	1.56577e-07
0.000444842	1.52993e-07
0.000449291	1.51542e-07
0.000453784	1.47577e-07
0.000458321	1.45503e-07
0.000462905	1.42059e-07
0.000467534	1.39397e-07
0.000472209	1.3638e-07
0.000476931	1.3319e-07
0.0004817	1.30604e-07
0.000486517	1.28041e-07
0.000491383	1.25584e-07
0.000496296	1.23072e-07
0.000501259	1.20992e-07
0.000506272	1.18343e-07
0.000511335	1.16492e-07
0.000516448	1.1356e-07
0.000521613	1.11472e-07
0.000526829	1.09342e-07
0.000532097	1.07191e-07
0.000537418	1.05111e-07
0.000542792	1.03209e-07
0.00054822	1.01119e-07
0.000553702	9.91268e-08
0.000559239	9.70214e-08
0.000564832	9.51881e-08
0.00057048	9.3138e-08
0.000576185	9.14164e-08
0.000581947	8.95941e-08
0.000587766	8.78885e-08
0.000593644	8.60763e-08
0.00059958	8.43369e-08
0.000605576	8.28981e-08
0.000611632	8.09778e-08
0.000617748	7.96562e-08
0.000623926	7.79503e-08
0.000630165	7.63836e-08
0.000636466	7.49743e-08
0.000642831	7.34337e-08
0.000649259	7.1972e-08
0.000655752	7.06388e-08
0.00066231	6.91846e-08
0.000668933	6.78564e-08
0.000675622	6.65058e-08
0.000682378	6.51822e-08
0.000689202	6.39258e-08
0.000696094	6.26996e-08
0.000703055	6.14598e-08
0.000710085	6.02069e-08
0.000717186	5.90464e-08
0.000724358	5.78623e-08
0.000731602	5.67137e-08
0.000738918	5.56206e-08
0.000746307	5.4482e-08
0.00075377	5.34446e-08
0.000761308	5.23851e-08
0.000768921	5.13296e-08
0.00077661	5.03359e-08
0.000784376	4.93436e-08
0.00079222	4.83795e-08
0.000800142	4.74154e-08
0.000808144	4.64917e-08
0.000816225	4.55728e-08
0.000824387	4.46745e-08
0.000832631	4.37888e-08
0.000840957	4.29346e-08
0.000849367	4.20765e-08
0.000857861	4.1252e-08
0.000866439	4.0443e-08
0.000875104	3.9641e-08
0.000883855	3.88602e-08
0.000892693	3.8092e-08
0.00090162	3.73453e-08
0.000910636	3.66034e-08
0.000919743	3.58877e-08
0.00092894	3.51754e-08
0.00093823	3.44872e-08
0.000947612	3.3808e-08
0.000957088	3.31456e-08
0.000966659	3.24883e-08
0.000976325	3.18502e-08
0.000986089	3.12215e-08
0.00099595	3.06064e-08
0.00100591	3.0003e-08
0.00101597	2.94126e-08
0.00102613	2.88334e-08
0.00103639	2.8263e-08
0.00104675	2.77069e-08
0.00105722	2.71601e-08
0.00106779	2.66255e-08
0.00107847	2.61024e-08
0.00108926	2.55865e-08
0.00110015	2.50842e-08
0.00111115	2.45896e-08
0.00112226	2.41044e-08
0.00113348	2.36286e-08
0.00114482	2.31641e-08
0.00115627	2.2708e-08
0.00116783	2.22598e-08
0.00117951	2.18226e-08
0.0011913	2.13915e-08
0.00120322	2.09703e-08
0.00121525	2.05566e-08
0.0012274	2.01519e-08
0.00123967	1.97545e-08
0.00125207	1.93653e-08
0.00126459	1.89837e-08
0.00127724	1.86103e-08
0.00129001	1.82431e-08
0.00130291	1.78837e-08
0.00131594	1.75313e-08
0.0013291	1.71858e-08
0.00134239	1.68471e-08
0.00135581	1.65153e-08
0.00136937	1.619e-08
0.00138307	1.58709e-08
0.0013969	1.55581e-08
0.00141086	1.52515e-08
0.00142497	1.49509e-08
0.00143922	1.46565e-08
0.00145362	1.43677e-08
0.00146815	1.40847e-08
0.00148283	1.38069e-08
0.00149766	1.3535e-08
0.00151264	1.32683e-08
0.00152776	1.30068e-08
0.00154304	1.27506e-08
0.00155847	1.24993e-08
0.00157406	1.22531e-08
0.0015898	1.20116e-08
0.0016057	1.1775e-08
0.00162175	1.1543e-08
0.00163797	1.13155e-08
0.00165435	1.10926e-08
0.00167089	1.0874e-08
0.0016876	1.06597e-08
0.00170448	1.04497e-08
0.00172152	1.02438e-08
0.00173874	1.00419e-08
0.00175613	9.8441e-09
0.00177369	9.65011e-09
0.00179142	9.45998e-09
0.00180934	9.27357e-09
0.00182743	9.09084e-09
0.00184571	8.91172e-09
0.00186416	8.7361e-09
0.0018828	8.564e-09
0.00190163	8.39523e-09
0.00192065	8.22982e-09
0.00193986	8.06766e-09
0.00195925	7.90869e-09
0.00197885	7.75286e-09
0.00199864	7.6001e-09
0.00201862	7.45035e-09
0.00203881	7.30355e-09
0.0020592	7.15965e-09
0.00207979	7.01857e-09
0.00210059	6.88028e-09
0.00212159	6.74471e-09
0.00214281	6.61181e-09
0.00216424	6.48154e-09
0.00218588	6.35382e-09
0.00220774	6.22863e-09
0.00222981	6.1059e-09
0.00225211	5.98559e-09
0.00227463	5.86766e-09
0.00229738	5.75203e-09
0.00232035	5.6387e-09
0.00234356	5.52759e-09
0.00236699	5.41868e-09
0.00239066	5.31191e-09
0.00241457	5.20725e-09
0.00243871	5.10464e-09
0.0024631	5.00406e-09
0.00248773	4.90546e-09
0.00251261	4.8088e-09
0.00253774	4.71405e-09
0.00256311	4.62117e-09
0.00258874	4.53012e-09
0.00261463	4.44085e-09
0.00264078	4.35335e-09
0.00266719	4.26758e-09
0.00269386	4.18349e-09
0.0027208	4.10106e-09
0.002748	4.02025e-09
0.00277548	3.94104e-09
0.00280324	3.86338e-09
0.00283127	3.78726e-09
0.00285958	3.71264e-09
0.00288818	3.63948e-09
0.00291706	3.56777e-09
0.00294623	3.49748e-09
0.0029757	3.42856e-09
0.00300545	3.36101e-09
0.00303551	3.29478e-09
0.00306586	3.22986e-09
0.00309652	3.16622e-09
0.00312749	3.10384e-09
0.00315876	3.04268e-09
0.00319035	2.98273e-09
0.00322225	2.92396e-09
0.00325447	2.86635e-09
0.00328702	2.80987e-09
0.00331989	2.7545e-09
0.00335309	2.70023e-09
0.00338662	2.64703e-09
0.00342049	2.59487e-09
0.00345469	2.54374e-09
0.00348924	2.49362e-09
0.00352413	2.44449e-09
0.00355937	2.39632e-09
0.00359496	2.34911e-09
0.00363091	2.30282e-09
0.00366722	2.25745e-09
0.0037039	2.21297e-09
0.00374093	2.16937e-09
0.00377834	2.12662e-09
0.00381613	2.08472e-09
0.00385429	2.04365e-09
0.00389283	2.00338e-09
0.00393176	1.96391e-09
0.00397108	1.92521e-09
0.00401079	1.88728e-09
0.0040509	1.85009e-09
0.0040914	1.81364e-09
0.00413232	1.77791e-09
0.00417364	1.74288e-09
0.00421538	1.70854e-09
0.00425753	1.67488e-09
0.00430011	1.64188e-09
0.00434311	1.60953e-09
0.00438654	1.57781e-09
0.0044304	1.54673e-09
0.00447471	1.51625e-09
0.00451946	1.48638e-09
0.00456465	1.45709e-09
0.0046103	1.42838e-09
0.0046564	1.40024e-09
0.00470296	1.37265e-09
0.00474999	1.34561e-09
0.00479749	1.3191e-09
0.00484547	1.29311e-09
0.00489392	1.26763e-09
0.00494286	1.24266e-09
0.00499229	1.21817e-09
0.00504221	1.19417e-09
0.00509264	1.17065e-09
0.00514356	1.14758e-09
0.005195	1.12497e-09
0.00524695	1.10281e-09
0.00529942	1.08108e-09
0.00535241	1.05978e-09
0.00540594	1.03891e-09
0.00546	1.01844e-09
0.0055146	9.98374e-10
0.00556974	9.78705e-10
0.00562544	9.59424e-10
0.00568169	9.40523e-10
0.00573851	9.21994e-10
0.00579589	9.0383e-10
0.00585385	8.86025e-10
0.00591239	8.6857e-10
0.00597152	8.5146e-10
0.00603123	8.34686e-10
0.00609154	8.18243e-10
0.00615246	8.02124e-10
0.00621398	7.86323e-10
0.00627612	7.70834e-10
0.00633888	7.55649e-10
0.00640227	7.40764e-10
0.0064663	7.26172e-10
0.00653096	7.11868e-10
0.00659627	6.97846e-10
0.00666223	6.841e-10
0.00672885	6.70625e-10
0.00679614	6.57416e-10
0.0068641	6.44467e-10
0.00693275	6.31773e-10
0.00700207	6.1933e-10
0.00707209	6.07131e-10
0.00714281	5.95174e-10
0.00721424	5.83452e-10
0.00728638	5.71961e-10
0.00735925	5.60696e-10
0.00743284	5.49654e-10
0.00750717	5.38829e-10
0.00758224	5.28218e-10
0.00765806	5.17816e-10
0.00773464	5.07619e-10
0.00781199	4.97623e-10
0.00789011	4.87824e-10
0.00796901	4.78218e-10
0.0080487	4.68802e-10
0.00812919	4.59571e-10
0.00821048	4.50523e-10
0.00829259	4.41653e-10
0.00837551	4.32957e-10
0.00845927	4.24434e-10
0.00854386	4.16078e-10
0.0086293	4.07887e-10
0.00871559	3.99858e-10
0.00880275	3.91987e-10
0.00889077	3.84271e-10
0.00897968	3.76707e-10
0.00906948	3.69293e-10
0.00916017	3.62025e-10
0.00925178	3.549e-10
0.00934429	3.47916e-10
0.00943774	3.4107e-10
0.00953211	3.34358e-10
0.00962743	3.27779e-10
0.00972371	3.2133e-10
0.00982095	3.15009e-10
0.00991916	3.08812e-10
0.0100183	3.02737e-10
0.0101185	2.96782e-10
0.0102197	2.90945e-10
0.0103219	2.85223e-10
0.0104251	2.79613e-10
0.0105294	2.74115e-10
0.0106347	2.68725e-10
0.010741	2.63442e-10
0.0108484	2.58263e-10
0.0109569	2.53186e-10
0.0110665	2.4821e-10
0.0111772	2.43331e-10
0.0112889	2.3855e-10
0.0114018	2.33862e-10
0.0115158	2.29267e-10
0.011631	2.24764e-10
0.0117473	2.20349e-10
0.0118648	2.16021e-10
0.0119834	2.11779e-10
0.0121033	2.07621e-10
0.0122243	2.03545e-10
0.0123465	1.99549e-10
0.01247	1.95633e-10
0.0125947	1.91794e-10
0.0127206	1.88031e-10
0.0128478	1.84343e-10
0.0129763	1.80727e-10
0.0131061	1.77183e-10
0.0132372	1.7371e-10
0.0133695	1.70305e-10
0.0135032	1.66967e-10
0.0136383	1.63696e-10
0.0137746	1.60489e-10
0.0139124	1.57346e-10
0.0140515	1.54266e-10
0.014192	1.51246e-10
0.0143339	1.48287e-10
0.0144773	1.45386e-10
0.0146221	1.42542e-10
0.0147683	1.39755e-10
0.014916	1.37024e-10
0.0150651	1.34346e-10
0.0152158	1.31722e-10
0.0153679	1.2915e-10
0.0155216	1.2663e-10
0.0156768	1.24159e-10
0.0158336	1.21737e-10
0.0159919	1.19364e-10
0.0161518	1.17038e-10
0.0163134	1.14758e-10
0.0164765	1.12524e-10
0.0166413	1.10334e-10
0.0168077	1.08188e-10
0.0169757	1.06085e-10
0.0171455	1.04024e-10
0.017317	1.02004e-10
0.0174901	1.00024e-10
0.017665	9.80842e-11
0.0178417	9.6183e-11
0.0180201	9.43199e-11
0.0182003	9.24941e-11
0.0183823	9.07049e-11
0.0185661	8.89516e-11
0.0187518	8.72335e-11
0.0189393	8.55499e-11
0.0191287	8.39002e-11
0.01932	8.22837e-11
0.0195132	8.06997e-11
0.0197083	7.91477e-11
0.0199054	7.76269e-11
0.0201045	7.61369e-11
0.0203055	7.4677e-11
0.0205086	7.32466e-11
0.0207136	7.18452e-11
0.0209208	7.04722e-11
0.02113	6.91271e-11
0.0213413	6.78092e-11
0.0215547	6.65182e-11
0.0217702	6.52534e-11
0.0219879	6.40145e-11
0.0222078	6.28008e-11
0.0224299	6.16119e-11
0.0226542	6.04473e-11
0.0228807	5.93066e-11
0.0231095	5.81893e-11
0.0233406	5.70949e-11
0.0235741	5.6023e-11
0.0238098	5.49733e-11
0.0240479	5.39452e-11
0.0242884	5.29383e-11
0.0245313	5.19523e-11
0.0247766	5.09867e-11
0.0250243	5.00411e-11
0.0252746	4.91153e-11
0.0255273	4.82087e-11
0.0257826	4.73211e-11
0.0260404	4.6452e-11
0.0263008	4.56011e-11
0.0265638	4.47681e-11
0.0268295	4.39526e-11
0.0270978	4.31543e-11
0.0273687	4.23728e-11
0.0276424	4.16079e-11
0.0279189	4.08592e-11
0.028198	4.01264e-11
0.02848	3.94092e-11
0.0287648	3.87072e-11
0.0290525	3.80203e-11
0.029343	3.73481e-11
0.0296364	3.66903e-11
0.0299328	3.60466e-11
0.0302321	3.54168e-11
0.0305344	3.48006e-11
0.0308398	3.41977e-11
0.0311482	3.36079e-11
0.0314597	3.30309e-11
0.0317743	3.24664e-11
0.032092	3.19142e-11
0.0324129	3.1374e-11
0.032737	3.08456e-11
0.0330644	3.03288e-11
0.0333951	2.98233e-11
0.033729	2.93288e-11
0.0340663	2.88452e-11
0.034407	2.83722e-11
0.034751	2.79096e-11
0.0350985	2.74572e-11
0.0354495	2.70146e-11
0.035804	2.65818e-11
0.0361621	2.61585e-11
0.0365237	2.57445e-11
0.0368889	2.53396e-11
0.0372578	2.49435e-11
0.0376304	2.45561e-11
0.0380067	2.41772e-11
0.0383868	2.38065e-11
0.0387706	2.34438e-11
0.0391583	2.3089e-11
0.0395499	2.27419e-11
0.0399454	2.24022e-11
0.0403449	2.20698e-11
0.0407483	2.17445e-11
0.0411558	2.14262e-11
0.0415674	2.11146e-11
0.041983	2.08095e-11
0.0424029	2.05108e-11
0.0428269	2.02184e-11
0.0432552	1.9932e-11
0.0436877	1.96515e-11
0.0441246	1.93767e-11
0.0445658	1.91075e-11
0.0450115	1.88438e-11
0.0454616	1.85853e-11
0.0459162	1.8332e-11
0.0463754	1.80837e-11
0.0468391	1.78403e-11
0.0473075	1.76016e-11
0.0477806	1.73675e-11
0.0482584	1.71379e-11
0.048741	1.69127e-11
0.0492284	1.66918e-11
0.0497207	1.6475e-11
0.0502179	1.62622e-11
0.0507201	1.60534e-11
0.0512273	1.58484e-11
0.0517396	1.56471e-11
0.052257	1.54495e-11
0.0527795	1.52553e-11
0.0533073	1.50647e-11
0.0538404	1.48773e-11
0.0543788	1.46933e-11
0.0549226	1.45124e-11
0.0554718	1.43346e-11
0.0560265	1.41598e-11
0.0565868	1.39879e-11
0.0571527	1.38189e-11
0.0577242	1.36527e-11
0.0583014	1.34892e-11
0.0588844	1.33283e-11
0.0594733	1.317e-11
0.060068	1.30142e-11
0.0606687	1.28609e-11
0.0612754	1.27099e-11
0.0618881	1.25612e-11
0.062507	1.24148e-11
0.0631321	1.22706e-11
0.0637634	1.21285e-11
0.0644011	1.19885e-11
0.0650451	1.18506e-11
0.0656955	1.17147e-11
0.0663525	1.15808e-11
0.067016	1.14488e-11
0.0676862	1.13186e-11
0.068363	1.11903e-11
0.0690466	1.10638e-11
0.0697371	1.0939e-11
0.0704345	1.0816e-11
0.0711388	1.06947e-11
0.0718502	1.0575e-11
0.0725687	1.0457e-11
0.0732944	1.03405e-11
0.0740273	1.02257e-11
0.0747676	1.01123e-11
0.0755153	1.00005e-11
0.0762705	9.89019e-12
0.0770332	9.78132e-12
0.0778035	9.67388e-12
0.0785815	9.56785e-12
0.0793673	9.46321e-12
0.080161	9.35993e-12
0.0809626	9.25799e-12
0.0817722	9.15737e-12
0.08259	9.05804e-12
0.0834159	8.95999e-12
0.08425	8.8632e-12
0.0850925	8.76765e-12
0.0859435	8.67331e-12
0.0868029	8.58016e-12
0.0876709	8.4882e-12
0.0885476	8.3974e-12
0.0894331	8.30775e-12
0.0903274	8.21922e-12
0.0912307	8.13181e-12
0.092143	8.04549e-12
0.0930644	7.96024e-12
0.0939951	7.87606e-12
0.094935	7.79293e-12
0.0958844	7.71083e-12
0.0968432	7.62975e-12
0.0978117	7.54967e-12
0.0987898	7.47059e-12
0.0997777	7.39248e-12
0.100775	7.31533e-12
0.101783	7.23913e-12
0.102801	7.16386e-12
0.103829	7.08952e-12
0.104867	7.01609e-12
0.105916	6.94356e-12
0.106975	6.87192e-12
0.108045	6.80114e-12
0.109125	6.73124e-12
0.110217	6.66218e-12
0.111319	6.59396e-12
0.112432	6.52658e-12
0.113556	6.46001e-12
0.114692	6.39424e-12
0.115839	6.32928e-12
0.116997	6.2651e-12
0.118167	6.2017e-12
0.119349	6.13906e-12
0.120542	6.07718e-12
0.121748	6.01605e-12
0.122965	5.95565e-12
0.124195	5.89599e-12
0.125437	5.83704e-12
0.126691	5.77879e-12
0.127958	5.72125e-12
0.129238	5.66441e-12
0.13053	5.60824e-12
0.131835	5.55275e-12
0.133154	5.49792e-12
0.134485	5.44375e-12
0.13583	5.39024e-12
0.137188	5.33736e-12
0.13856	5.28511e-12
0.139946	5.23349e-12
0.141345	5.18249e-12
0.142759	5.1321e-12
0.144186	5.08231e-12
0.145628	5.03312e-12
0.147085	4.98451e-12
0.148555	4.93649e-12
0.150041	4.88904e-12
0.151541	4.84215e-12
0.153057	4.79583e-12
0.154587	4.75006e-12
0.156133	4.70483e-12
0.157695	4.66014e-12
0.159271	4.61599e-12
0.160864	4.57237e-12
0.162473	4.52926e-12
0.164098	4.48667e-12
0.165739	4.44459e-12
0.167396	4.40301e-12
0.16907	4.36193e-12
0.170761	4.32133e-12
0.172468	4.28122e-12
0.174193	4.2416e-12
0.175935	4.20244e-12
0.177694	4.16375e-12
0.179471	4.12552e-12
0.181266	4.08775e-12
0.183078	4.05044e-12
0.184909	4.01357e-12
0.186758	3.97714e-12
0.188626	3.94114e-12
0.190512	3.90558e-12
0.192417	3.87044e-12
0.194341	3.83573e-12
0.196285	3.80143e-12
0.198248	3.76754e-12
0.20023	3.73406e-12
0.202232	3.70098e-12
0.204255	3.66831e-12
0.206297	3.63602e-12
0.20836	3.60412e-12
0.210444	3.57261e-12
0.212548	3.54148e-12
0.214674	3.51073e-12
0.216821	3.48035e-12
0.218989	3.45033e-12
0.221179	3.42069e-12
0.22339	3.3914e-12
0.225624	3.36247e-12
0.227881	3.33389e-12
0.230159	3.30566e-12
0.232461	3.27778e-12
0.234786	3.25024e-12
0.237134	3.22303e-12
0.239505	3.19617e-12
0.2419	3.16963e-12
0.244319	3.14342e-12
0.246762	3.11754e-12
0.24923	3.09198e-12
0.251722	3.06674e-12
0.254239	3.04182e-12
0.256782	3.0172e-12
0.259349	2.9929e-12
0.261943	2.9689e-12
0.264562	2.94521e-12
0.267208	2.92182e-12
0.26988	2.89873e-12
0.272579	2.87594e-12
0.275305	2.85343e-12
0.278058	2.83122e-12
0.280838	2.8093e-12
0.283647	2.78767e-12
0.286483	2.76632e-12
0.289348	2.74525e-12
0.292241	2.72446e-12
0.295164	2.70395e-12
0.298115	2.68371e-12
0.301097	2.66375e-12
0.304108	2.64406e-12
0.307149	2.62465e-12
0.31022	2.6055e-12
0.313322	2.58661e-12
0.316456	2.568e-12
0.31962	2.54964e-12
0.322816	2.53155e-12
0.326045	2.51373e-12
0.329305	2.49616e-12
0.332598	2.47885e-12
0.335924	2.4618e-12
0.339283	2.445e-12
0.342676	2.42846e-12
0.346103	2.41218e-12
0.349564	2.39615e-12
0.353059	2.38037e-12
0.35659	2.36485e-12
0.360156	2.34958e-12
0.363758	2.33456e-12
0.367395	2.31979e-12
0.371069	2.30528e-12
0.37478	2.29101e-12
0.378528	2.277e-12
0.382313	2.26324e-12
0.386136	2.24973e-12
0.389997	2.23647e-12
0.393897	2.22346e-12
0.397836	2.2107e-12
0.401815	2.19819e-12
0.405833	2.18593e-12
0.409891	2.17393e-12
0.41399	2.16218e-12
0.41813	2.15068e-12
0.422311	2.13943e-12
0.426534	2.12844e-12
0.4308	2.1177e-12
0.435108	2.10721e-12
0.439459	2.09698e-12
0.443853	2.08701e-12
0.448292	2.07729e-12
0.452775	2.06783e-12
0.457303	2.05862e-12
0.461876	2.04967e-12
0.466494	2.04098e-12
0.471159	2.03255e-12
0.475871	2.02437e-12
0.48063	2.01645e-12
0.485436	2.00879e-12
0.49029	2.00138e-12
0.495193	1.99424e-12
0.500145	1.98734e-12
0.505146	1.9807e-12
0.510198	1.97432e-12
0.5153	1.96819e-12
0.520453	1.96231e-12
0.525657	1.95667e-12
0.530914	1.95129e-12
0.536223	1.94615e-12
0.541585	1.94125e-12
0.547001	1.93659e-12
0.552471	1.93216e-12
0.557996	1.92796e-12
0.563576	1.924e-12
0.569212	1.92025e-12
0.574904	1.91672e-12
0.580653	1.9134e-12
0.586459	1.91029e-12
0.592324	1.90738e-12
0.598247	1.90467e-12
0.60423	1.90214e-12
0.610272	1.89979e-12
0.616375	1.89761e-12
0.622538	1.8956e-12
0.628764	1.89374e-12
0.635051	1.89203e-12
0.641402	1.89047e-12
0.647816	1.88903e-12
0.654294	1.88772e-12
0.660837	1.88653e-12
0.667445	1.88544e-12
0.67412	1.88446e-12
0.680861	1.88356e-12
0.68767	1.88275e-12
0.694546	1.88202e-12
0.701492	1.88136e-12
0.708507	1.88075e-12
0.715592	1.88021e-12
0.722748	1.87971e-12
0.729975	1.87926e-12
0.735599	1.87891e-12
0.761075	1.87767e-12
0.786415	1.87674e-12
0.811677	1.87598e-12
0.836868	1.87532e-12
0.861995	1.87471e-12
0.886817	1.87415e-12
0.912154	1.87362e-12
0.936806	1.87312e-12
0.961955	1.87263e-12
0.986829	1.87217e-12
1.01145	1.87172e-12
1.03618	1.87128e-12
1.06068	1.87086e-12
1.08529	1.87045e-12
1.10968	1.87004e-12
1.13419	1.86963e-12
1.15849	1.86923e-12
1.18259	1.86883e-12
1.20652	1.86843e-12
1.23056	1.86803e-12
1.25444	1.86763e-12
1.27787	1.86722e-12
1.30143	1.8668e-12
1.32512	1.86637e-12
1.34839	1.86595e-12
1.3718	1.86549e-12
1.39481	1.86504e-12
1.41796	1.86456e-12
1.44074	1.86407e-12
1.46365	1.86357e-12
1.48646	1.86305e-12
1.50893	1.8625e-12
1.53153	1.86192e-12
1.55404	1.86134e-12
1.57623	1.86071e-12
1.59856	1.86007e-12
1.62081	1.85939e-12
1.64298	1.85865e-12
1.66485	1.85792e-12
1.68687	1.85713e-12
1.7086	1.85631e-12
1.73048	1.85544e-12
1.75209	1.85454e-12
1.77384	1.8536e-12
1.79533	1.85258e-12
1.81676	1.85152e-12
1.83833	1.85043e-12
1.85966	1.84924e-12
1.88094	1.84804e-12
1.90216	1.84674e-12
1.92335	1.84543e-12
1.94448	1.84395e-12
1.96558	1.84247e-12
1.98663	1.84089e-12
2.00746	1.83931e-12
2.02826	1.83759e-12
2.04919	1.8358e-12
2.06992	1.83392e-12
2.09079	1.83204e-12
2.11145	1.82992e-12
2.13208	1.82771e-12
2.15268	1.82548e-12
2.17325	1.82314e-12
2.19363	1.82071e-12
2.21415	1.8182e-12
2.23464	1.81546e-12
2.25494	1.81271e-12
2.27522	1.80989e-12
2.29564	1.80684e-12
2.31588	1.80351e-12
2.3361	1.80033e-12
2.3563	1.79703e-12
2.37632	1.79345e-12
2.39634	1.78993e-12
2.41648	1.78613e-12
2.43646	1.78234e-12
2.45642	1.77828e-12
2.47637	1.77409e-12
2.4963	1.76958e-12
2.51622	1.76511e-12
2.53612	1.76049e-12
2.55587	1.75597e-12
2.57575	1.7511e-12
2.59548	1.74607e-12
2.6152	1.74093e-12
2.6349	1.73567e-12
2.6546	1.73053e-12
2.67429	1.72501e-12
2.69383	1.71914e-12
2.7139	1.71291e-12
2.73249	1.70685e-12
2.75228	1.70105e-12
2.77193	1.69459e-12
2.79143	1.68825e-12
2.8108	1.6818e-12
2.83004	1.67547e-12
2.85042	1.66857e-12
2.8694	1.66143e-12
2.88825	1.65473e-12
2.90822	1.64781e-12
2.92681	1.63993e-12
2.94652	1.6327e-12
2.9661	1.62508e-12
2.98555	1.6173e-12
3.00367	1.60933e-12
3.02288	1.60248e-12
3.04316	1.59465e-12
3.06212	1.58616e-12
3.08096	1.57829e-12
3.09969	1.57037e-12
3.11947	1.56221e-12
3.13797	1.55382e-12
3.1575	1.54571e-12
3.17692	1.5364e-12
3.19509	1.52775e-12
3.21428	1.51963e-12
3.23335	1.51108e-12
3.25232	1.50244e-12
3.27117	1.49381e-12
3.28992	1.48548e-12
3.30965	1.4769e-12
3.32818	1.46774e-12
3.34661	1.45929e-12
3.36601	1.45029e-12
3.38423	1.44151e-12
3.40342	1.43328e-12
3.42249	1.42406e-12
3.44147	1.41437e-12
3.46034	1.40565e-12
3.4791	1.39693e-12
3.49777	1.38782e-12
3.51634	1.37915e-12
3.53481	1.37048e-12
3.5542	1.362e-12
3.57247	1.35295e-12
3.59166	1.34408e-12
3.60974	1.33552e-12
3.62873	1.32712e-12
3.64763	1.31838e-12
3.66642	1.31001e-12
3.68512	1.30126e-12
3.70372	1.29191e-12
3.72223	1.2826e-12
3.74065	1.27396e-12
3.75898	1.26579e-12
3.77722	1.25765e-12
3.79633	1.24899e-12
3.81439	1.24096e-12
3.83331	1.23309e-12
3.85214	1.2245e-12
3.87088	1.21591e-12
3.88859	1.20766e-12
3.90715	1.20005e-12
3.92563	1.19245e-12
3.94493	1.1843e-12
3.96323	1.17606e-12
3.98144	1.16853e-12
4.00048	1.16055e-12
4.01852	1.15219e-12
4.03738	1.14402e-12
4.05526	1.13609e-12
4.07395	1.12902e-12
4.09256	1.12135e-12
4.11108	1.11369e-12
4.12952	1.1064e-12
4.14787	1.09885e-12
4.16615	1.09169e-12
4.18434	1.08429e-12
4.20246	1.07728e-12
4.22135	1.07016e-12
4.23931	1.06296e-12
4.25804	1.05622e-12
4.27669	1.04891e-12
4.29442	1.04214e-12
4.31291	1.0356e-12
4.33132	1.02855e-12
4.34966	1.02151e-12
4.36792	1.01396e-12
4.3861	1.00763e-12
4.40503	1.00118e-12
4.42306	9.94392e-13
4.44102	9.882e-13
4.45971	9.8166e-13
4.47752	9.75358e-13
4.49607	9.69498e-13
4.51453	9.63151e-13
4.53293	9.57081e-13
4.55124	9.50791e-13
4.56949	9.44829e-13
4.58766	9.3867e-13
4.60576	9.32853e-13
4.62379	9.2709e-13
4.64253	9.21495e-13
4.66042	9.15606e-13
4.67901	9.10073e-13
4.69753	9.03546e-13
4.71521	8.97483e-13
4.73358	8.92147e-13
4.75189	8.86625e-13
4.77012	8.81129e-13
4.78829	8.757e-13
4.80639	8.70537e-13
4.82517	8.65272e-13
4.84313	8.59755e-13
4.86102	8.54726e-13
4.87959	8.49644e-13
4.89735	8.44526e-13
4.91578	8.39538e-13
4.93415	8.34606e-13
4.95244	8.29693e-13
4.97067	8.24608e-13
4.98883	8.19779e-13
