290.985	1.50442e-32
290.989	1.48404e-32
290.995	1.44854e-32
290.905	1.96974e-32
290.916	1.90291e-32
290.831	2.45186e-32
290.844	2.36908e-32
290.762	2.86711e-32
290.778	2.78e-32
290.699	3.14369e-32
290.718	3.07225e-32
290.642	3.31159e-32
290.567	3.51256e-32
290.495	3.75718e-32
290.423	4.04426e-32
290.352	4.34548e-32
290.284	4.63019e-32
290.217	4.87031e-32
290.152	5.0296e-32
290.087	5.06668e-32
290.024	4.99024e-32
289.866	5.20306e-32
289.805	5.37845e-32
289.746	5.36985e-32
289.592	5.32809e-32
289.536	5.30512e-32
289.384	5.17024e-32
289.233	5.61486e-32
289.182	5.68005e-32
289.033	5.62532e-32
288.886	6.01931e-32
288.838	6.03201e-32
288.694	5.64432e-32
288.55	5.49804e-32
288.408	5.46327e-32
288.269	5.45031e-32
288.127	5.452e-32
287.989	5.36493e-32
287.853	5.01929e-32
287.616	5.00347e-32
287.48	5.36e-32
287.348	5.36637e-32
287.213	4.95865e-32
286.983	4.6904e-32
286.852	4.62272e-32
286.621	4.61336e-32
286.493	4.57306e-32
286.266	4.42894e-32
286.139	4.31633e-32
285.912	3.87695e-32
285.688	4.17031e-32
285.562	4.11503e-32
285.339	3.62271e-32
285.116	3.51781e-32
284.893	3.77648e-32
284.774	3.71497e-32
284.551	3.24882e-32
284.333	3.14059e-32
284.113	3.03907e-32
283.894	2.93664e-32
283.676	2.83373e-32
283.458	2.72451e-32
283.241	2.59061e-32
283.024	2.34056e-32
282.707	2.22062e-32
282.49	2.28613e-32
282.275	2.20745e-32
282.06	1.99567e-32
281.743	1.86616e-32
281.531	1.85266e-32
281.316	1.67607e-32
280.999	1.5863e-32
280.788	1.61332e-32
280.575	1.46607e-32
280.258	1.36508e-32
280.047	1.31224e-32
279.732	1.221e-32
279.52	1.14126e-32
279.205	9.93071e-33
278.888	1.00822e-32
278.677	9.79237e-33
278.363	9.14585e-33
278.152	8.52139e-33
277.836	7.32016e-33
277.52	6.89465e-33
277.204	6.99047e-33
276.992	6.57283e-33
276.676	5.6583e-33
276.36	5.30123e-33
276.044	5.22682e-33
275.831	4.99791e-33
275.515	4.30595e-33
275.197	3.87482e-33
274.88	3.62278e-33
274.56	3.40493e-33
274.241	3.14403e-33
273.922	3.19285e-33
273.71	3.05242e-33
273.389	2.54669e-33
273.069	2.33729e-33
272.748	2.11505e-33
272.427	1.96502e-33
272.104	1.78254e-33
271.781	1.66844e-33
271.459	1.56124e-33
271.135	1.41695e-33
270.81	1.31768e-33
270.485	1.19373e-33
270.158	1.10845e-33
269.832	1.00269e-33
269.505	9.2508e-34
269.177	8.0412e-34
268.738	7.08933e-34
268.409	6.88063e-34
268.078	6.28185e-34
267.746	5.85241e-34
267.414	5.30843e-34
267.083	4.93059e-34
266.747	4.46094e-34
266.413	4.14333e-34
266.078	3.72995e-34
265.742	3.33983e-34
265.404	2.99982e-34
264.952	2.65225e-34
264.613	2.4902e-34
264.272	2.33137e-34
263.932	2.11867e-34
263.588	1.96893e-34
263.244	1.782e-34
262.901	1.60595e-34
262.554	1.45333e-34
262.093	1.29447e-34
261.745	1.21482e-34
261.395	1.13901e-34
261.045	1.03806e-34
260.694	9.43366e-35
260.342	8.5902e-35
259.987	7.99919e-35
259.632	7.18038e-35
259.157	6.47703e-35
258.801	6.23233e-35
258.442	5.75614e-35
258.082	5.3015e-35
257.722	4.89721e-35
257.357	4.61333e-35
256.995	4.27671e-35
256.628	3.96206e-35
256.262	3.6827e-35
255.894	3.44655e-35
255.404	3.17819e-35
255.033	3.01716e-35
254.66	2.83658e-35
254.286	2.6723e-35
253.912	2.54932e-35
253.534	2.408e-35
253.155	2.27702e-35
252.776	2.15777e-35
252.395	2.0487e-35
252.012	1.95074e-35
251.627	1.87376e-35
251.241	1.78974e-35
250.855	1.71116e-35
250.466	1.63839e-35
250.075	1.57181e-35
249.695	1.51182e-35
249.301	1.45984e-35
248.918	1.40679e-35
248.522	1.35518e-35
248.136	1.30828e-35
247.735	1.26271e-35
247.345	1.22157e-35
246.954	1.18269e-35
246.563	1.14815e-35
246.168	1.11291e-35
245.772	1.07921e-35
245.374	1.0473e-35
244.988	1.01769e-35
244.588	9.88559e-36
244.198	9.6148e-36
243.794	9.34746e-36
243.401	9.09977e-36
243.006	8.86127e-36
242.611	8.63776e-36
242.211	8.415e-36
241.811	8.20085e-36
241.41	7.99398e-36
241.02	7.80058e-36
240.615	7.60696e-36
240.222	7.42546e-36
239.827	7.24933e-36
239.416	7.07285e-36
239.018	6.90792e-36
238.617	6.74659e-36
238.215	6.59083e-36
237.825	6.44389e-36
237.418	6.29617e-36
237.012	6.15271e-36
236.616	6.01704e-36
236.218	5.88459e-36
235.806	5.75133e-36
235.406	5.62601e-36
235.002	5.50319e-36
234.598	5.38385e-36
234.206	5.27117e-36
233.798	5.15717e-36
233.402	5.04944e-36
232.991	4.94066e-36
232.591	4.838e-36
232.19	4.73753e-36
231.788	4.63956e-36
231.383	4.54331e-36
230.976	4.44942e-36
230.569	4.35785e-36
230.174	4.27104e-36
229.761	4.18298e-36
229.362	4.09983e-36
228.948	4.01576e-36
228.545	3.93604e-36
228.14	3.85775e-36
227.733	3.78125e-36
227.341	3.70912e-36
226.931	3.63563e-36
226.519	3.56373e-36
226.12	3.49563e-36
225.719	3.42878e-36
225.303	3.36098e-36
224.899	3.29685e-36
224.494	3.23402e-36
224.1	3.17431e-36
223.69	3.11372e-36
223.28	3.05442e-36
222.882	2.99818e-36
222.467	2.9409e-36
222.066	2.88672e-36
221.663	2.8335e-36
221.258	2.78127e-36
220.851	2.72996e-36
220.443	2.67963e-36
220.032	2.63017e-36
219.637	2.58348e-36
219.222	2.53566e-36
218.823	2.4906e-36
218.421	2.4462e-36
218.017	2.40254e-36
217.612	2.35967e-36
217.204	2.31742e-36
216.796	2.27608e-36
216.387	2.23549e-36
215.989	2.19684e-36
215.576	2.15761e-36
215.175	2.12024e-36
214.773	2.08359e-36
214.355	2.04626e-36
213.95	2.01083e-36
213.559	1.97727e-36
213.151	1.94297e-36
212.74	1.9092e-36
212.344	1.87728e-36
211.931	1.84459e-36
211.531	1.81357e-36
211.114	1.78193e-36
210.712	1.75204e-36
210.308	1.72255e-36
209.902	1.69351e-36
209.51	1.66606e-36
209.101	1.63789e-36
208.691	1.61019e-36
208.294	1.58396e-36
207.881	1.55715e-36
207.482	1.53172e-36
207.079	1.5066e-36
206.677	1.48197e-36
206.272	1.4576e-36
205.867	1.4337e-36
205.459	1.41009e-36
205.067	1.38779e-36
204.656	1.36487e-36
204.261	1.34322e-36
203.847	1.32097e-36
203.447	1.29991e-36
203.047	1.27916e-36
202.646	1.25877e-36
202.241	1.23855e-36
201.837	1.21874e-36
201.43	1.19915e-36
201.038	1.18063e-36
200.629	1.16162e-36
200.235	1.14362e-36
199.821	1.12506e-36
199.424	1.10761e-36
199.024	1.09033e-36
198.624	1.0733e-36
198.222	1.05654e-36
197.819	1.03998e-36
197.413	1.02363e-36
197.024	1.00819e-36
196.616	9.92328e-37
196.225	9.77333e-37
195.813	9.61847e-37
195.417	9.47226e-37
195.021	9.32829e-37
194.623	9.1859e-37
194.224	9.04549e-37
193.822	8.90683e-37
193.419	8.76992e-37
193.016	8.63509e-37
192.629	8.50794e-37
192.221	8.37638e-37
191.831	8.25229e-37
191.42	8.12412e-37
191.027	8.00307e-37
190.632	7.88378e-37
190.236	7.76609e-37
189.839	7.64981e-37
189.439	7.53476e-37
189.039	7.42141e-37
188.636	7.30926e-37
188.25	7.20359e-37
187.846	7.09454e-37
187.458	6.99161e-37
187.05	6.88495e-37
186.659	6.7846e-37
186.267	6.68553e-37
185.873	6.58744e-37
185.459	6.48599e-37
185.083	6.39522e-37
184.684	6.30061e-37
184.285	6.20726e-37
183.885	6.11525e-37
183.501	6.02838e-37
183.098	5.93855e-37
182.712	5.85379e-37
182.306	5.7661e-37
181.917	5.68335e-37
181.527	5.60162e-37
181.136	5.52103e-37
180.744	5.44131e-37
180.349	5.36238e-37
179.954	5.28446e-37
179.558	5.20759e-37
179.159	5.13148e-37
178.779	5.05996e-37
178.379	4.9857e-37
177.996	4.91582e-37
177.592	4.8432e-37
177.207	4.7749e-37
176.821	4.70753e-37
176.433	4.64081e-37
176.043	4.57478e-37
175.653	4.50963e-37
175.261	4.44512e-37
174.868	4.38144e-37
174.474	4.31854e-37
174.097	4.25929e-37
173.701	4.19786e-37
173.322	4.13992e-37
172.923	4.07987e-37
172.542	4.02335e-37
172.16	3.96743e-37
171.756	3.90925e-37
171.372	3.85464e-37
170.985	3.80054e-37
170.598	3.74712e-37
170.21	3.6944e-37
169.841	3.64482e-37
169.45	3.59315e-37
169.057	3.54201e-37
168.685	3.49412e-37
168.29	3.44415e-37
167.914	3.39722e-37
167.517	3.34833e-37
167.14	3.30253e-37
166.761	3.25718e-37
166.381	3.21233e-37
166	3.16799e-37
165.617	3.12404e-37
165.233	3.08064e-37
164.848	3.03767e-37
164.462	2.99513e-37
164.096	2.95542e-37
163.708	2.91387e-37
163.318	2.87272e-37
162.948	2.83417e-37
162.556	2.79394e-37
162.183	2.75623e-37
161.81	2.71899e-37
161.436	2.68205e-37
161.061	2.64564e-37
160.684	2.6095e-37
160.306	2.5737e-37
159.926	2.53829e-37
159.546	2.50331e-37
159.165	2.46871e-37
158.783	2.43441e-37
158.421	2.40243e-37
158.036	2.36889e-37
157.672	2.33754e-37
157.285	2.30476e-37
156.918	2.274e-37
156.551	2.24368e-37
156.161	2.21185e-37
155.791	2.18207e-37
155.42	2.15263e-37
155.049	2.12354e-37
154.675	2.09468e-37
154.302	2.06616e-37
153.949	2.03961e-37
153.572	2.01161e-37
153.195	1.98394e-37
152.839	1.95818e-37
152.46	1.93107e-37
152.102	1.9058e-37
151.72	1.87919e-37
151.359	1.85444e-37
150.999	1.82998e-37
150.613	1.80415e-37
150.25	1.78014e-37
149.885	1.75637e-37
149.519	1.73281e-37
149.153	1.70955e-37
148.785	1.68646e-37
148.44	1.66508e-37
148.07	1.64243e-37
147.699	1.62003e-37
147.35	1.59925e-37
146.977	1.57728e-37
146.627	1.55692e-37
146.251	1.53536e-37
145.899	1.51543e-37
145.546	1.49564e-37
145.167	1.47472e-37
144.811	1.45528e-37
144.455	1.43611e-37
144.097	1.41708e-37
143.738	1.39821e-37
143.378	1.37955e-37
143.017	1.3611e-37
142.655	1.34279e-37
142.316	1.32586e-37
141.952	1.3079e-37
141.587	1.29012e-37
141.246	1.27371e-37
140.878	1.25625e-37
140.535	1.24012e-37
140.191	1.22419e-37
139.821	1.20723e-37
139.474	1.19154e-37
139.126	1.17603e-37
138.778	1.16064e-37
138.428	1.14541e-37
138.078	1.13032e-37
137.726	1.11539e-37
137.373	1.10055e-37
137.02	1.0859e-37
136.665	1.07135e-37
136.335	1.05799e-37
135.979	1.04375e-37
135.621	1.0296e-37
135.288	1.01663e-37
134.954	1.00374e-37
134.593	9.8998e-38
134.258	9.7735e-38
133.895	9.63846e-38
133.557	9.51455e-38
133.219	9.39163e-38
132.879	9.2697e-38
132.538	9.1489e-38
132.197	9.02962e-38
131.855	8.91105e-38
131.511	8.79355e-38
131.166	8.67693e-38
130.848	8.57072e-38
130.501	8.45632e-38
130.154	8.3432e-38
129.832	8.23965e-38
129.483	8.12833e-38
129.159	8.02665e-38
128.807	7.91712e-38
128.483	7.81741e-38
128.157	7.71845e-38
127.802	7.612e-38
127.474	7.51463e-38
127.145	7.41827e-38
126.815	7.32274e-38
126.484	7.22806e-38
126.152	7.13403e-38
125.82	7.04116e-38
125.486	6.94882e-38
125.151	6.8573e-38
124.816	6.76692e-38
124.507	6.6846e-38
124.169	6.59541e-38
123.86	6.51464e-38
123.52	6.42717e-38
123.209	6.3478e-38
122.867	6.2617e-38
122.553	6.18356e-38
122.21	6.09916e-38
121.895	6.02239e-38
121.579	5.94637e-38
121.261	5.87092e-38
120.942	5.79595e-38
120.594	5.71509e-38
120.274	5.64156e-38
119.954	5.56882e-38
119.661	5.50315e-38
119.338	5.43147e-38
119.015	5.36048e-38
118.69	5.2901e-38
118.364	5.22013e-38
118.068	5.15726e-38
117.74	5.08868e-38
117.442	5.02687e-38
117.112	4.95923e-38
116.813	4.89853e-38
116.481	4.83211e-38
116.18	4.77229e-38
115.877	4.71297e-38
115.543	4.64836e-38
115.239	4.59005e-38
114.934	4.53224e-38
114.627	4.47489e-38
114.32	4.41795e-38
114.012	4.3616e-38
113.704	4.30566e-38
113.394	4.25013e-38
113.083	4.1952e-38
112.772	4.14067e-38
112.491	4.09199e-38
112.178	4.03838e-38
111.864	3.98509e-38
111.549	3.93233e-38
111.265	3.88532e-38
110.948	3.83338e-38
110.662	3.78706e-38
110.343	3.73598e-38
110.056	3.69042e-38
109.768	3.64531e-38
109.447	3.5955e-38
109.156	3.55101e-38
108.866	3.50693e-38
108.574	3.4632e-38
108.282	3.41981e-38
107.988	3.37665e-38
107.694	3.33394e-38
107.399	3.29161e-38
107.104	3.24959e-38
106.807	3.20793e-38
106.51	3.1666e-38
106.211	3.12553e-38
105.912	3.08488e-38
105.645	3.04904e-38
105.345	3.009e-38
105.042	2.96924e-38
104.774	2.93427e-38
104.471	2.89521e-38
104.199	2.86068e-38
103.894	2.82224e-38
103.623	2.78838e-38
103.315	2.75047e-38
103.042	2.71715e-38
102.767	2.68397e-38
102.458	2.64703e-38
102.182	2.61442e-38
101.905	2.58214e-38
101.627	2.55e-38
101.349	2.51821e-38
101.07	2.48661e-38
100.79	2.45529e-38
100.509	2.42418e-38
100.228	2.39335e-38
99.9456	2.36273e-38
99.6626	2.33238e-38
99.3785	2.30225e-38
99.1293	2.27609e-38
98.844	2.24644e-38
98.5575	2.217e-38
98.306	2.19143e-38
98.0184	2.16248e-38
97.7292	2.1337e-38
97.4756	2.10874e-38
97.222	2.084e-38
96.9307	2.0559e-38
96.675	2.03149e-38
96.3817	2.0038e-38
96.1247	1.97979e-38
95.8668	1.95593e-38
95.5713	1.9289e-38
95.312	1.90544e-38
95.0518	1.88213e-38
94.7912	1.85902e-38
94.5295	1.83606e-38
94.2674	1.8133e-38
94.0045	1.79071e-38
93.7406	1.76827e-38
93.4762	1.74601e-38
93.211	1.72393e-38
92.9451	1.70202e-38
92.6779	1.68024e-38
92.4104	1.65866e-38
92.1804	1.6403e-38
91.911	1.61899e-38
91.6412	1.5979e-38
91.4095	1.57996e-38
91.1377	1.55913e-38
90.8651	1.53847e-38
90.6317	1.52096e-38
90.3576	1.5006e-38
90.1226	1.48333e-38
89.8469	1.46327e-38
89.61	1.44622e-38
89.373	1.42932e-38
89.095	1.40971e-38
88.8568	1.39309e-38
88.6173	1.37653e-38
88.3771	1.3601e-38
88.0959	1.34106e-38
87.8543	1.32487e-38
87.6122	1.30882e-38
87.3693	1.29287e-38
87.1256	1.27703e-38
86.8813	1.26131e-38
86.6365	1.24572e-38
86.3908	1.23023e-38
86.1444	1.21485e-38
85.8976	1.19961e-38
85.6497	1.18446e-38
85.4007	1.1694e-38
85.1934	1.15698e-38
84.9434	1.14215e-38
84.693	1.12744e-38
84.4416	1.11284e-38
84.2143	1.09977e-38
83.9787	1.08635e-38
83.7416	1.07298e-38
83.5044	1.05974e-38
83.2662	1.04659e-38
83.032	1.03377e-38
82.797	1.02105e-38
82.5653	1.00864e-38
82.329	9.96094e-39
82.0961	9.83859e-39
81.8667	9.71925e-39
81.6327	9.59877e-39
81.4022	9.48126e-39
81.1708	9.36448e-39
80.9438	9.25104e-39
80.7155	9.13807e-39
80.4867	9.02601e-39
80.2575	8.91483e-39
80.0317	8.80641e-39
79.8054	8.69884e-39
79.5783	8.59194e-39
79.3508	8.48591e-39
79.1273	8.38279e-39
78.903	8.2803e-39
78.6823	8.18046e-39
78.4567	8.0794e-39
78.2347	7.98098e-39
78.0122	7.88325e-39
77.7937	7.78828e-39
77.5745	7.69388e-39
77.3548	7.60023e-39
77.1343	7.50713e-39
76.9134	7.41479e-39
76.6962	7.32491e-39
76.4782	7.23559e-39
76.2645	7.14886e-39
76.0457	7.06094e-39
75.8308	6.97543e-39
75.6154	6.89057e-39
75.404	6.80806e-39
75.187	6.72422e-39
74.9743	6.64284e-39
74.7612	6.56212e-39
74.5521	6.48366e-39
74.3422	6.40566e-39
74.1271	6.32651e-39
73.9213	6.25149e-39
73.7093	6.17502e-39
73.5023	6.10102e-39
73.2944	6.02743e-39
73.0857	5.95429e-39
72.8767	5.88173e-39
72.6717	5.81127e-39
72.4664	5.74137e-39
72.2602	5.67187e-39
72.0537	5.60292e-39
71.8513	5.536e-39
71.6486	5.4696e-39
71.4451	5.40358e-39
71.2412	5.33808e-39
71.0415	5.27455e-39
70.8415	5.21151e-39
70.6407	5.14884e-39
70.4397	5.0867e-39
70.2375	5.02482e-39
70.04	4.96494e-39
69.8422	4.90552e-39
69.6436	4.84645e-39
69.4442	4.78772e-39
69.25	4.73106e-39
69.0547	4.67459e-39
68.859	4.61857e-39
68.6631	4.56304e-39
68.4713	4.50916e-39
68.2739	4.45425e-39
68.081	4.40109e-39
67.8881	4.34845e-39
67.6993	4.29741e-39
67.505	4.24537e-39
67.3153	4.19507e-39
67.1249	4.14505e-39
66.9342	4.09541e-39
66.7431	4.04615e-39
66.5566	3.99853e-39
66.3696	3.95122e-39
66.1819	3.90417e-39
65.9938	3.85749e-39
65.805	3.81107e-39
65.6213	3.76632e-39
65.437	3.72186e-39
65.252	3.67765e-39
65.0671	3.63386e-39
64.8811	3.59023e-39
64.7002	3.5482e-39
64.5188	3.50645e-39
64.3368	3.46493e-39
64.1544	3.42372e-39
63.9712	3.38274e-39
63.7934	3.3433e-39
63.6094	3.3029e-39
63.4303	3.26393e-39
63.2509	3.22526e-39
63.0764	3.18801e-39
62.896	3.14984e-39
62.7207	3.1131e-39
62.5448	3.07656e-39
62.3685	3.04029e-39
62.1914	3.00419e-39
62.014	2.96836e-39
61.8419	2.93395e-39
61.6635	2.89858e-39
61.4905	2.86461e-39
61.317	2.83086e-39
61.1486	2.79841e-39
60.9741	2.76508e-39
60.8046	2.73301e-39
60.629	2.70009e-39
60.4589	2.66849e-39
60.2883	2.63711e-39
60.123	2.60696e-39
59.9514	2.57597e-39
59.785	2.54617e-39
59.6183	2.5166e-39
59.4453	2.4862e-39
59.2836	2.45805e-39
59.1156	2.42906e-39
58.9472	2.40027e-39
58.7838	2.3726e-39
58.6204	2.34518e-39
58.4505	2.31693e-39
58.2922	2.29083e-39
58.1271	2.26388e-39
57.9619	2.23715e-39
57.8022	2.21155e-39
57.6361	2.18516e-39
57.4754	2.15986e-39
57.3143	2.13474e-39
57.153	2.1098e-39
56.9971	2.08593e-39
56.8347	2.06128e-39
56.6783	2.03775e-39
56.5151	2.01344e-39
56.3573	1.99013e-39
56.1995	1.96705e-39
56.0413	1.94411e-39
55.8885	1.92215e-39
55.7295	1.8995e-39
55.5763	1.87789e-39
55.4223	1.85634e-39
55.2618	1.8341e-39
55.1138	1.81377e-39
54.9584	1.79263e-39
54.8031	1.77168e-39
54.6474	1.75086e-39
54.4972	1.73097e-39
54.3471	1.71127e-39
54.1963	1.69164e-39
54.0452	1.67216e-39
53.8938	1.65281e-39
53.7417	1.63355e-39
53.5895	1.61445e-39
53.4433	1.59627e-39
53.2966	1.57818e-39
53.1431	1.55943e-39
52.9955	1.54155e-39
52.8478	1.52384e-39
52.6997	1.50623e-39
52.5576	1.48948e-39
52.4087	1.47208e-39
52.2659	1.45555e-39
52.116	1.43835e-39
51.9724	1.42202e-39
51.8287	1.40583e-39
51.6844	1.38971e-39
51.5396	1.37368e-39
51.4016	1.35853e-39
51.256	1.34269e-39
51.117	1.32772e-39
50.9706	1.31207e-39
50.831	1.29729e-39
50.6907	1.28255e-39
50.5503	1.26795e-39
50.4093	1.25341e-39
50.2682	1.23898e-39
50.1336	1.22535e-39
49.9914	1.21107e-39
49.8562	1.19761e-39
49.7131	1.18349e-39
49.5771	1.1702e-39
49.4406	1.15695e-39
49.3038	1.14382e-39
49.1663	1.13073e-39
49.0362	1.11843e-39
48.898	1.10551e-39
48.7594	1.09265e-39
48.6281	1.08057e-39
48.4961	1.06855e-39
48.3568	1.05595e-39
48.2239	1.04406e-39
48.0911	1.03227e-39
47.9577	1.02054e-39
47.8317	1.00954e-39
47.6974	9.97926e-40
47.5631	9.86419e-40
47.4357	9.75592e-40
47.3081	9.64842e-40
47.1725	9.53516e-40
47.044	9.42883e-40
46.9155	9.32333e-40
46.7862	9.21815e-40
46.6569	9.11392e-40
46.527	9.0101e-40
46.4047	8.91316e-40
46.274	8.81045e-40
46.1507	8.71445e-40
46.0197	8.61325e-40
45.8957	8.51839e-40
45.7716	8.42417e-40
45.647	8.3304e-40
45.522	8.23719e-40
45.397	8.14473e-40
45.2712	8.05251e-40
45.1454	7.96114e-40
45.0191	7.87013e-40
44.9003	7.78531e-40
44.7735	7.69554e-40
44.654	7.61161e-40
44.5345	7.52845e-40
44.4144	7.44558e-40
44.286	7.3577e-40
44.1653	7.27591e-40
44.0523	7.19992e-40
43.9309	7.11897e-40
43.8095	7.03866e-40
43.6873	6.95859e-40
43.5733	6.88452e-40
43.4505	6.80544e-40
43.3357	6.73207e-40
43.2125	6.65407e-40
43.0969	6.58148e-40
42.981	6.50938e-40
42.8652	6.43785e-40
42.7487	6.36659e-40
42.6318	6.29566e-40
42.515	6.22536e-40
42.3976	6.15534e-40
42.2883	6.09069e-40
42.1705	6.0216e-40
42.052	5.95271e-40
41.9418	5.88917e-40
41.8315	5.82613e-40
41.7122	5.75848e-40
41.601	5.69604e-40
41.4897	5.63403e-40
41.378	5.57229e-40
41.266	5.51091e-40
41.1539	5.45001e-40
41.0413	5.38934e-40
40.9282	5.32896e-40
40.8239	5.27371e-40
40.7104	5.21406e-40
40.6053	5.15932e-40
40.4912	5.10042e-40
40.3855	5.0463e-40
40.2707	4.98801e-40
40.1645	4.93452e-40
40.0582	4.88144e-40
39.9513	4.82849e-40
39.8442	4.7759e-40
39.737	4.72371e-40
39.6293	4.67172e-40
39.5213	4.62002e-40
39.4132	4.56867e-40
39.3046	4.51756e-40
39.2048	4.47098e-40
39.0957	4.42045e-40
38.9956	4.3745e-40
38.8857	4.32448e-40
38.7848	4.27894e-40
38.6839	4.23376e-40
38.5733	4.18464e-40
38.4716	4.13987e-40
38.3697	4.0954e-40
38.2675	4.05112e-40
38.165	4.0071e-40
38.0622	3.96333e-40
37.9594	3.9199e-40
37.856	3.87663e-40
37.7617	3.83746e-40
37.658	3.79475e-40
37.5539	3.75219e-40
37.4589	3.71373e-40
37.3542	3.67165e-40
37.2588	3.63365e-40
37.1631	3.59582e-40
37.0575	3.55443e-40
36.9613	3.51703e-40
36.865	3.47991e-40
36.7682	3.44287e-40
36.6712	3.40608e-40
36.5742	3.36957e-40
36.4766	3.33318e-40
36.3789	3.297e-40
36.2807	3.26098e-40
36.1826	3.22528e-40
36.084	3.18971e-40
35.9951	3.15787e-40
35.896	3.12268e-40
35.7968	3.08777e-40
35.7071	3.05642e-40
35.6072	3.02183e-40
35.517	2.99086e-40
35.4269	2.96014e-40
35.3262	2.9261e-40
35.2353	2.89565e-40
35.1441	2.86533e-40
35.053	2.83527e-40
34.9614	2.80531e-40
34.8696	2.7755e-40
34.7775	2.74587e-40
34.6854	2.71646e-40
34.5928	2.68712e-40
34.5	2.65798e-40
34.4069	2.629e-40
34.3138	2.60024e-40
34.2307	2.57476e-40
34.1368	2.54622e-40
34.0427	2.51788e-40
33.9591	2.49287e-40
33.8645	2.46483e-40
33.7803	2.44004e-40
33.6958	2.41539e-40
33.6006	2.38783e-40
33.5157	2.36344e-40
33.4306	2.33918e-40
33.3345	2.31205e-40
33.2491	2.28812e-40
33.1633	2.26426e-40
33.0771	2.24051e-40
32.9908	2.21691e-40
32.9043	2.19344e-40
32.8178	2.17015e-40
32.7308	2.14693e-40
32.6436	2.12381e-40
32.5671	2.10372e-40
32.4796	2.08092e-40
32.3918	2.0582e-40
32.3036	2.03561e-40
32.2264	2.01595e-40
32.1379	1.99362e-40
32.0602	1.97416e-40
31.9712	1.95205e-40
31.8931	1.9328e-40
31.8036	1.91093e-40
31.7252	1.89193e-40
31.6464	1.87297e-40
31.5562	1.85145e-40
31.4771	1.83272e-40
31.3979	1.81413e-40
31.3184	1.79559e-40
31.2387	1.77716e-40
31.1472	1.75618e-40
31.0672	1.73799e-40
30.9868	1.71986e-40
30.9062	1.70183e-40
30.8254	1.68389e-40
30.7561	1.66861e-40
30.6748	1.65085e-40
30.5934	1.63319e-40
30.5118	1.61563e-40
30.4299	1.59816e-40
30.3598	1.58331e-40
30.2774	1.566e-40
30.1949	1.54881e-40
30.124	1.53415e-40
30.0413	1.51718e-40
29.97	1.50268e-40
29.8866	1.48583e-40
29.815	1.47148e-40
29.7314	1.45486e-40
29.6594	1.44067e-40
29.5872	1.42654e-40
29.5027	1.41014e-40
29.4303	1.3962e-40
29.3575	1.3823e-40
29.2846	1.36847e-40
29.2115	1.35472e-40
29.1262	1.33879e-40
29.0526	1.32517e-40
28.9789	1.31163e-40
28.905	1.29817e-40
28.8311	1.28481e-40
28.7568	1.27149e-40
28.6823	1.25822e-40
28.6077	1.24504e-40
28.5453	1.23411e-40
28.4705	1.22109e-40
28.3953	1.20811e-40
28.3198	1.1952e-40
28.2442	1.18235e-40
28.1812	1.17174e-40
28.1052	1.15903e-40
28.029	1.14639e-40
27.9654	1.13591e-40
27.8888	1.12341e-40
27.8249	1.11304e-40
27.7479	1.10066e-40
27.6836	1.0904e-40
27.6064	1.07817e-40
27.5417	1.06801e-40
27.464	1.05588e-40
27.399	1.04584e-40
27.334	1.03586e-40
27.2557	1.02393e-40
27.1902	1.01402e-40
27.1245	1.00418e-40
27.0587	9.94387e-41
26.9797	9.8272e-41
26.9136	9.73034e-41
26.8472	9.63386e-41
26.7808	9.53796e-41
26.7143	9.44278e-41
26.6462	9.34597e-41
26.5792	9.25156e-41
26.5121	9.15763e-41
26.4462	9.06615e-41
26.3787	8.97317e-41
26.3124	8.88253e-41
26.2459	8.79236e-41
26.1808	8.70469e-41
26.1139	8.61534e-41
26.0483	8.52837e-41
25.9825	8.44183e-41
25.9181	8.35774e-41
25.8534	8.27389e-41
25.7885	8.19036e-41
25.7234	8.10736e-41
25.6583	8.02497e-41
25.5944	7.94457e-41
25.5302	7.86459e-41
25.4658	7.78491e-41
25.4027	7.70746e-41
25.3383	7.62887e-41
25.2763	7.55391e-41
25.2127	7.47764e-41
25.1489	7.40167e-41
25.0866	7.32803e-41
25.024	7.25459e-41
24.9613	7.18153e-41
24.8998	7.11048e-41
24.8368	7.03824e-41
24.775	6.96792e-41
24.713	6.89796e-41
24.6524	6.82997e-41
24.5902	6.76087e-41
24.5293	6.69358e-41
24.4681	6.62653e-41
24.4083	6.5615e-41
24.3468	6.49522e-41
24.2869	6.431e-41
24.2266	6.36694e-41
24.1661	6.30314e-41
24.1056	6.23973e-41
24.0465	6.17834e-41
23.9871	6.1171e-41
23.9276	6.05618e-41
23.8678	5.99549e-41
23.8096	5.93682e-41
23.7511	5.87831e-41
23.691	5.8186e-41
23.6338	5.76217e-41
23.5749	5.7046e-41
23.5159	5.64727e-41
23.4582	5.59168e-41
23.4003	5.53637e-41
23.3425	5.48147e-41
23.2858	5.42809e-41
23.2276	5.37361e-41
23.1707	5.32083e-41
23.1137	5.26832e-41
23.0567	5.21617e-41
23.0009	5.16553e-41
22.9434	5.11379e-41
22.8874	5.06371e-41
22.8314	5.014e-41
22.7751	4.96441e-41
22.7186	4.91502e-41
22.6636	4.86729e-41
22.6086	4.81992e-41
22.5517	4.77131e-41
22.4963	4.7243e-41
22.4423	4.6788e-41
22.3866	4.63225e-41
22.3325	4.58736e-41
22.2782	4.54259e-41
22.2237	4.49804e-41
22.169	4.45371e-41
22.1142	4.40955e-41
22.0611	4.36706e-41
22.0077	4.32467e-41
21.9525	4.28121e-41
21.8988	4.23925e-41
21.8467	4.1988e-41
21.7928	4.15725e-41
21.7403	4.11716e-41
21.6878	4.07726e-41
21.6351	4.03756e-41
21.5824	3.99814e-41
21.5294	3.95879e-41
21.4763	3.91967e-41
21.4248	3.88197e-41
21.3731	3.84445e-41
21.3215	3.8072e-41
21.2695	3.77005e-41
21.2174	3.73304e-41
21.167	3.69744e-41
21.1147	3.66083e-41
21.0639	3.62558e-41
21.0132	3.59058e-41
20.9622	3.55568e-41
20.911	3.5209e-41
20.8615	3.48749e-41
20.8102	3.45309e-41
20.7605	3.42009e-41
20.7106	3.38716e-41
20.6606	3.35439e-41
20.6105	3.32179e-41
20.5602	3.28931e-41
20.5116	3.25814e-41
20.4612	3.22608e-41
20.4123	3.19522e-41
20.3633	3.1645e-41
20.3142	3.13393e-41
20.265	3.10351e-41
20.2174	3.07428e-41
20.1679	3.04416e-41
20.1202	3.01532e-41
20.0723	2.98655e-41
20.0243	2.95792e-41
19.9761	2.92944e-41
19.9278	2.90109e-41
19.8812	2.87392e-41
19.8327	2.84584e-41
19.786	2.81897e-41
19.7372	2.79116e-41
19.6902	2.76451e-41
19.643	2.738e-41
19.5976	2.71262e-41
19.5502	2.68636e-41
19.5027	2.66023e-41
19.457	2.63528e-41
19.4111	2.61039e-41
19.3633	2.58464e-41
19.3171	2.55996e-41
19.2728	2.53641e-41
19.2264	2.512e-41
19.18	2.48771e-41
19.1353	2.4645e-41
19.0886	2.44044e-41
19.0437	2.41745e-41
18.9987	2.39458e-41
18.9536	2.37181e-41
18.9084	2.34915e-41
18.863	2.32661e-41
18.8195	2.3051e-41
18.774	2.28282e-41
18.7303	2.26152e-41
18.6864	2.24033e-41
18.6406	2.21831e-41
18.5965	2.19732e-41
18.5542	2.17733e-41
18.51	2.15653e-41
18.4656	2.13584e-41
18.423	2.11614e-41
18.3783	2.09559e-41
18.3356	2.07607e-41
18.2927	2.05665e-41
18.2497	2.03732e-41
18.2067	2.01808e-41
18.1635	1.99894e-41
18.1203	1.97988e-41
18.0789	1.96178e-41
18.0354	1.94291e-41
17.9938	1.92498e-41
17.9501	1.90628e-41
17.9084	1.88854e-41
17.8665	1.87087e-41
17.8245	1.85327e-41
17.7824	1.83577e-41
17.7403	1.81834e-41
17.6999	1.80178e-41
17.6575	1.78452e-41
17.617	1.76816e-41
17.5765	1.75187e-41
17.5339	1.73487e-41
17.4931	1.71874e-41
17.4522	1.70265e-41
17.4112	1.68667e-41
17.3702	1.67077e-41
17.3311	1.65573e-41
17.2899	1.63998e-41
17.2507	1.6251e-41
17.2092	1.60945e-41
17.1698	1.5947e-41
17.1302	1.58001e-41
17.0907	1.56541e-41
17.0508	1.55082e-41
17.011	1.53634e-41
16.9711	1.52193e-41
16.9311	1.50758e-41
16.8931	1.49404e-41
16.8529	1.47982e-41
16.8148	1.46642e-41
16.7744	1.45232e-41
16.736	1.43905e-41
16.6976	1.42584e-41
16.659	1.41265e-41
16.6205	1.39958e-41
16.5818	1.38655e-41
16.5429	1.37354e-41
16.5062	1.36137e-41
16.4673	1.34852e-41
16.4281	1.3357e-41
16.3912	1.32368e-41
16.3542	1.31173e-41
16.3148	1.29909e-41
16.2775	1.28723e-41
16.2403	1.27545e-41
16.2028	1.26368e-41
16.1653	1.25199e-41
16.1278	1.24036e-41
16.0923	1.22944e-41
16.0545	1.21791e-41
16.0189	1.20711e-41
15.981	1.19567e-41
15.9452	1.18497e-41
15.9071	1.17365e-41
15.8711	1.16304e-41
15.8351	1.15249e-41
15.799	1.14198e-41
15.7628	1.1315e-41
15.7265	1.1211e-41
15.6902	1.11075e-41
15.6537	1.10041e-41
15.6195	1.09079e-41
15.5829	1.08057e-41
15.5485	1.07104e-41
15.5117	1.0609e-41
15.4771	1.05145e-41
15.4425	1.04205e-41
15.4078	1.03269e-41
15.3707	1.02275e-41
15.3358	1.01347e-41
15.3009	1.00424e-41
15.2659	9.95055e-42
15.2331	9.86506e-42
15.1979	9.77399e-42
15.1626	9.68335e-42
15.1297	9.59913e-42
15.0942	9.50919e-42
15.0611	9.42575e-42
15.0256	9.33697e-42
14.9922	9.25418e-42
14.9589	9.17186e-42
14.9255	9.09001e-42
14.8896	9.00261e-42
14.856	8.92154e-42
14.8248	8.8466e-42
14.791	8.76602e-42
14.7573	8.68602e-42
14.7234	8.60638e-42
14.6895	8.52711e-42
14.6579	8.45384e-42
14.6238	8.3753e-42
14.5921	8.30259e-42
14.5578	8.22473e-42
14.526	8.15288e-42
14.4941	8.08124e-42
14.4621	8.01003e-42
14.4276	7.93365e-42
14.3954	7.8629e-42
14.3632	7.79264e-42
14.331	7.7227e-42
14.2987	7.65317e-42
14.2688	7.58911e-42
14.2363	7.52009e-42
14.2038	7.45147e-42
14.1711	7.38299e-42
14.141	7.32025e-42
14.1083	7.25254e-42
14.078	7.19035e-42
14.0451	7.12317e-42
14.0147	7.0617e-42
13.9843	7.0004e-42
13.9537	6.93923e-42
13.9232	6.87846e-42
13.8899	6.81282e-42
13.8593	6.75278e-42
13.8284	6.69276e-42
13.7976	6.63316e-42
13.7693	6.57879e-42
13.7384	6.51969e-42
13.7073	6.46078e-42
13.6762	6.40214e-42
13.6477	6.34887e-42
13.6164	6.2908e-42
13.5878	6.23791e-42
13.5565	6.18041e-42
13.5277	6.12805e-42
13.4963	6.07113e-42
13.4674	6.01923e-42
13.4384	5.96747e-42
13.4095	5.91613e-42
13.3804	5.86482e-42
13.3486	5.80918e-42
13.3195	5.75858e-42
13.2902	5.70799e-42
13.2637	5.66244e-42
13.2343	5.61239e-42
13.2049	5.56257e-42
13.1755	5.51302e-42
13.1459	5.46362e-42
13.1191	5.41901e-42
13.0895	5.37022e-42
13.0625	5.32598e-42
13.0328	5.27758e-42
13.0057	5.23376e-42
12.9758	5.18572e-42
12.9487	5.14239e-42
12.9187	5.09486e-42
12.8915	5.05189e-42
12.8641	5.00906e-42
12.8368	4.96656e-42
12.8093	4.92406e-42
12.7819	4.88197e-42
12.7543	4.83987e-42
12.7267	4.79801e-42
12.699	4.75638e-42
12.6714	4.71497e-42
12.6436	4.67369e-42
12.6158	4.63258e-42
12.5879	4.59169e-42
12.5628	4.55506e-42
12.5348	4.51451e-42
12.5095	4.47824e-42
12.4815	4.43811e-42
12.4562	4.40213e-42
12.428	4.36234e-42
12.4026	4.3267e-42
12.3742	4.28718e-42
12.3487	4.25184e-42
12.3231	4.21664e-42
12.2975	4.18168e-42
12.2689	4.14289e-42
12.2431	4.10808e-42
12.2174	4.0736e-42
12.1915	4.03916e-42
12.1656	4.00486e-42
12.1397	3.97079e-42
12.1137	3.93686e-42
12.0877	3.90302e-42
12.0645	3.87315e-42
12.0383	3.83957e-42
12.0121	3.80614e-42
11.9858	3.77292e-42
11.9625	3.74362e-42
11.9361	3.71063e-42
11.9127	3.68151e-42
11.8862	3.64882e-42
11.8627	3.62001e-42
11.836	3.5875e-42
11.8124	3.55892e-42
11.7888	3.53045e-42
11.762	3.4984e-42
11.7382	3.47012e-42
11.7144	3.44203e-42
11.6905	3.41397e-42
11.6666	3.38609e-42
11.6426	3.35828e-42
11.6186	3.33061e-42
11.5945	3.30302e-42
11.5703	3.27553e-42
11.5462	3.24823e-42
11.5219	3.22096e-42
11.4977	3.19387e-42
11.4764	3.17032e-42
11.4521	3.14344e-42
11.4276	3.11662e-42
11.4063	3.09341e-42
11.3817	3.06679e-42
11.3603	3.04376e-42
11.3357	3.01741e-42
11.3142	2.99452e-42
11.2894	2.96837e-42
11.2678	2.94565e-42
11.2462	2.92308e-42
11.2212	2.89719e-42
11.1995	2.87479e-42
11.1777	2.85244e-42
11.1559	2.8302e-42
11.1341	2.80807e-42
11.1121	2.78596e-42
11.0902	2.76399e-42
11.0682	2.7421e-42
11.0461	2.72026e-42
11.0241	2.69857e-42
11.002	2.67695e-42
10.9831	2.6586e-42
10.9609	2.63713e-42
10.9386	2.61571e-42
10.9163	2.5944e-42
10.8972	2.57631e-42
10.8747	2.55506e-42
10.8555	2.53708e-42
10.8363	2.51908e-42
10.8128	2.49734e-42
10.7928	2.4788e-42
10.7726	2.46033e-42
10.7525	2.44194e-42
10.7323	2.42361e-42
10.712	2.40535e-42
10.6917	2.38716e-42
10.6714	2.36904e-42
10.651	2.35098e-42
10.6307	2.333e-42
10.6102	2.31509e-42
10.5897	2.29724e-42
10.5692	2.27947e-42
10.5521	2.26471e-42
10.5315	2.24706e-42
10.5109	2.22948e-42
10.4902	2.21197e-42
10.4695	2.19453e-42
10.4487	2.17716e-42
10.4279	2.15986e-42
10.4106	2.14549e-42
10.3897	2.12832e-42
10.3688	2.11121e-42
10.3479	2.09417e-42
10.3304	2.08003e-42
10.3093	2.06312e-42
10.2883	2.04628e-42
10.2707	2.0323e-42
10.2495	2.01558e-42
10.2283	1.99894e-42
10.2106	1.98512e-42
10.1893	1.9686e-42
10.168	1.95216e-42
10.1502	1.9385e-42
10.1288	1.92218e-42
10.1109	1.90863e-42
10.0894	1.89244e-42
10.0679	1.87631e-42
10.0499	1.86292e-42
10.0283	1.84693e-42
10.0102	1.83365e-42
9.98853	1.81777e-42
9.9704	1.8046e-42
9.94861	1.78885e-42
9.93041	1.77579e-42
9.91218	1.76277e-42
9.89026	1.7472e-42
9.87196	1.73429e-42
9.84994	1.71886e-42
9.83156	1.70605e-42
9.81315	1.69329e-42
9.79101	1.67804e-42
9.77252	1.66538e-42
9.75399	1.65277e-42
9.73171	1.63771e-42
9.71311	1.62521e-42
9.69447	1.61275e-42
9.67579	1.60035e-42
9.65333	1.58552e-42
9.63458	1.57322e-42
9.61579	1.56097e-42
9.59696	1.54877e-42
9.57431	1.53419e-42
9.5554	1.52209e-42
9.53646	1.51004e-42
9.51747	1.49803e-42
9.49845	1.48608e-42
9.47939	1.47417e-42
9.46029	1.46231e-42
9.43731	1.44815e-42
9.41813	1.43639e-42
9.3989	1.42469e-42
9.37964	1.41303e-42
9.36034	1.40142e-42
9.34099	1.38986e-42
9.32161	1.37835e-42
9.30218	1.36689e-42
9.28272	1.35547e-42
9.26321	1.3441e-42
9.24367	1.33278e-42
9.22408	1.32151e-42
9.20445	1.31028e-42
9.18478	1.2991e-42
9.16506	1.28797e-42
9.14926	1.27911e-42
9.12947	1.26806e-42
9.10964	1.25707e-42
9.08976	1.24612e-42
9.06984	1.23522e-42
9.04988	1.22437e-42
9.02987	1.21357e-42
9.01383	1.20496e-42
8.99374	1.19424e-42
8.97361	1.18358e-42
8.95343	1.17295e-42
8.9332	1.16238e-42
8.91699	1.15396e-42
8.89668	1.14347e-42
8.87633	1.13303e-42
8.86001	1.12472e-42
8.83957	1.11436e-42
8.81909	1.10406e-42
8.79855	1.0938e-42
8.78209	1.08563e-42
8.76147	1.07546e-42
8.74494	1.06736e-42
8.72423	1.05728e-42
8.70348	1.04724e-42
8.68683	1.03925e-42
8.66599	1.0293e-42
8.64927	1.02138e-42
8.62834	1.01151e-42
8.60735	1.0017e-42
8.59052	9.9388e-43
8.56944	9.84151e-43
8.55254	9.76402e-43
8.53136	9.6676e-43
8.51438	9.5908e-43
8.49482	9.50287e-43
8.47563	9.41724e-43
8.45683	9.33389e-43
8.43756	9.24902e-43
8.41868	9.16642e-43
8.39975	9.08419e-43
8.38078	9.00233e-43
8.36176	8.92084e-43
8.34271	8.83973e-43
8.3236	8.75898e-43
8.3049	8.68043e-43
8.28571	8.60042e-43
8.26691	8.52258e-43
8.24807	8.4451e-43
8.22919	8.36797e-43
8.21027	8.2912e-43
8.1913	8.21478e-43
8.17229	8.13872e-43
8.15368	8.06477e-43
8.13458	7.9894e-43
8.11588	7.91614e-43
8.09714	7.84321e-43
8.0779	7.76889e-43
8.05907	7.69664e-43
8.04065	7.62644e-43
8.02173	7.55487e-43
8.00277	7.48363e-43
7.98421	7.41441e-43
7.96516	7.34384e-43
7.94652	7.27527e-43
7.92783	7.20703e-43
7.90864	7.13745e-43
7.88987	7.06986e-43
7.8715	7.00423e-43
7.85264	6.93727e-43
7.83373	6.87064e-43
7.81524	6.80594e-43
7.79623	6.73994e-43
7.77765	6.67587e-43
7.75902	6.6121e-43
7.74035	6.54863e-43
7.72164	6.48548e-43
7.70287	6.42262e-43
7.68407	6.36008e-43
7.66521	6.29784e-43
7.64678	6.23745e-43
7.62831	6.17736e-43
7.60932	6.11602e-43
7.59076	6.05652e-43
7.57215	5.9973e-43
7.55349	5.93838e-43
7.53479	5.87975e-43
7.51604	5.82141e-43
7.49773	5.76484e-43
7.47889	5.70708e-43
7.46049	5.65107e-43
7.44204	5.59535e-43
7.42306	5.53844e-43
7.40452	5.48327e-43
7.38593	5.42838e-43
7.36729	5.37377e-43
7.3491	5.32086e-43
7.33037	5.26679e-43
7.3116	5.213e-43
7.29327	5.16089e-43
7.27439	5.10764e-43
7.25597	5.05606e-43
7.2375	5.00474e-43
7.21898	4.95369e-43
7.20042	4.90289e-43
7.18181	4.85236e-43
7.16365	4.80345e-43
7.14494	4.75343e-43
7.12669	4.70502e-43
7.10789	4.65553e-43
7.08954	4.60762e-43
7.07115	4.55996e-43
7.05271	4.51255e-43
7.03422	4.46538e-43
7.01568	4.41847e-43
6.99709	4.3718e-43
6.97897	4.32667e-43
6.96029	4.28049e-43
6.94207	4.23583e-43
6.92329	4.19014e-43
6.90497	4.14596e-43
6.88661	4.10201e-43
6.8682	4.0583e-43
6.84974	4.01482e-43
6.83176	3.97281e-43
6.81321	3.92979e-43
6.7946	3.88701e-43
6.77647	3.84567e-43
6.75776	3.80335e-43
6.73954	3.76247e-43
6.72126	3.7218e-43
6.70294	3.68136e-43
6.68456	3.64114e-43
6.66614	3.60113e-43
6.64766	3.56135e-43
6.62913	3.52179e-43
6.6111	3.48361e-43
6.59247	3.44449e-43
6.57434	3.40673e-43
6.55615	3.36917e-43
6.53792	3.33183e-43
6.51964	3.29469e-43
6.5013	3.25776e-43
6.48291	3.22104e-43
6.46447	3.18453e-43
6.44598	3.14823e-43
6.42799	3.11323e-43
6.4094	3.07733e-43
6.39131	3.04273e-43
6.37317	3.00832e-43
6.35441	2.97304e-43
6.33617	2.93902e-43
6.31787	2.90521e-43
6.29952	2.87159e-43
6.2817	2.8392e-43
6.26324	2.80597e-43
6.24473	2.77293e-43
6.22675	2.74111e-43
6.20871	2.70947e-43
6.19004	2.67701e-43
6.1719	2.64575e-43
6.1537	2.61467e-43
6.13545	2.58377e-43
6.11714	2.55306e-43
6.09878	2.52254e-43
6.08096	2.49317e-43
6.06249	2.463e-43
6.04397	2.43302e-43
6.02598	2.40418e-43
6.00795	2.37551e-43
5.98925	2.34607e-43
5.97111	2.31775e-43
5.9529	2.28961e-43
5.93464	2.26163e-43
5.91633	2.23383e-43
5.89857	2.20712e-43
5.88014	2.17966e-43
5.86227	2.15327e-43
5.84373	2.12615e-43
5.82575	2.10009e-43
5.8071	2.07331e-43
5.789	2.04758e-43
5.77085	2.02201e-43
5.75264	1.9966e-43
5.73438	1.97135e-43
5.71669	1.94713e-43
5.69831	1.92219e-43
5.67987	1.89742e-43
5.66201	1.87366e-43
5.64345	1.84921e-43
5.62547	1.82575e-43
5.60743	1.80244e-43
5.58869	1.77845e-43
5.57054	1.75545e-43
5.55233	1.7326e-43
5.53471	1.7107e-43
5.51638	1.68814e-43
5.49799	1.66573e-43
5.47953	1.64347e-43
5.46168	1.62215e-43
5.44376	1.60096e-43
5.42513	1.57914e-43
5.40709	1.55824e-43
5.389	1.53748e-43
5.37084	1.51686e-43
5.35263	1.49638e-43
5.33435	1.47604e-43
5.31601	1.45583e-43
5.29828	1.43651e-43
5.27982	1.41658e-43
5.26197	1.39752e-43
5.24338	1.37786e-43
5.22541	1.35907e-43
5.20738	1.3404e-43
5.18929	1.32186e-43
5.17043	1.30274e-43
5.15221	1.28447e-43
5.13462	1.26702e-43
5.11627	1.249e-43
5.09786	1.23111e-43
5.08008	1.21402e-43
5.06154	1.19638e-43
5.04364	1.17954e-43
5.02495	1.16216e-43
5.00692	1.14556e-43
4.98883	1.12909e-43
4.97067	1.11273e-43
4.95244	1.09649e-43
4.93415	1.08038e-43
4.91578	1.06438e-43
4.89735	1.0485e-43
4.87959	1.03337e-43
4.86102	1.01772e-43
4.84313	1.00282e-43
4.82517	9.8802e-44
4.80639	9.72724e-44
4.78829	9.58152e-44
4.77012	9.4369e-44
4.75189	9.29338e-44
4.73358	9.15096e-44
4.71521	9.00964e-44
4.69753	8.87524e-44
4.67901	8.73608e-44
4.66042	8.59802e-44
4.64253	8.46674e-44
4.62379	8.33083e-44
4.60576	8.20161e-44
4.58766	8.07341e-44
4.56949	7.94622e-44
4.55124	7.82004e-44
4.53293	7.69486e-44
4.51453	7.5707e-44
4.49607	7.44755e-44
4.47752	7.32541e-44
4.45971	7.20953e-44
4.44102	7.08936e-44
4.42306	6.97537e-44
4.40503	6.8623e-44
4.3861	6.74508e-44
4.36792	6.6339e-44
4.34966	6.52364e-44
4.33132	6.41431e-44
4.31291	6.30591e-44
4.29442	6.19843e-44
4.27669	6.09669e-44
4.25804	5.99102e-44
4.23931	5.88627e-44
4.22135	5.78714e-44
4.20246	5.6842e-44
4.18434	5.58679e-44
4.16615	5.49023e-44
4.14787	5.39451e-44
4.12952	5.29964e-44
4.11108	5.2056e-44
4.09256	5.11241e-44
4.07395	5.02006e-44
4.05526	4.92855e-44
4.03738	4.84218e-44
4.01852	4.75232e-44
4.00048	4.66752e-44
3.98144	4.5793e-44
3.96323	4.49606e-44
3.94493	4.41359e-44
3.92563	4.32781e-44
3.90715	4.24691e-44
3.88859	4.16676e-44
3.87088	4.09134e-44
3.85214	4.01268e-44
3.83331	3.93479e-44
3.81439	3.85766e-44
3.79633	3.7851e-44
3.77722	3.70946e-44
3.75898	3.63831e-44
3.74065	3.56786e-44
3.72223	3.49809e-44
3.70372	3.429e-44
3.68512	3.36061e-44
3.66642	3.29291e-44
3.64763	3.2259e-44
3.62873	3.15957e-44
3.60974	3.09394e-44
3.59166	3.03239e-44
3.57247	2.9681e-44
3.5542	2.90782e-44
3.53481	2.84487e-44
3.51634	2.78587e-44
3.49777	2.72749e-44
3.4791	2.66972e-44
3.46034	2.61257e-44
3.44147	2.55605e-44
3.42249	2.50014e-44
3.40342	2.44484e-44
3.38423	2.39017e-44
3.36601	2.3391e-44
3.34661	2.28563e-44
3.32818	2.2357e-44
3.30965	2.18632e-44
3.28992	2.13463e-44
3.27117	2.08639e-44
3.25232	2.0387e-44
3.23335	1.99155e-44
3.21428	1.94496e-44
3.19509	1.89893e-44
3.17692	1.8561e-44
3.1575	1.81113e-44
3.13797	1.76671e-44
3.11947	1.72541e-44
3.09969	1.68207e-44
3.08096	1.64178e-44
3.06212	1.60197e-44
3.04316	1.56266e-44
3.02288	1.52142e-44
3.00367	1.48311e-44
2.98555	1.44764e-44
2.9661	1.41028e-44
2.94652	1.37341e-44
2.92681	1.33703e-44
2.90822	1.30336e-44
2.88825	1.26792e-44
2.8694	1.23514e-44
2.85042	1.20279e-44
2.83004	1.16876e-44
2.8108	1.1373e-44
2.79143	1.10627e-44
2.77193	1.07566e-44
2.75228	1.04549e-44
2.73249	1.01574e-44
2.7139	9.88369e-45
2.69383	9.59454e-45
2.67429	9.31911e-45
2.6546	9.0477e-45
2.6349	8.78212e-45
2.6152	8.52231e-45
2.59548	8.26817e-45
2.57575	8.01963e-45
2.55587	7.77488e-45
2.53612	7.53732e-45
2.51622	7.30345e-45
2.4963	7.0749e-45
2.47637	6.8516e-45
2.45642	6.63348e-45
2.43646	6.42045e-45
2.41648	6.21243e-45
2.39634	6.00785e-45
2.37632	5.80966e-45
2.3563	5.61627e-45
2.3361	5.42614e-45
2.31588	5.24071e-45
2.29564	5.05989e-45
2.27522	4.88224e-45
2.25494	4.71045e-45
2.23464	4.54306e-45
2.21415	4.37869e-45
2.19363	4.21862e-45
2.17325	4.06402e-45
2.15268	3.9123e-45
2.13208	3.76467e-45
2.11145	3.62106e-45
2.09079	3.48139e-45
2.06992	3.34447e-45
2.04919	3.21251e-45
2.02826	3.08321e-45
2.00746	2.95868e-45
1.98663	2.83777e-45
1.96558	2.71937e-45
1.94448	2.6045e-45
1.92335	2.49308e-45
1.90216	2.38505e-45
1.88094	2.28034e-45
1.85966	2.1789e-45
1.83833	2.08066e-45
1.81676	1.98468e-45
1.79533	1.89267e-45
1.77384	1.80367e-45
1.75209	1.71682e-45
1.73048	1.63368e-45
1.7086	1.55261e-45
1.68687	1.47511e-45
1.66485	1.39958e-45
1.64298	1.32747e-45
1.62081	1.25726e-45
1.59856	1.18963e-45
1.57623	1.12453e-45
1.55404	1.06253e-45
1.53153	1.0023e-45
1.50893	9.44414e-46
1.48646	8.89419e-46
1.46365	8.36074e-46
1.44074	7.84925e-46
1.41796	7.3645e-46
1.39481	6.8952e-46
1.3718	6.45128e-46
1.34839	6.02212e-46
1.32512	5.61698e-46
1.30143	5.22596e-46
1.27787	4.85764e-46
1.25444	4.51108e-46
1.23056	4.17734e-46
1.20652	3.86026e-46
1.18259	3.56306e-46
1.15849	3.28131e-46
1.13419	3.01455e-46
1.10968	2.76234e-46
1.08529	2.52735e-46
1.06068	2.30578e-46
1.03618	2.10002e-46
1.01145	1.90658e-46
0.986829	1.72761e-46
0.961955	1.5599e-46
0.936806	1.40306e-46
0.912154	1.2611e-46
0.886817	1.12671e-46
0.861995	1.00576e-46
0.836868	8.93517e-47
0.811677	7.90692e-47
0.786415	6.96755e-47
0.761075	6.11198e-47
0.735599	5.33381e-47
290.995	1.44854e-32
293.905	7.10286e-34
296.844	2.97881e-34
299.813	1.70728e-34
302.811	1.12829e-34
305.839	8.10614e-35
308.898	6.15617e-35
311.987	4.86496e-35
315.106	3.96168e-35
318.257	3.30277e-35
321.44	2.80604e-35
324.654	2.42142e-35
327.901	2.11698e-35
331.18	1.87148e-35
334.492	1.67035e-35
337.837	1.5033e-35
341.215	1.36288e-35
344.627	1.24361e-35
348.073	1.14135e-35
351.554	1.05294e-35
355.07	9.75928e-36
358.62	9.08391e-36
362.207	8.48798e-36
365.829	7.95919e-36
369.487	7.48756e-36
373.182	7.06493e-36
376.914	6.68456e-36
380.683	6.34084e-36
384.49	6.02909e-36
388.335	5.74535e-36
392.218	5.48627e-36
396.14	5.24899e-36
400.101	5.03106e-36
404.103	4.83038e-36
408.144	4.64511e-36
412.225	4.47368e-36
416.347	4.3147e-36
420.511	4.16696e-36
424.716	4.0294e-36
428.963	3.90107e-36
433.253	3.78114e-36
437.585	3.66887e-36
441.961	3.56361e-36
446.381	3.46477e-36
450.844	3.37183e-36
455.353	3.28431e-36
459.906	3.20178e-36
464.505	3.12387e-36
469.15	3.05023e-36
473.842	2.98054e-36
478.58	2.91452e-36
483.366	2.85192e-36
488.2	2.79249e-36
493.082	2.73602e-36
498.013	2.68231e-36
502.993	2.63118e-36
508.023	2.58246e-36
513.103	2.53601e-36
518.234	2.49169e-36
523.416	2.44936e-36
528.65	2.4089e-36
533.937	2.3702e-36
539.276	2.33317e-36
544.669	2.2977e-36
550.116	2.26372e-36
555.617	2.23113e-36
561.173	2.19986e-36
566.785	2.16984e-36
572.453	2.14101e-36
578.177	2.1133e-36
583.959	2.08666e-36
589.799	2.06103e-36
595.697	2.03635e-36
601.654	2.0126e-36
607.67	1.98971e-36
613.747	1.96765e-36
619.884	1.94638e-36
626.083	1.92587e-36
632.344	1.90607e-36
638.667	1.88695e-36
645.054	1.86849e-36
651.505	1.85066e-36
658.02	1.83342e-36
664.6	1.81676e-36
671.246	1.80065e-36
677.958	1.78506e-36
684.738	1.76997e-36
691.585	1.75537e-36
698.501	1.74122e-36
705.486	1.72753e-36
712.541	1.71426e-36
719.666	1.70139e-36
726.863	1.68893e-36
734.132	1.67684e-36
741.473	1.66511e-36
748.888	1.65373e-36
756.377	1.64269e-36
763.94	1.63198e-36
771.58	1.62158e-36
779.296	1.61148e-36
787.089	1.60167e-36
794.959	1.59214e-36
802.909	1.58287e-36
810.938	1.57388e-36
819.047	1.56513e-36
827.238	1.55662e-36
835.51	1.54835e-36
843.865	1.54031e-36
852.304	1.53248e-36
860.827	1.52487e-36
869.435	1.51746e-36
878.13	1.51025e-36
886.911	1.50324e-36
895.78	1.4964e-36
904.738	1.48975e-36
913.785	1.48327e-36
922.923	1.47696e-36
932.152	1.47082e-36
941.474	1.46483e-36
950.889	1.45899e-36
960.398	1.45331e-36
970.002	1.44776e-36
979.702	1.44236e-36
989.499	1.43709e-36
999.394	1.43196e-36
1009.39	1.42695e-36
1019.48	1.42207e-36
1029.68	1.41731e-36
1039.97	1.41266e-36
1050.37	1.40813e-36
1060.88	1.40371e-36
1071.49	1.39939e-36
1082.2	1.39518e-36
1093.02	1.39107e-36
1103.95	1.38706e-36
1114.99	1.38314e-36
1126.14	1.37932e-36
1137.4	1.37559e-36
1148.78	1.37195e-36
1160.26	1.36839e-36
1171.87	1.36492e-36
1183.59	1.36152e-36
1195.42	1.35821e-36
1207.38	1.35497e-36
1219.45	1.35181e-36
1231.64	1.34872e-36
1243.96	1.3457e-36
1256.4	1.34275e-36
1268.96	1.33987e-36
1281.65	1.33705e-36
1294.47	1.3343e-36
1307.42	1.33161e-36
1320.49	1.32898e-36
1333.69	1.32641e-36
1347.03	1.3239e-36
1360.5	1.32144e-36
1374.11	1.31904e-36
1387.85	1.31669e-36
1401.73	1.3144e-36
1415.74	1.31215e-36
1429.9	1.30995e-36
1444.2	1.30781e-36
1458.64	1.30571e-36
1473.23	1.30365e-36
1487.96	1.30165e-36
1502.84	1.29968e-36
1517.87	1.29776e-36
1533.05	1.29588e-36
1548.38	1.29404e-36
1563.86	1.29224e-36
1579.5	1.29048e-36
1595.3	1.28876e-36
1611.25	1.28707e-36
1627.36	1.28542e-36
1643.63	1.28381e-36
1660.07	1.28223e-36
1676.67	1.28068e-36
1693.44	1.27917e-36
1710.37	1.27769e-36
1727.48	1.27624e-36
1744.75	1.27482e-36
1762.2	1.27343e-36
1779.82	1.27207e-36
1797.62	1.27074e-36
1815.6	1.26943e-36
1833.75	1.26816e-36
1852.09	1.26691e-36
1870.61	1.26569e-36
1889.32	1.26449e-36
1908.21	1.26332e-36
1927.29	1.26217e-36
1946.56	1.26104e-36
1966.03	1.25994e-36
1985.69	1.25886e-36
2005.55	1.25781e-36
2025.6	1.25677e-36
2045.86	1.25576e-36
2066.32	1.25476e-36
2086.98	1.25379e-36
2107.85	1.25284e-36
2128.93	1.25191e-36
2150.22	1.25099e-36
2171.72	1.2501e-36
2193.44	1.24922e-36
2215.37	1.24836e-36
2237.52	1.24752e-36
2259.9	1.24669e-36
2282.5	1.24588e-36
2305.32	1.24509e-36
2328.38	1.24431e-36
2351.66	1.24355e-36
2375.18	1.24281e-36
2398.93	1.24207e-36
2422.92	1.24136e-36
2447.15	1.24066e-36
2471.62	1.23997e-36
2496.34	1.23929e-36
2521.3	1.23863e-36
2546.51	1.23798e-36
2571.98	1.23734e-36
2597.7	1.23672e-36
2623.67	1.23611e-36
2649.91	1.23551e-36
2676.41	1.23492e-36
2703.17	1.23434e-36
2730.21	1.23378e-36
2757.51	1.23322e-36
2785.08	1.23268e-36
2812.93	1.23214e-36
2841.06	1.23162e-36
2869.47	1.23111e-36
2898.17	1.2306e-36
2927.15	1.23011e-36
2956.42	1.22962e-36
2985.99	1.22914e-36
3015.85	1.22868e-36
3046	1.22822e-36
3076.46	1.22777e-36
3107.23	1.22732e-36
3138.3	1.22689e-36
3169.68	1.22646e-36
3201.38	1.22604e-36
3233.39	1.22563e-36
3265.73	1.22523e-36
3298.39	1.22483e-36
3331.37	1.22444e-36
3364.68	1.22406e-36
3398.33	1.22368e-36
3432.31	1.22331e-36
3466.64	1.22295e-36
3501.3	1.22259e-36
3536.32	1.22224e-36
3571.68	1.2219e-36
3607.4	1.22156e-36
3643.47	1.22122e-36
3679.9	1.2209e-36
3716.7	1.22057e-36
3753.87	1.22025e-36
3791.41	1.21994e-36
3829.32	1.21963e-36
3867.62	1.21933e-36
3906.29	1.21903e-36
3945.36	1.21874e-36
3984.81	1.21845e-36
4024.66	1.21817e-36
4064.9	1.21789e-36
4105.55	1.21761e-36
4146.61	1.21734e-36
4188.07	1.21707e-36
4229.96	1.2168e-36
4272.25	1.21654e-36
4314.98	1.21629e-36
4358.13	1.21603e-36
4401.71	1.21578e-36
4445.73	1.21553e-36
4490.18	1.21529e-36
4535.08	1.21505e-36
4580.44	1.21481e-36
4626.24	1.21458e-36
4672.5	1.21434e-36
4719.23	1.21411e-36
4766.42	1.21389e-36
4814.08	1.21366e-36
4862.22	1.21344e-36
4910.85	1.21322e-36
4959.95	1.213e-36
5009.55	1.21279e-36
5059.65	1.21257e-36
5110.25	1.21236e-36
5161.35	1.21215e-36
5212.96	1.21194e-36
5265.09	1.21174e-36
5317.74	1.21153e-36
5370.92	1.21133e-36
5424.63	1.21113e-36
5478.88	1.21093e-36
5533.66	1.21073e-36
5589	1.21053e-36
5644.89	1.21033e-36
5701.34	1.21014e-36
5758.35	1.20994e-36
5815.94	1.20975e-36
5874.1	1.20955e-36
5932.84	1.20936e-36
5992.17	1.20917e-36
6052.09	1.20898e-36
6112.61	1.20879e-36
6173.73	1.2086e-36
6235.47	1.20841e-36
6297.83	1.20822e-36
6360.8	1.20803e-36
6424.41	1.20784e-36
6488.66	1.20765e-36
6553.54	1.20746e-36
6619.08	1.20727e-36
6685.27	1.20708e-36
6752.12	1.20689e-36
6819.64	1.2067e-36
6887.84	1.20651e-36
6956.72	1.20632e-36
7026.29	1.20613e-36
7096.55	1.20594e-36
7167.51	1.20574e-36
7239.19	1.20555e-36
7311.58	1.20536e-36
7384.7	1.20516e-36
7458.54	1.20496e-36
7533.13	1.20477e-36
7608.46	1.20457e-36
7684.55	1.20437e-36
7761.39	1.20417e-36
7839	1.20396e-36
7917.39	1.20376e-36
7996.57	1.20355e-36
8076.53	1.20335e-36
8157.3	1.20314e-36
8238.87	1.20293e-36
8321.26	1.20271e-36
8404.47	1.2025e-36
8488.52	1.20228e-36
8573.4	1.20206e-36
8659.14	1.20184e-36
8745.73	1.20162e-36
8833.19	1.20139e-36
8921.52	1.20116e-36
9010.73	1.20093e-36
9100.84	1.2007e-36
9191.85	1.20046e-36
9283.77	1.20022e-36
9376.61	1.19998e-36
9470.37	1.19973e-36
9565.08	1.19949e-36
9660.73	1.19923e-36
9757.33	1.19898e-36
9854.91	1.19872e-36
9953.46	1.19846e-36
10053	1.19819e-36
10153.5	1.19792e-36
10255.1	1.19765e-36
10357.6	1.19737e-36
10461.2	1.19709e-36
10565.8	1.1968e-36
10671.5	1.19651e-36
10778.2	1.19622e-36
10885.9	1.19592e-36
10994.8	1.19562e-36
11104.8	1.19531e-36
11215.8	1.19499e-36
11328	1.19467e-36
11441.2	1.19435e-36
11555.7	1.19402e-36
11671.2	1.19369e-36
11787.9	1.19335e-36
11905.8	1.193e-36
12024.9	1.19265e-36
12145.1	1.19229e-36
12266.6	1.19193e-36
12389.2	1.19156e-36
12513.1	1.19118e-36
12638.2	1.1908e-36
12764.6	1.19041e-36
12892.3	1.19002e-36
13021.2	1.18961e-36
13151.4	1.1892e-36
13282.9	1.18879e-36
13415.8	1.18836e-36
13549.9	1.18793e-36
13685.4	1.18749e-36
13822.3	1.18704e-36
13960.5	1.18659e-36
14100.1	1.18612e-36
14241.1	1.18565e-36
14383.5	1.18517e-36
14527.3	1.18468e-36
14672.6	1.18418e-36
14819.3	1.18367e-36
14967.5	1.18315e-36
15117.2	1.18262e-36
15268.4	1.18208e-36
15421.1	1.18154e-36
15575.3	1.18098e-36
15731	1.18041e-36
15888.3	1.17983e-36
16047.2	1.17924e-36
16207.7	1.17864e-36
16369.8	1.17803e-36
16533.5	1.1774e-36
16698.8	1.17676e-36
16865.8	1.17612e-36
17034.4	1.17546e-36
17204.8	1.17478e-36
17376.8	1.1741e-36
17550.6	1.1734e-36
17726.1	1.17268e-36
17903.4	1.17196e-36
18082.4	1.17122e-36
18263.2	1.17046e-36
18445.9	1.16969e-36
18630.3	1.16891e-36
18816.6	1.16811e-36
19004.8	1.1673e-36
19194.8	1.16647e-36
19386.8	1.16562e-36
19580.7	1.16476e-36
19776.5	1.16388e-36
19974.2	1.16298e-36
20174	1.16207e-36
20375.7	1.16114e-36
20579.5	1.16019e-36
20785.3	1.15922e-36
20993.1	1.15823e-36
21203	1.15722e-36
21415.1	1.1562e-36
21629.2	1.15515e-36
21845.5	1.15409e-36
22064	1.153e-36
22284.6	1.15189e-36
22507.5	1.15076e-36
22732.5	1.14961e-36
22959.9	1.14844e-36
23189.5	1.14724e-36
23421.4	1.14602e-36
23655.6	1.14477e-36
23892.1	1.14351e-36
24131	1.14221e-36
24372.4	1.14089e-36
24616.1	1.13955e-36
24862.2	1.13818e-36
25110.9	1.13678e-36
25362	1.13536e-36
25615.6	1.13391e-36
25871.7	1.13243e-36
26130.5	1.13092e-36
26391.8	1.12938e-36
26655.7	1.12781e-36
26922.2	1.12621e-36
27191.5	1.12458e-36
27463.4	1.12292e-36
27738	1.12122e-36
28015.4	1.1195e-36
28295.6	1.11774e-36
28578.5	1.11594e-36
28864.3	1.11411e-36
29152.9	1.11224e-36
29444.5	1.11034e-36
29738.9	1.1084e-36
30036.3	1.10643e-36
30336.7	1.10441e-36
30640	1.10236e-36
30946.4	1.10026e-36
31255.9	1.09813e-36
31568.4	1.09595e-36
31884.1	1.09374e-36
32203	1.09148e-36
32525	1.08917e-36
32850.3	1.08682e-36
33178.8	1.08443e-36
33510.5	1.08199e-36
33845.7	1.0795e-36
34184.1	1.07697e-36
34525.9	1.07438e-36
34871.2	1.07175e-36
35219.9	1.06906e-36
35572.1	1.06633e-36
35927.8	1.06354e-36
36287.1	1.0607e-36
36650	1.0578e-36
37016.5	1.05485e-36
37386.7	1.05184e-36
37760.5	1.04878e-36
38138.1	1.04565e-36
38519.5	1.04247e-36
38904.7	1.03923e-36
39293.8	1.03592e-36
39686.7	1.03255e-36
40083.6	1.02912e-36
40484.4	1.02562e-36
40889.2	1.02206e-36
41298.1	1.01843e-36
41711.1	1.01473e-36
42128.2	1.01096e-36
42549.5	1.00712e-36
42975	1.00321e-36
43404.7	9.99228e-37
43838.8	9.95169e-37
44277.2	9.91034e-37
44720	9.86822e-37
45167.2	9.82531e-37
45618.8	9.78161e-37
46075	9.7371e-37
46535.8	9.69176e-37
47001.1	9.64559e-37
47471.1	9.59856e-37
47945.8	9.55067e-37
48425.3	9.50189e-37
48909.6	9.45223e-37
49398.6	9.40165e-37
49892.6	9.35016e-37
50391.6	9.29772e-37
50895.5	9.24434e-37
51404.4	9.18998e-37
51918.5	9.13465e-37
52437.7	9.07832e-37
52962	9.02097e-37
53491.7	8.9626e-37
54026.6	8.90319e-37
54566.8	8.84272e-37
55112.5	8.78117e-37
55663.6	8.71854e-37
56220.3	8.6548e-37
56782.5	8.58995e-37
57350.3	8.52395e-37
57923.8	8.45681e-37
58503	8.3885e-37
59088.1	8.31901e-37
59679	8.24832e-37
60275.7	8.17642e-37
60878.5	8.10328e-37
61487.3	8.02891e-37
62102.2	7.95328e-37
62723.2	7.87637e-37
63350.4	7.79817e-37
63983.9	7.71868e-37
64623.8	7.63786e-37
65270	7.55571e-37
65922.7	7.47222e-37
66581.9	7.38737e-37
67247.7	7.30115e-37
67920.2	7.21354e-37
68599.4	7.12454e-37
69285.4	7.03412e-37
69978.3	6.94229e-37
70678	6.84903e-37
71384.8	6.75433e-37
72098.7	6.65818e-37
72819.7	6.56057e-37
73547.9	6.46149e-37
74283.3	6.36095e-37
75026.2	6.25892e-37
75776.4	6.15542e-37
76534.2	6.05042e-37
77299.5	5.94394e-37
78072.5	5.83597e-37
78853.3	5.72652e-37
79641.8	5.61557e-37
80438.2	5.50315e-37
81242.6	5.38925e-37
82055	5.27388e-37
82875.6	5.15705e-37
83704.3	5.03878e-37
84541.4	4.91907e-37
85386.8	4.79796e-37
86240.6	4.67545e-37
87103.1	4.55157e-37
87974.1	4.42635e-37
88853.8	4.29981e-37
89742.4	4.172e-37
90639.8	4.04296e-37
91546.2	3.91272e-37
92461.6	3.78133e-37
93386.3	3.64886e-37
94320.1	3.51535e-37
95263.3	3.38088e-37
96216	3.24552e-37
97178.1	3.10935e-37
98149.9	2.97247e-37
99131.4	2.83497e-37
100123	2.69696e-37
101124	2.55856e-37
102135	2.4199e-37
103157	2.28114e-37
104188	2.14243e-37
105230	2.00395e-37
106282	1.86591e-37
107345	1.72851e-37
108419	1.59201e-37
109503	1.45668e-37
110598	1.32282e-37
111704	1.19078e-37
112821	1.06093e-37
113949	9.33732e-38
115088	8.09679e-38
116239	6.89357e-38
117402	5.73453e-38
118576	4.62786e-38
119762	3.58356e-38
120959	2.61423e-38
122169	1.73652e-38
123390	9.74075e-39
124624	3.65572e-39
125871	5.3056e-41
