1e-06	5.68546e-29
1.1e-06	1.21873e-28
1.21e-06	2.61245e-28
1.331e-06	5.60003e-28
1.4641e-06	1.20042e-27
1.61051e-06	2.5732e-27
1.77156e-06	5.51588e-27
1.94872e-06	1.18238e-26
2.14359e-06	2.53453e-26
2.35795e-06	5.43299e-26
2.59374e-06	1.16461e-25
2.85312e-06	2.49645e-25
3.13843e-06	5.35135e-25
3.45227e-06	1.14711e-24
3.7975e-06	2.45893e-24
4.17725e-06	5.27094e-24
4.59497e-06	1.12987e-23
5.05447e-06	2.42198e-23
5.55992e-06	5.19173e-23
6.11591e-06	1.11289e-22
6.7275e-06	2.38559e-22
7.40025e-06	5.11372e-22
8.14027e-06	1.09617e-21
8.9543e-06	2.34974e-21
9.84973e-06	5.03688e-21
1.08347e-05	1.0797e-20
1.19182e-05	2.31443e-20
1.311e-05	4.96119e-20
1.4421e-05	1.06348e-19
1.58631e-05	2.27965e-19
1.74494e-05	4.88664e-19
1.91943e-05	1.04749e-18
2.11138e-05	2.2454e-18
2.32252e-05	4.81321e-18
2.55477e-05	1.03175e-17
2.81024e-05	2.21166e-17
3.09127e-05	4.74088e-17
3.40039e-05	1.01625e-16
3.74043e-05	2.17842e-16
4.11448e-05	4.66964e-16
4.52593e-05	1.00098e-15
4.97852e-05	2.14569e-15
5.47637e-05	4.59947e-15
6.02401e-05	9.85938e-15
6.62641e-05	2.11345e-14
7.28905e-05	4.53036e-14
8.01795e-05	9.71122e-14
8.81975e-05	2.08169e-13
9.70172e-05	4.46228e-13
0.000106719	9.5653e-13
0.000117391	2.05023e-12
0.00012913	4.39423e-12
0.000142043	9.41814e-12
0.000156247	2.01858e-11
0.000171872	4.32634e-11
0.000189059	9.27262e-11
0.000207965	1.98726e-10
0.000228762	4.25885e-10
0.000251638	9.12666e-10
0.000276801	1.95576e-09
0.000304482	4.19065e-09
0.00033493	8.9787e-09
0.000368423	1.92355e-08
0.000405265	4.12044e-08
0.000445792	8.82508e-08
0.000490371	1.88981e-07
0.000539408	4.04599e-07
0.000593349	8.66004e-07
0.000652683	1.85302e-06
0.000717952	3.96349e-06
0.000789747	8.4738e-06
0.000868722	1.81068e-05
0.000955594	3.8665e-05
0.00105115	8.2499e-05
0.00115627	0.000175858
0.0012719	0.000374435
0.00139908	0.000796138
0.00153899	0.00168996
0.00169289	0.00358014
0.00186218	0.00756635
0.0020484	0.0159455
0.00225324	0.0334903
0.00247856	0.0700581
0.00272642	0.145862
0.00299906	0.302008
0.00329897	0.621274
0.00362887	1.26852
0.00399175	2.56799
0.00439093	5.14843
0.00483002	10.2107
0.00531302	20.0115
0.00584432	38.7218
0.00642876	73.9277
0.00707163	139.221
0.0077788	258.644
0.00855668	474.288
0.00941234	859.29
0.0103536	1540.05
0.0113889	2734.22
0.0125278	4815.35
0.0137806	8422.84
0.0151587	14648
0.0166745	25348.4
0.018342	43677.6
0.0201762	74975.4
0.0221938	128261
0.0244132	218728
0.0268545	371904
0.02954	630556
0.032494	1.06611e+06
0.0357434	1.79748e+06
0.0393177	3.02183e+06
0.0432495	5.06472e+06
0.0475744	8.46107e+06
0.0523319	1.40848e+07
0.057565	2.33542e+07
0.0633215	3.85536e+07
0.0696537	6.33287e+07
0.0766191	1.03439e+08
0.084281	1.67874e+08
0.0927091	2.70482e+08
0.10198	4.32282e+08
0.112178	6.84689e+08
0.123396	1.07394e+09
0.135735	1.66717e+09
0.149309	2.56078e+09
0.16424	3.89252e+09
0.180664	5.85937e+09
0.19873	8.74484e+09
0.218603	1.29608e+10
0.240463	1.91105e+10
0.26451	2.80822e+10
0.290961	4.1184e+10
0.320057	6.03392e+10
0.352063	8.83685e+10
0.387269	1.29403e+11
0.425996	1.8949e+11
0.468595	2.77485e+11
0.515455	4.0636e+11
0.567	5.95117e+11
0.6237	8.71606e+11
0.68607	1.27664e+12
0.754677	1.87006e+12
0.830145	2.73961e+12
0.91316	4.01402e+12
1.00448	5.88214e+12
1.10492	8.62145e+12
1.21542	1.26394e+13
1.33696	1.85358e+13
1.47065	2.71957e+13
1.61772	3.99764e+13
1.77949	5.87217e+13
1.95744	8.64422e+13
2.15318	1.34766e+14
2.3685	1.90732e+14
2.60535	2.87572e+14
2.86589	4.8061e+14
3.15247	7.56263e+14
3.46772	1.23129e+15
3.81449	5.32641e+15
4.19594	4.59194e+15
4.61554	9.23014e+15
5.07709	3.44316e+16
5.5848	7.11515e+16
6.14328	1.17685e+17
6.75761	1.63648e+18
7.43337	6.89383e+17
8.17671	2.62943e+18
8.99438	1.94877e+19
9.89382	1.82643e+19
10.8832	2.07506e+19
11.9715	3.77442e+19
13.1687	7.45088e+19
14.4855	1.02525e+20
15.9341	1.30252e+20
17.5275	2.71057e+20
19.2802	3.50097e+20
21.2083	4.35139e+20
23.3291	5.11642e+20
25.662	7.78874e+20
28.2282	8.71628e+20
31.051	1.06117e+21
34.1561	1.2929e+21
37.5717	1.63318e+21
41.3289	1.94528e+21
45.4618	2.40827e+21
50.008	3.01078e+21
55.0088	5.37229e+21
60.5097	6.61194e+21
66.5606	8.13049e+21
73.2167	9.86232e+21
80.5384	1.20171e+22
88.5922	1.46238e+22
97.4514	1.77602e+22
107.197	2.13159e+22
117.916	2.57922e+22
129.708	3.08417e+22
142.679	3.66778e+22
156.947	6.78459e+22
172.641	7.87437e+22
189.905	8.87813e+22
208.896	9.48095e+22
229.785	9.26953e+22
252.764	7.79802e+22
278.04	7.4621e+22
305.844	1.32452e+22
336.429	6.55299e+21
370.072	4.58219e+21
407.079	5.08145e+21
447.787	4.26943e+21
492.565	3.71524e+21
541.822	4.63434e+21
596.004	4.1895e+21
655.605	3.80725e+21
721.165	4.88891e+21
793.281	4.46767e+21
872.61	5.72852e+21
959.871	5.19935e+21
1055.86	6.5976e+21
1161.44	5.8771e+21
1277.59	7.32369e+21
1405.35	6.31079e+21
1545.88	7.66322e+21
1700.47	6.25582e+21
1870.52	7.33865e+21
2057.57	8.33171e+21
2263.32	6.1513e+21
2489.66	6.63309e+21
2738.62	6.84073e+21
3012.49	6.71196e+21
3313.73	4.03214e+21
3645.11	3.64048e+21
4009.62	3.07684e+21
4410.58	2.41767e+21
4851.64	1.7533e+21
5336.8	6.42918e+20
5870.48	4.04989e+20
6457.53	2.30019e+20
7103.28	1.16649e+20
7813.61	5.22818e+19
8594.97	2.04868e+19
9454.47	0
