1e-06	1.74366e-27
1.1e-06	3.58309e-27
1.21e-06	7.84511e-27
1.331e-06	1.74827e-26
1.4641e-06	3.61431e-26
1.61051e-06	7.26674e-26
1.77156e-06	1.59324e-25
1.94872e-06	3.28144e-25
2.14359e-06	7.00131e-25
2.35795e-06	1.4969e-24
2.59374e-06	3.3565e-24
2.85312e-06	7.21953e-24
3.13843e-06	1.51108e-23
3.45227e-06	3.19719e-23
3.7975e-06	7.0868e-23
4.17725e-06	1.49703e-22
4.59497e-06	3.21652e-22
5.05447e-06	6.85505e-22
5.55992e-06	1.46369e-21
6.11591e-06	3.16054e-21
6.7275e-06	6.78308e-21
7.40025e-06	1.4476e-20
8.14027e-06	3.09899e-20
8.9543e-06	6.65384e-20
9.84973e-06	1.42825e-19
1.08347e-05	3.06563e-19
1.19182e-05	6.55237e-19
1.311e-05	1.4057e-18
1.4421e-05	3.01693e-18
1.58631e-05	6.46446e-18
1.74494e-05	1.38732e-17
1.91943e-05	2.96902e-17
2.11138e-05	6.37146e-17
2.32252e-05	1.36484e-16
2.55477e-05	2.9272e-16
2.81024e-05	6.27388e-16
3.09127e-05	1.34459e-15
3.40039e-05	2.8829e-15
3.74043e-05	6.17907e-15
4.11448e-05	1.32466e-14
4.52593e-05	2.83928e-14
4.97852e-05	6.08621e-14
5.47637e-05	1.30461e-13
6.02401e-05	2.7968e-13
6.62641e-05	5.99527e-13
7.28905e-05	1.28507e-12
8.01795e-05	2.75465e-12
8.81975e-05	5.90497e-12
9.70172e-05	1.26576e-11
0.000106719	2.71334e-11
0.000117391	5.81624e-11
0.00012913	1.24675e-10
0.000142043	2.67251e-10
0.000156247	5.72866e-10
0.000171872	1.22799e-09
0.000189059	2.63225e-09
0.000207965	5.64237e-09
0.000228762	1.20946e-08
0.000251638	2.5925e-08
0.000276801	5.55689e-08
0.000304482	1.19107e-07
0.00033493	2.55283e-07
0.000368423	5.47119e-07
0.000405265	1.17248e-06
0.000445792	2.51231e-06
0.000490371	5.3822e-06
0.000539408	1.15273e-05
0.000593349	2.46788e-05
0.000652683	5.28041e-05
0.000717952	0.000112886
0.000789747	0.000241029
0.000868722	0.000513692
0.000955594	0.00109188
0.00105115	0.00231175
0.00115627	0.00486646
0.0012719	0.0101585
0.00139908	0.020946
0.00153899	0.0424177
0.00169289	0.0836676
0.00186218	0.158825
0.0020484	0.285274
0.00225324	0.474011
0.00247856	0.711162
0.00272642	0.960465
0.00299906	1.27197
0.00329897	1.94915
0.00362887	3.13448
0.00399175	4.23241
0.00439093	6.31856
0.00483002	9.07559
0.00531302	13.4989
0.00584432	19.2739
0.00642876	28.0875
0.00707163	40.7859
0.0077788	57.6437
0.00855668	87.4499
0.00941234	144.086
0.0103536	209.601
0.0113889	299.252
0.0125278	442.626
0.0137806	640.452
0.0151587	928.007
0.0166745	1345.41
0.018342	1948
0.0201762	2816.83
0.0221938	4083.97
0.0244132	5930.46
0.0268545	8601.67
0.02954	12510.2
0.032494	18198.7
0.0357434	26499.9
0.0393177	38633.8
0.0432495	56350.8
0.0475744	82345.1
0.0523319	120134
0.057565	175537
0.0633215	257099
0.0696537	376397
0.0766191	550891
0.084281	806609
0.0927091	1.18104e+06
0.10198	1.72932e+06
0.112178	2.53216e+06
0.123396	3.70782e+06
0.135735	5.42947e+06
0.149309	7.9508e+06
0.16424	1.16435e+07
0.180664	1.70519e+07
0.19873	2.49742e+07
0.218603	3.65798e+07
0.240463	5.35833e+07
0.26451	7.8499e+07
0.290961	1.15015e+08
0.320057	1.68546e+08
0.352063	2.4704e+08
0.387269	3.6218e+08
0.425996	5.31148e+08
0.468595	7.79247e+08
0.515455	1.1438e+09
0.567	1.68002e+09
0.6237	2.46996e+09
0.68607	3.63784e+09
0.754677	5.56551e+09
0.830145	8.4817e+09
0.91316	1.55811e+10
1.00448	2.07823e+10
1.10492	3.55359e+10
1.21542	5.4201e+10
1.33696	9.15221e+10
1.47065	1.67184e+11
1.61772	3.29907e+11
1.77949	5.57042e+11
1.95744	9.84024e+11
2.15318	2.14183e+12
2.3685	3.34407e+12
2.60535	6.0636e+12
2.86589	1.18844e+13
3.15247	2.05927e+13
3.46772	3.59789e+13
3.81449	7.37506e+13
4.19594	1.13203e+14
4.61554	1.94762e+14
5.07709	3.59724e+14
5.5848	6.00333e+14
6.14328	9.63711e+14
6.75761	1.90242e+15
7.43337	2.62494e+15
8.17671	4.51914e+15
8.99438	8.2356e+15
9.89382	1.17836e+16
10.8832	1.6452e+16
11.9715	2.14578e+16
13.1687	2.81649e+16
14.4855	3.52073e+16
15.9341	4.28069e+16
17.5275	5.68278e+16
19.2802	6.9328e+16
21.2083	8.32318e+16
23.3291	9.88287e+16
25.662	1.22017e+17
28.2282	1.4382e+17
31.051	1.68457e+17
34.1561	1.9861e+17
37.5717	2.35957e+17
41.3289	2.76393e+17
45.4618	3.24526e+17
50.008	3.81733e+17
55.0088	4.67431e+17
60.5097	5.47065e+17
66.5606	6.40217e+17
73.2167	7.44619e+17
80.5384	8.67104e+17
88.5922	1.00651e+18
97.4514	1.16751e+18
107.197	1.34517e+18
117.916	1.5521e+18
129.708	1.77276e+18
142.679	2.01217e+18
156.947	2.44983e+18
172.641	2.70322e+18
189.905	2.89582e+18
208.896	2.94044e+18
229.785	2.73874e+18
252.764	2.20943e+18
278.04	1.44772e+18
305.844	4.02238e+17
336.429	1.98083e+17
370.072	1.27753e+17
407.079	9.6295e+16
447.787	7.28606e+16
492.565	5.66153e+16
541.822	4.74502e+16
596.004	3.78268e+16
655.605	3.00961e+16
721.165	2.57758e+16
793.281	2.03815e+16
872.61	1.7409e+16
959.871	1.35168e+16
1055.86	1.14308e+16
1161.44	8.61864e+15
1277.59	7.1763e+15
1405.35	5.18751e+15
1545.88	4.2327e+15
1700.47	2.88123e+15
1870.52	2.29352e+15
2057.57	1.79255e+15
2263.32	1.10301e+15
2489.66	8.34873e+14
2738.62	6.17441e+14
3012.49	4.45291e+14
3313.73	2.28166e+14
3645.11	1.57473e+14
4009.62	1.05329e+14
4410.58	6.81037e+13
4851.64	4.24503e+13
5336.8	1.44991e+13
5870.48	8.4773e+12
6457.53	4.73756e+12
7103.28	2.52117e+12
7813.61	1.27266e+12
8594.97	6.06903e+11
9454.47	0
