0.001	3.52195e-10
0.0011	2.93089e-10
0.00121	2.44587e-10
0.001331	2.0486e-10
0.0014641	1.72365e-10
0.00161051	1.45764e-10
0.00177156	1.2387e-10
0.00194872	1.0564e-10
0.00214359	9.02347e-11
0.00235795	7.7113e-11
0.00259374	6.60003e-11
0.00285312	5.67107e-11
0.00313843	4.89989e-11
0.00345227	4.25554e-11
0.0037975	3.70863e-11
0.00417725	3.23867e-11
0.00459497	2.83376e-11
0.00505447	2.48477e-11
0.00555992	2.18296e-11
0.00611591	1.92101e-11
0.0067275	1.69313e-11
0.00740025	1.49443e-11
0.00814027	1.32082e-11
0.0089543	1.16885e-11
0.00984973	1.03559e-11
0.0108347	9.18572e-12
0.0119182	8.15688e-12
0.01311	7.2513e-12
0.014421	6.45352e-12
0.0158631	5.75021e-12
0.0174494	5.12991e-12
0.0191943	4.58276e-12
0.0211138	4.10026e-12
0.0232252	3.67511e-12
0.0255477	3.30108e-12
0.0281024	2.97292e-12
0.0309127	2.68627e-12
0.0340039	2.43759e-12
0.0374043	2.22417e-12
0.0411448	2.04409e-12
0.0452593	1.89613e-12
0.0497852	1.77961e-12
0.0547637	1.69388e-12
0.0602401	1.63738e-12
0.0662641	1.60615e-12
0.0728905	1.59304e-12
0.0801795	1.58938e-12
0.0881975	1.58877e-12
0.0970172	1.58867e-12
0.106719	1.58861e-12
0.117391	1.58854e-12
0.12913	1.58847e-12
0.142043	1.58839e-12
0.156247	1.5883e-12
0.171872	1.5882e-12
0.189059	1.58807e-12
0.207965	1.58793e-12
0.228762	1.58776e-12
0.251638	1.58756e-12
0.276801	1.58731e-12
0.304482	1.58701e-12
0.33493	1.58665e-12
0.368423	1.58621e-12
0.405265	1.58568e-12
0.445792	1.58502e-12
0.490371	1.58422e-12
0.539408	1.58323e-12
0.593349	1.58199e-12
0.652683	1.58039e-12
0.717952	1.57767e-12
0.735599	1.56171e-12
0.861995	1.50625e-12
0.986829	1.45146e-12
1.10968	1.38857e-12
1.23056	1.32325e-12
1.34839	1.25835e-12
1.46365	1.19725e-12
1.57623	1.14184e-12
1.68687	1.09262e-12
1.79533	1.04927e-12
1.90216	1.01097e-12
2.00746	9.76725e-13
2.11145	9.4681e-13
2.21415	9.19899e-13
2.31588	8.94844e-13
2.41648	8.72971e-13
2.51622	8.52644e-13
2.6152	8.34249e-13
2.7139	8.16104e-13
2.8108	8.01608e-13
2.90822	7.87348e-13
3.00367	7.72432e-13
3.09969	7.62197e-13
3.19509	7.49331e-13
3.28992	7.40995e-13
3.38423	7.30339e-13
3.4791	7.21039e-13
3.57247	7.13159e-13
3.66642	7.05824e-13
3.75898	6.96869e-13
3.85214	6.91742e-13
3.94493	6.85996e-13
4.03738	6.78875e-13
4.12952	6.73576e-13
4.22135	6.68763e-13
4.31291	6.63966e-13
4.40503	6.59445e-13
4.49607	6.55604e-13
4.58766	6.50951e-13
4.67901	6.48055e-13
4.77012	6.44065e-13
4.86102	6.40738e-13
4.95244	6.38143e-13
