0.0001	1.30598e-07
0.000101	1.28036e-07
0.00010201	1.25524e-07
0.00010303	1.23062e-07
0.00010406	1.20649e-07
0.000105101	1.18284e-07
0.000106152	1.15966e-07
0.000107214	1.13693e-07
0.000108286	1.11466e-07
0.000109369	1.09282e-07
0.000110462	1.07142e-07
0.000111567	1.05045e-07
0.000112683	1.02989e-07
0.000113809	1.00974e-07
0.000114947	9.89984e-08
0.000116097	9.70624e-08
0.000117258	9.51648e-08
0.00011843	9.3305e-08
0.000119615	9.1482e-08
0.000120811	8.96953e-08
0.000122019	8.79442e-08
0.000123239	8.62278e-08
0.000124472	8.45457e-08
0.000125716	8.2897e-08
0.000126973	8.12811e-08
0.000128243	7.96974e-08
0.000129526	7.81453e-08
0.000130821	7.66241e-08
0.000132129	7.51333e-08
0.00013345	7.36723e-08
0.000134785	7.22404e-08
0.000136133	7.08371e-08
0.000137494	6.94619e-08
0.000138869	6.81142e-08
0.000140258	6.67935e-08
0.00014166	6.54992e-08
0.000143077	6.42309e-08
0.000144508	6.2988e-08
0.000145953	6.17701e-08
0.000147412	6.05766e-08
0.000148886	5.94071e-08
0.000150375	5.82612e-08
0.000151879	5.71383e-08
0.000153398	5.6038e-08
0.000154932	5.496e-08
0.000156481	5.39037e-08
0.000158046	5.28688e-08
0.000159626	5.18548e-08
0.000161223	5.08613e-08
0.000162835	4.9888e-08
0.000164463	4.89345e-08
0.000166108	4.80003e-08
0.000167769	4.70852e-08
0.000169447	4.61886e-08
0.000171141	4.53104e-08
0.000172852	4.44502e-08
0.000174581	4.36075e-08
0.000176327	4.27821e-08
0.00017809	4.19737e-08
0.000179871	4.11819e-08
0.00018167	4.04064e-08
0.000183486	3.96469e-08
0.000185321	3.89031e-08
0.000187174	3.81747e-08
0.000189046	3.74614e-08
0.000190937	3.6763e-08
0.000192846	3.60791e-08
0.000194774	3.54095e-08
0.000196722	3.4754e-08
0.000198689	3.41122e-08
0.000200676	3.34839e-08
0.000202683	3.28689e-08
0.00020471	3.22669e-08
0.000206757	3.16777e-08
0.000208825	3.1101e-08
0.000210913	3.05366e-08
0.000213022	2.99843e-08
0.000215152	2.94439e-08
0.000217304	2.89151e-08
0.000219477	2.83978e-08
0.000221672	2.78917e-08
0.000223888	2.73967e-08
0.000226127	2.69125e-08
0.000228388	2.64389e-08
0.000230672	2.59758e-08
0.000232979	2.55229e-08
0.000235309	2.50801e-08
0.000237662	2.46472e-08
0.000240038	2.42241e-08
0.000242439	2.38105e-08
0.000244863	2.34063e-08
0.000247312	2.30113e-08
0.000249785	2.26253e-08
0.000252283	2.22482e-08
0.000254806	2.18799e-08
0.000257354	2.15202e-08
0.000259927	2.11688e-08
0.000262527	2.08258e-08
0.000265152	2.04908e-08
0.000267803	2.01639e-08
0.000270481	1.98447e-08
0.000273186	1.95332e-08
0.000275918	1.92293e-08
0.000278677	1.89328e-08
0.000281464	1.86434e-08
0.000284279	1.83612e-08
0.000287121	1.8086e-08
0.000289993	1.78175e-08
0.000292893	1.75557e-08
0.000295822	1.73005e-08
0.00029878	1.70515e-08
0.000301768	1.68088e-08
0.000304785	1.65721e-08
0.000307833	1.63414e-08
0.000310911	1.61163e-08
0.00031402	1.58968e-08
0.000317161	1.56828e-08
0.000320332	1.54739e-08
0.000323536	1.527e-08
0.000326771	1.5071e-08
0.000330039	1.48767e-08
0.000333339	1.46868e-08
0.000336672	1.45011e-08
0.000340039	1.43195e-08
0.00034344	1.41417e-08
0.000346874	1.39675e-08
0.000350343	1.37967e-08
0.000353846	1.36291e-08
0.000357385	1.34644e-08
0.000360958	1.33025e-08
0.000364568	1.3143e-08
0.000368214	1.29858e-08
0.000371896	1.28308e-08
0.000375615	1.26776e-08
0.000379371	1.25262e-08
0.000383165	1.23764e-08
0.000386996	1.2228e-08
0.000390866	1.2081e-08
0.000394775	1.19354e-08
0.000398723	1.17909e-08
0.00040271	1.16478e-08
0.000406737	1.15059e-08
0.000410804	1.13653e-08
0.000414912	1.12262e-08
0.000419062	1.10886e-08
0.000423252	1.09528e-08
0.000427485	1.08188e-08
0.00043176	1.06868e-08
0.000436077	1.0557e-08
0.000440438	1.04297e-08
0.000444842	1.0305e-08
0.000449291	1.0183e-08
0.000453784	1.00638e-08
0.000458321	9.94769e-09
0.000462905	9.83459e-09
0.000467534	9.72455e-09
0.000472209	9.61754e-09
0.000476931	9.51346e-09
0.0004817	9.41219e-09
0.000486517	9.31352e-09
0.000491383	9.21721e-09
0.000496296	9.12297e-09
0.000501259	9.03049e-09
0.000506272	8.93946e-09
0.000511335	8.84953e-09
0.000516448	8.76043e-09
0.000521613	8.6719e-09
0.000526829	8.58377e-09
0.000532097	8.49593e-09
0.000537418	8.4084e-09
0.000542792	8.32126e-09
0.00054822	8.23473e-09
0.000553702	8.14906e-09
0.000559239	8.06461e-09
0.000564832	7.98171e-09
0.00057048	7.90071e-09
0.000576185	7.82191e-09
0.000581947	7.74552e-09
0.000587766	7.67162e-09
0.000593644	7.60017e-09
0.00059958	7.531e-09
0.000605576	7.46381e-09
0.000611632	7.39819e-09
0.000617748	7.33371e-09
0.000623926	7.26991e-09
0.000630165	7.20645e-09
0.000636466	7.1431e-09
0.000642831	7.0798e-09
0.000649259	7.01669e-09
0.000655752	6.95409e-09
0.00066231	6.8924e-09
0.000668933	6.83209e-09
0.000675622	6.77354e-09
0.000682378	6.71699e-09
0.000689202	6.66246e-09
0.000696094	6.60977e-09
0.000703055	6.55854e-09
0.000710085	6.50829e-09
0.000717186	6.45858e-09
0.000724358	6.40907e-09
0.000731602	6.35967e-09
0.000738918	6.3105e-09
0.000746307	6.26187e-09
0.00075377	6.2141e-09
0.000761308	6.16744e-09
0.000768921	6.1219e-09
0.00077661	6.07727e-09
0.000784376	6.03322e-09
0.00079222	5.98944e-09
0.000800142	5.94582e-09
0.000808144	5.90253e-09
0.000816225	5.85988e-09
0.000824387	5.81807e-09
0.000832631	5.77695e-09
0.000840957	5.73586e-09
0.000849367	5.69387e-09
0.000857861	5.65027e-09
0.000866439	5.60516e-09
0.000875104	5.55961e-09
0.000883855	5.51523e-09
0.000892693	5.4731e-09
0.00090162	5.43273e-09
0.000910636	5.39175e-09
0.000919743	5.34707e-09
0.00092894	5.29702e-09
0.00093823	5.24318e-09
0.000947612	5.18996e-09
0.000957088	5.14159e-09
0.000966659	5.09847e-09
0.000976325	5.05561e-09
0.000986089	5.00568e-09
0.00099595	4.94549e-09
0.00100591	4.88038e-09
0.00101597	4.8208e-09
0.00102613	4.77285e-09
0.00103639	4.73115e-09
0.00104675	4.68166e-09
0.00105722	4.6157e-09
0.00106779	4.54209e-09
0.00107847	4.47986e-09
0.00108926	4.43759e-09
0.00110015	4.40108e-09
0.00111115	4.34597e-09
0.00112226	4.26943e-09
0.00113348	4.19882e-09
0.00114482	4.15802e-09
0.00115627	4.13453e-09
0.00116783	4.08905e-09
0.00117951	4.0115e-09
0.0011913	3.94345e-09
0.00120322	3.9184e-09
0.00121525	3.90931e-09
0.0012274	3.85937e-09
0.00123967	3.77857e-09
0.00125207	3.7345e-09
0.00126459	3.74052e-09
0.00127724	3.72556e-09
0.00129001	3.65121e-09
0.00130291	3.59238e-09
0.00131594	3.59953e-09
0.0013291	3.60769e-09
0.00134239	3.54615e-09
0.00135581	3.4813e-09
0.00136937	3.48442e-09
0.00138307	3.50287e-09
0.0013969	3.44986e-09
0.00141086	3.37845e-09
0.00142497	3.37908e-09
0.00143922	3.40282e-09
0.00145362	3.33589e-09
0.00146815	3.25991e-09
0.00148283	3.27611e-09
0.00149766	3.2739e-09
0.00151264	3.18489e-09
0.00152776	3.13658e-09
0.00154304	3.14054e-09
0.00155847	3.11393e-09
0.00157406	3.02693e-09
0.0015898	2.98469e-09
0.0016057	3.01813e-09
0.00162175	2.93118e-09
0.00163797	2.86688e-09
0.00165435	2.89834e-09
0.00167089	2.84625e-09
0.0016876	2.79635e-09
0.00170448	2.76948e-09
0.00172152	2.80555e-09
0.00173874	2.71579e-09
0.00175613	2.70098e-09
0.00177369	2.74355e-09
0.00179142	2.65746e-09
0.00180934	2.64979e-09
0.00182743	2.65489e-09
0.00184571	2.62594e-09
0.00186416	2.54511e-09
0.0018828	2.61412e-09
0.00190163	2.50513e-09
0.00192065	2.49634e-09
0.00193986	2.479e-09
0.00195925	2.44588e-09
0.00197885	2.37564e-09
0.00199864	2.4264e-09
0.00201862	2.32824e-09
0.00203881	2.33811e-09
0.0020592	2.32813e-09
0.00207979	2.28919e-09
0.00210059	2.27005e-09
0.00212159	2.29428e-09
0.00214281	2.20884e-09
0.00216424	2.26401e-09
0.00218588	2.17527e-09
0.00220774	2.18806e-09
0.00222981	2.15339e-09
0.00225211	2.09818e-09
0.00227463	2.15759e-09
0.00229738	2.02282e-09
0.00232035	2.06653e-09
0.00234356	2.04096e-09
0.00236699	2.00841e-09
0.00239066	2.04221e-09
0.00241457	1.95269e-09
0.00243871	2.0321e-09
0.0024631	1.92195e-09
0.00248773	1.91315e-09
0.00251261	1.91322e-09
0.00253774	1.87264e-09
0.00256311	1.89443e-09
0.00258874	1.84264e-09
0.00261463	1.83784e-09
0.00264078	1.80426e-09
0.00266719	1.8621e-09
0.00269386	1.75601e-09
0.0027208	1.79593e-09
0.002748	1.72308e-09
0.00277548	1.72181e-09
0.00280324	1.6631e-09
0.00283127	1.7419e-09
0.00285958	1.68025e-09
0.00288818	1.69799e-09
0.00291706	1.63316e-09
0.00294623	1.67628e-09
0.0029757	1.58541e-09
0.00300545	1.59542e-09
0.00303551	1.55626e-09
0.00306586	1.58267e-09
0.00309652	1.52232e-09
0.00312749	1.49674e-09
0.00315876	1.51594e-09
0.00319035	1.47137e-09
0.00322225	1.51988e-09
0.00325447	1.45378e-09
0.00328702	1.45847e-09
0.00331989	1.41893e-09
0.00335309	1.38564e-09
0.00338662	1.44627e-09
0.00342049	1.37678e-09
0.00345469	1.40289e-09
0.00348924	1.36728e-09
0.00352413	1.33416e-09
0.00355937	1.37807e-09
0.00359496	1.31703e-09
0.00363091	1.30367e-09
0.00366722	1.30821e-09
0.0037039	1.29068e-09
0.00374093	1.25841e-09
0.00377834	1.30091e-09
0.00381613	1.2663e-09
0.00385429	1.26278e-09
0.00389283	1.27382e-09
0.00393176	1.23246e-09
0.00397108	1.2037e-09
0.00401079	1.23688e-09
0.0040509	1.20196e-09
0.0040914	1.15937e-09
0.00413232	1.16194e-09
0.00417364	1.19229e-09
0.00421538	1.11618e-09
0.00425753	1.10325e-09
0.00430011	1.08874e-09
0.00434311	1.1018e-09
0.00438654	1.083e-09
0.0044304	1.09945e-09
0.00447471	1.05979e-09
0.00451946	1.05699e-09
0.00456465	1.10802e-09
0.0046103	1.05114e-09
0.0046564	1.02992e-09
0.00470296	1.00324e-09
0.00474999	1.01771e-09
0.00479749	9.95471e-10
0.00484547	1.00151e-09
0.00489392	9.76329e-10
0.00494286	9.76285e-10
0.00499229	9.46275e-10
0.00504221	9.52041e-10
0.00509264	9.20026e-10
0.00514356	9.17673e-10
0.005195	9.2191e-10
0.00524695	8.99718e-10
0.00529942	9.10716e-10
0.00535241	8.97295e-10
0.00540594	8.73692e-10
0.00546	8.69922e-10
0.0055146	8.64227e-10
0.00556974	8.52519e-10
0.00562544	8.72121e-10
0.00568169	8.5271e-10
0.00573851	8.28555e-10
0.00579589	8.00781e-10
0.00585385	7.94904e-10
0.00591239	8.06419e-10
0.00597152	8.00706e-10
0.00603123	7.58586e-10
0.00609154	7.82519e-10
0.00615246	7.5079e-10
0.00621398	7.5379e-10
0.00627612	7.52285e-10
0.00633888	7.69706e-10
0.00640227	7.40198e-10
0.0064663	7.1545e-10
0.00653096	7.23955e-10
0.00659627	7.1769e-10
0.00666223	6.95106e-10
0.00672885	7.38064e-10
0.00679614	7.09972e-10
0.0068641	6.80482e-10
0.00693275	6.87871e-10
0.00700207	6.91192e-10
0.00707209	6.9704e-10
0.00714281	6.5978e-10
0.00721424	6.65767e-10
0.00728638	6.71231e-10
0.00735925	6.8152e-10
0.00743284	6.36531e-10
0.00750717	6.31792e-10
0.00758224	6.20531e-10
0.00765806	6.30763e-10
0.00773464	6.28287e-10
0.00781199	6.04957e-10
0.00789011	6.06827e-10
0.00796901	6.02587e-10
0.0080487	5.79361e-10
0.00812919	5.93398e-10
0.00821048	5.77163e-10
0.00829259	6.09916e-10
0.00837551	5.64857e-10
0.00845927	5.89613e-10
0.00854386	5.65517e-10
0.0086293	5.61968e-10
0.00871559	5.29919e-10
0.00880275	5.31647e-10
0.00889077	5.35533e-10
0.00897968	5.22673e-10
0.00906948	5.29092e-10
0.00916017	5.2893e-10
0.00925178	5.17366e-10
0.00934429	5.17697e-10
0.00943774	5.05093e-10
0.00953211	4.95309e-10
0.00962743	5.08043e-10
0.00972371	4.79745e-10
0.00982095	4.79292e-10
0.00991916	4.74675e-10
0.0100183	4.96656e-10
0.0101185	4.84401e-10
0.0102197	4.77305e-10
0.0103219	4.53985e-10
0.0104251	4.51517e-10
0.0105294	4.53602e-10
0.0106347	4.627e-10
0.010741	4.52954e-10
0.0108484	4.37489e-10
0.0109569	4.39874e-10
0.0110665	4.32643e-10
0.0111772	4.52752e-10
0.0112889	4.14427e-10
0.0114018	4.16833e-10
0.0115158	4.17217e-10
0.011631	4.18076e-10
0.0117473	4.20143e-10
0.0118648	3.99477e-10
0.0119834	3.91808e-10
0.0121033	3.91154e-10
0.0122243	3.89323e-10
0.0123465	3.8319e-10
0.01247	4.01314e-10
0.0125947	3.87678e-10
0.0127206	3.85487e-10
0.0128478	3.68819e-10
0.0129763	3.70593e-10
0.0131061	3.72516e-10
0.0132372	3.5458e-10
0.0133695	3.58833e-10
0.0135032	3.50668e-10
0.0136383	3.56034e-10
0.0137746	3.43522e-10
0.0139124	3.43375e-10
0.0140515	3.41062e-10
0.014192	3.33938e-10
0.0143339	3.32614e-10
0.0144773	3.29577e-10
0.0146221	3.28641e-10
0.0147683	3.1806e-10
0.014916	3.22268e-10
0.0150651	3.2316e-10
0.0152158	3.10075e-10
0.0153679	3.04663e-10
0.0155216	3.03786e-10
0.0156768	3.12795e-10
0.0158336	3.00387e-10
0.0159919	2.92706e-10
0.0161518	2.88719e-10
0.0163134	2.87434e-10
0.0164765	3.00199e-10
0.0166413	2.85447e-10
0.0168077	2.9048e-10
0.0169757	2.83074e-10
0.0171455	2.85153e-10
0.017317	2.78839e-10
0.0174901	2.72289e-10
0.017665	2.69577e-10
0.0178417	2.71824e-10
0.0180201	2.62119e-10
0.0182003	2.66395e-10
0.0183823	2.59291e-10
0.0185661	2.56118e-10
0.0187518	2.49092e-10
0.0189393	2.45874e-10
0.0191287	2.47425e-10
0.01932	2.51579e-10
0.0195132	2.34897e-10
0.0197083	2.46867e-10
0.0199054	2.40137e-10
0.0201045	2.38229e-10
0.0203055	2.29616e-10
0.0205086	2.35528e-10
0.0207136	2.34369e-10
0.0209208	2.24609e-10
0.02113	2.23592e-10
0.0213413	2.26087e-10
0.0215547	2.21124e-10
0.0217702	2.21491e-10
0.0219879	2.23897e-10
0.0222078	2.23735e-10
0.0224299	2.11054e-10
0.0226542	2.11209e-10
0.0228807	2.16068e-10
0.0231095	2.08521e-10
0.0233406	1.9967e-10
0.0235741	2.01768e-10
0.0238098	1.96859e-10
0.0240479	2.02881e-10
0.0242884	1.99867e-10
0.0245313	1.90432e-10
0.0247766	1.90866e-10
0.0250243	1.9001e-10
0.0252746	1.954e-10
0.0255273	1.87551e-10
0.0257826	1.87764e-10
0.0260404	1.80527e-10
0.0263008	1.86321e-10
0.0265638	1.77155e-10
0.0268295	1.76182e-10
0.0270978	1.79789e-10
0.0273687	1.79323e-10
0.0276424	1.71595e-10
0.0279189	1.71957e-10
0.028198	1.66833e-10
0.02848	1.64134e-10
0.0287648	1.68517e-10
0.0290525	1.66688e-10
0.029343	1.63445e-10
0.0296364	1.63541e-10
0.0299328	1.60159e-10
0.0302321	1.63314e-10
0.0305344	1.59475e-10
0.0308398	1.5553e-10
0.0311482	1.51052e-10
0.0314597	1.47242e-10
0.0317743	1.55006e-10
0.032092	1.51564e-10
0.0324129	1.51194e-10
0.032737	1.44948e-10
0.0330644	1.43236e-10
0.0333951	1.43052e-10
0.033729	1.41209e-10
0.0340663	1.4325e-10
0.034407	1.36357e-10
0.034751	1.36444e-10
0.0350985	1.40959e-10
0.0354495	1.33431e-10
0.035804	1.38097e-10
0.0361621	1.3703e-10
0.0365237	1.34954e-10
0.0368889	1.30614e-10
0.0372578	1.30855e-10
0.0376304	1.2869e-10
0.0380067	1.24405e-10
0.0383868	1.25993e-10
0.0387706	1.21856e-10
0.0391583	1.2115e-10
0.0395499	1.23433e-10
0.0399454	1.25157e-10
0.0403449	1.18026e-10
0.0407483	1.18748e-10
0.0411558	1.197e-10
0.0415674	1.14624e-10
0.041983	1.11697e-10
0.0424029	1.09022e-10
0.0428269	1.08234e-10
0.0432552	1.09704e-10
0.0436877	1.09686e-10
0.0441246	1.09629e-10
0.0445658	1.079e-10
0.0450115	1.03532e-10
0.0454616	1.03527e-10
0.0459162	1.01215e-10
0.0463754	1.05838e-10
0.0468391	1.02667e-10
0.0473075	1.0573e-10
0.0477806	1.03368e-10
0.0482584	9.65817e-11
0.048741	9.5836e-11
0.0492284	9.79682e-11
0.0497207	9.3863e-11
0.0502179	9.61772e-11
0.0507201	9.17178e-11
0.0512273	9.21087e-11
0.0517396	9.12346e-11
0.052257	9.05672e-11
0.0527795	9.01224e-11
0.0533073	9.06558e-11
0.0538404	8.96178e-11
0.0543788	8.74761e-11
0.0549226	8.60218e-11
0.0554718	8.43706e-11
0.0560265	8.9162e-11
0.0565868	8.17084e-11
0.0571527	8.46698e-11
0.0577242	8.36444e-11
0.0583014	8.04586e-11
0.0588844	8.53314e-11
0.0594733	7.94621e-11
0.060068	7.89292e-11
0.0606687	7.63876e-11
0.0612754	7.89284e-11
0.0618881	7.85531e-11
0.062507	7.47332e-11
0.0631321	7.54617e-11
0.0637634	7.39362e-11
0.0644011	7.40239e-11
0.0650451	7.08512e-11
0.0656955	7.29143e-11
0.0663525	7.2688e-11
0.067016	7.4993e-11
0.0676862	6.96526e-11
0.068363	6.75183e-11
0.0690466	6.91772e-11
0.0697371	7.02075e-11
0.0704345	6.91698e-11
0.0711388	6.86314e-11
0.0718502	6.6236e-11
0.0725687	6.48442e-11
0.0732944	6.70811e-11
0.0740273	6.60091e-11
0.0747676	6.42398e-11
0.0755153	6.42138e-11
0.0762705	6.36655e-11
0.0770332	6.20022e-11
0.0778035	6.19868e-11
0.0785815	6.01053e-11
0.0793673	6.02673e-11
0.080161	5.87403e-11
0.0809626	5.8055e-11
0.0817722	5.74769e-11
0.08259	5.88408e-11
0.0834159	5.85853e-11
0.08425	5.7028e-11
0.0850925	5.63154e-11
0.0859435	5.74203e-11
0.0868029	5.49048e-11
0.0876709	5.45954e-11
0.0885476	5.50894e-11
0.0894331	5.33514e-11
0.0903274	5.29607e-11
0.0912307	5.30059e-11
0.092143	5.10475e-11
0.0930644	5.00508e-11
0.0939951	5.07122e-11
0.094935	4.95168e-11
0.0958844	5.11731e-11
0.0968432	4.99641e-11
0.0978117	4.7973e-11
0.0987898	4.8575e-11
0.0997777	4.89095e-11
0.100775	4.63419e-11
0.101783	4.72205e-11
0.102801	4.59597e-11
0.103829	4.69818e-11
0.104867	4.52369e-11
0.105916	4.39702e-11
0.106975	4.59818e-11
0.108045	4.39343e-11
0.109125	4.21163e-11
0.110217	4.326e-11
0.111319	4.41828e-11
0.112432	4.31799e-11
0.113556	4.14382e-11
0.114692	4.07073e-11
0.115839	4.09503e-11
0.116997	4.11895e-11
0.118167	3.95096e-11
0.119349	3.86262e-11
0.120542	3.82983e-11
0.121748	4.06285e-11
0.122965	4.03146e-11
0.124195	4.01169e-11
0.125437	3.71583e-11
0.126691	3.75306e-11
0.127958	3.78256e-11
0.129238	3.5791e-11
0.13053	3.69077e-11
0.131835	3.72993e-11
0.133154	3.55269e-11
0.134485	3.51985e-11
0.13583	3.51751e-11
0.137188	3.55477e-11
0.13856	3.43124e-11
0.139946	3.50352e-11
0.141345	3.39733e-11
0.142759	3.35501e-11
0.144186	3.30467e-11
0.145628	3.3881e-11
0.147085	3.28048e-11
0.148555	3.18056e-11
0.150041	3.18765e-11
0.151541	3.09391e-11
0.153057	3.10288e-11
0.154587	2.98842e-11
0.156133	3.08095e-11
0.157695	3.0703e-11
0.159271	3.13108e-11
0.160864	2.95568e-11
0.162473	2.93757e-11
0.164098	2.87299e-11
0.165739	2.89437e-11
0.167396	2.79581e-11
0.16907	2.80602e-11
0.170761	2.69519e-11
0.172468	2.77143e-11
0.174193	2.82788e-11
0.175935	2.69049e-11
0.177694	2.70697e-11
0.179471	2.69344e-11
0.181266	2.68078e-11
0.183078	2.61852e-11
0.184909	2.68413e-11
0.186758	2.64519e-11
0.188626	2.52937e-11
0.190512	2.56474e-11
0.192417	2.44457e-11
0.194341	2.40786e-11
0.196285	2.39021e-11
0.198248	2.36389e-11
0.20023	2.39693e-11
0.202232	2.35182e-11
0.204255	2.36546e-11
0.206297	2.30093e-11
0.20836	2.34275e-11
0.210444	2.21592e-11
0.212548	2.18918e-11
0.214674	2.24777e-11
0.216821	2.1662e-11
0.218989	2.20688e-11
0.221179	2.16391e-11
0.22339	2.17221e-11
0.225624	2.12118e-11
0.227881	2.05475e-11
0.230159	2.02743e-11
0.232461	2.07182e-11
0.234786	2.10688e-11
0.237134	2.01757e-11
0.239505	1.99501e-11
0.2419	1.98353e-11
0.244319	1.97152e-11
0.246762	1.95169e-11
0.24923	1.84903e-11
0.251722	1.85232e-11
0.254239	1.91603e-11
0.256782	1.80891e-11
0.259349	1.83944e-11
0.261943	1.83846e-11
0.264562	1.82358e-11
0.267208	1.74882e-11
0.26988	1.70783e-11
0.272579	1.7733e-11
0.275305	1.69428e-11
0.278058	1.7458e-11
0.280838	1.73536e-11
0.283647	1.64935e-11
0.286483	1.61347e-11
0.289348	1.56742e-11
0.292241	1.59006e-11
0.295164	1.60487e-11
0.298115	1.58762e-11
0.301097	1.57292e-11
0.304108	1.57026e-11
0.307149	1.54689e-11
0.31022	1.52164e-11
0.313322	1.55297e-11
0.316456	1.49971e-11
0.31962	1.48493e-11
0.322816	1.43053e-11
0.326045	1.44166e-11
0.329305	1.45178e-11
0.332598	1.43013e-11
0.335924	1.43312e-11
0.339283	1.35577e-11
0.342676	1.36705e-11
0.346103	1.42829e-11
0.349564	1.34503e-11
0.353059	1.33182e-11
0.35659	1.36166e-11
0.360156	1.33545e-11
0.363758	1.29809e-11
0.367395	1.29742e-11
0.371069	1.24873e-11
0.37478	1.2629e-11
0.378528	1.22929e-11
0.382313	1.23322e-11
0.386136	1.18407e-11
0.389997	1.19273e-11
0.393897	1.19327e-11
0.397836	1.20443e-11
0.401815	1.16189e-11
0.405833	1.1598e-11
0.409891	1.11704e-11
0.41399	1.14832e-11
0.41813	1.11757e-11
0.422311	1.09868e-11
0.426534	1.07578e-11
0.4308	1.078e-11
0.435108	1.07192e-11
0.439459	1.05427e-11
0.443853	1.0664e-11
0.448292	1.01211e-11
0.452775	1.04466e-11
0.457303	1.03824e-11
0.461876	1.04808e-11
0.466494	1.04289e-11
0.471159	9.74528e-12
0.475871	1.00703e-11
0.48063	9.88318e-12
0.485436	9.90846e-12
0.49029	9.50819e-12
0.495193	9.80236e-12
0.500145	9.38397e-12
0.505146	9.26553e-12
0.510198	9.05915e-12
0.5153	9.17952e-12
0.520453	9.1033e-12
0.525657	8.77805e-12
0.530914	8.74842e-12
0.536223	8.71573e-12
0.541585	8.42335e-12
0.547001	8.6731e-12
0.552471	8.47626e-12
0.557996	8.25081e-12
0.563576	8.20183e-12
0.569212	8.17799e-12
0.574904	7.99278e-12
0.580653	8.30285e-12
0.586459	7.89776e-12
0.592324	7.66248e-12
0.598247	7.66554e-12
0.60423	7.61423e-12
0.610272	7.53603e-12
0.616375	7.48212e-12
0.622538	7.21601e-12
0.628764	7.13196e-12
0.635051	7.35514e-12
0.641402	6.97033e-12
0.647816	7.21327e-12
0.654294	6.79463e-12
0.660837	6.91291e-12
0.667445	6.62236e-12
0.67412	6.76574e-12
0.680861	6.7295e-12
0.68767	6.3528e-12
0.694546	6.45461e-12
0.701492	6.55051e-12
0.708507	6.22651e-12
0.715592	6.53078e-12
0.722748	6.30968e-12
0.729975	5.91329e-12
0.735599	5.83839e-12
0.761075	5.52696e-12
0.786415	5.54681e-12
0.811677	5.1823e-12
0.836868	5.00545e-12
0.861995	4.92232e-12
0.886817	4.67867e-12
0.912154	4.55691e-12
0.936806	4.58869e-12
0.961955	4.31632e-12
0.986829	4.27635e-12
1.01145	4.22953e-12
1.03618	4.08268e-12
1.06068	3.99629e-12
1.08529	3.79654e-12
1.10968	3.80186e-12
1.13419	3.74616e-12
1.15849	3.60362e-12
1.18259	3.38677e-12
1.20652	3.47265e-12
1.23056	3.39497e-12
1.25444	3.36742e-12
1.27787	3.17526e-12
1.30143	3.093e-12
1.32512	3.16814e-12
1.34839	2.97152e-12
1.3718	3.13143e-12
1.39481	3.02026e-12
1.41796	2.92597e-12
1.44074	2.81354e-12
1.46365	2.81898e-12
1.48646	2.80104e-12
1.50893	2.72678e-12
1.53153	2.73887e-12
1.55404	2.60682e-12
1.57623	2.703e-12
1.59856	2.61692e-12
1.62081	2.55819e-12
1.64298	2.50287e-12
1.66485	2.46109e-12
1.68687	2.41812e-12
1.7086	2.38873e-12
1.73048	2.36369e-12
1.75209	2.34439e-12
1.77384	2.32386e-12
1.79533	2.32649e-12
1.81676	2.23608e-12
1.83833	2.24441e-12
1.85966	2.2415e-12
1.88094	2.14067e-12
1.90216	2.11213e-12
1.92335	2.103e-12
1.94448	2.11008e-12
1.96558	2.11423e-12
1.98663	2.07147e-12
2.00746	1.99092e-12
2.02826	2.03144e-12
2.04919	2.04126e-12
2.06992	1.954e-12
2.09079	1.96806e-12
2.11145	1.91729e-12
2.13208	1.93047e-12
2.15268	1.85158e-12
2.17325	1.86316e-12
2.19363	1.8795e-12
2.21415	1.83329e-12
2.23464	1.83172e-12
2.25494	1.80669e-12
2.27522	1.76323e-12
2.29564	1.77541e-12
2.31588	1.74807e-12
2.3361	1.78512e-12
2.3563	1.72307e-12
2.37632	1.72763e-12
2.39634	1.70527e-12
2.41648	1.7283e-12
2.43646	1.67168e-12
2.45642	1.6699e-12
2.47637	1.68114e-12
2.4963	1.5963e-12
2.51622	1.61906e-12
2.53612	1.60953e-12
2.55587	1.61932e-12
2.57575	1.58194e-12
2.59548	1.63935e-12
2.6152	1.59479e-12
2.6349	1.57839e-12
2.6546	1.53347e-12
2.67429	1.50937e-12
2.69383	1.50159e-12
2.7139	1.49959e-12
2.73249	1.47871e-12
2.75228	1.49061e-12
2.77193	1.50487e-12
2.79143	1.50103e-12
2.8108	1.43717e-12
2.83004	1.43998e-12
2.85042	1.43032e-12
2.8694	1.40639e-12
2.88825	1.40516e-12
2.90822	1.45671e-12
2.92681	1.42506e-12
2.94652	1.375e-12
2.9661	1.40064e-12
2.98555	1.35271e-12
3.00367	1.35711e-12
3.02288	1.3183e-12
3.04316	1.3483e-12
3.06212	1.35204e-12
3.08096	1.29598e-12
3.09969	1.34106e-12
3.11947	1.29344e-12
3.13797	1.30361e-12
3.1575	1.30047e-12
3.17692	1.29469e-12
3.19509	1.27757e-12
3.21428	1.25375e-12
3.23335	1.29094e-12
3.25232	1.27889e-12
3.27117	1.26215e-12
3.28992	1.24775e-12
3.30965	1.24308e-12
3.32818	1.23153e-12
3.34661	1.18361e-12
3.36601	1.24891e-12
3.38423	1.21556e-12
3.40342	1.24892e-12
3.42249	1.16421e-12
3.44147	1.19375e-12
3.46034	1.17559e-12
3.4791	1.21648e-12
3.49777	1.17496e-12
3.51634	1.18018e-12
3.53481	1.146e-12
3.5542	1.15594e-12
3.57247	1.15746e-12
3.59166	1.14258e-12
3.60974	1.10602e-12
3.62873	1.13221e-12
3.64763	1.08535e-12
3.66642	1.08127e-12
3.68512	1.09397e-12
3.70372	1.13433e-12
3.72223	1.10514e-12
3.74065	1.08738e-12
3.75898	1.05222e-12
3.77722	1.0652e-12
3.79633	1.08634e-12
3.81439	1.0821e-12
3.83331	1.07809e-12
3.85214	1.11065e-12
3.87088	1.04389e-12
3.88859	1.09495e-12
3.90715	1.03845e-12
3.92563	1.0523e-12
3.94493	1.04821e-12
3.96323	1.04641e-12
3.98144	1.05351e-12
4.00048	1.00295e-12
4.01852	1.02924e-12
4.03738	1.02794e-12
4.05526	1.02763e-12
4.07395	1.02346e-12
4.09256	1.0213e-12
4.11108	9.93399e-13
4.12952	9.86876e-13
4.14787	9.70033e-13
4.16615	9.85927e-13
4.18434	9.86861e-13
4.20246	9.68162e-13
4.22135	9.80588e-13
4.23931	9.80817e-13
4.25804	9.63298e-13
4.27669	9.31726e-13
4.29442	9.42117e-13
4.31291	9.48615e-13
4.33132	9.24323e-13
4.34966	9.29429e-13
4.36792	9.30802e-13
4.3861	9.48437e-13
4.40503	9.21795e-13
4.42306	9.35896e-13
4.44102	9.2574e-13
4.45971	9.06233e-13
4.47752	9.01414e-13
4.49607	9.07886e-13
4.51453	9.25086e-13
4.53293	8.99662e-13
4.55124	9.10723e-13
4.56949	9.22917e-13
4.58766	8.81846e-13
4.60576	8.82943e-13
4.62379	8.95113e-13
4.64253	8.83919e-13
4.66042	8.67929e-13
4.67901	8.62217e-13
4.69753	9.05252e-13
4.71521	8.80133e-13
4.73358	8.78341e-13
4.75189	8.55797e-13
4.77012	8.73732e-13
4.78829	8.55813e-13
4.80639	8.69782e-13
4.82517	8.36819e-13
4.84313	8.79481e-13
4.86102	8.50358e-13
4.87959	8.38118e-13
4.89735	8.53633e-13
4.91578	8.4384e-13
4.93415	8.65196e-13
4.95244	8.44355e-13
4.97067	8.1915e-13
4.98883	7.96126e-13
5.00692	8.45571e-13
5.02495	8.30511e-13
5.04364	8.13309e-13
5.06154	8.22403e-13
5.08008	8.0672e-13
5.09786	8.16183e-13
5.11627	8.05594e-13
5.13462	8.00409e-13
5.15221	8.10688e-13
5.17043	7.85977e-13
5.18929	7.98297e-13
5.20738	7.75021e-13
5.22541	7.87796e-13
5.24338	7.77516e-13
5.26197	7.66692e-13
5.27982	7.5731e-13
5.29828	7.67785e-13
5.31601	7.81305e-13
5.33435	7.97327e-13
5.35263	7.82838e-13
5.37084	7.72039e-13
5.389	7.66545e-13
5.40709	7.94965e-13
5.42513	7.75037e-13
5.44376	7.62098e-13
5.46168	7.67777e-13
5.47953	7.51776e-13
5.49799	7.72973e-13
5.51638	7.50565e-13
5.53471	7.53065e-13
5.55233	7.36877e-13
5.57054	7.55013e-13
5.58869	7.35168e-13
5.60743	7.76276e-13
5.62547	7.43799e-13
5.64345	7.31799e-13
5.66201	7.26218e-13
5.67987	7.36823e-13
5.69831	7.19033e-13
5.71669	7.50088e-13
5.73438	7.26216e-13
5.75264	7.20657e-13
5.77085	7.23821e-13
5.789	7.16626e-13
5.8071	7.19458e-13
5.82575	7.30389e-13
5.84373	6.96977e-13
5.86227	7.16372e-13
5.88014	7.05523e-13
5.89857	7.18084e-13
5.91633	7.30174e-13
5.93464	7.14133e-13
5.9529	7.02868e-13
5.97111	6.98875e-13
5.98925	6.85537e-13
6.00795	7.24055e-13
6.02598	6.94745e-13
6.04397	6.95331e-13
6.06249	6.94831e-13
6.08096	6.90726e-13
6.09878	6.93013e-13
6.11714	6.96602e-13
6.13545	6.84964e-13
6.1537	6.86158e-13
6.1719	6.54302e-13
6.19004	6.86551e-13
6.20871	6.65166e-13
6.22675	6.68282e-13
6.24473	6.79923e-13
6.26324	6.72091e-13
6.2817	6.87819e-13
6.29952	6.55928e-13
6.31787	6.4627e-13
6.33617	6.82444e-13
6.35441	6.61733e-13
6.37317	6.61352e-13
6.39131	6.57708e-13
6.4094	6.52947e-13
6.42799	6.5596e-13
6.44598	6.64604e-13
6.46447	6.68408e-13
6.48291	6.46545e-13
6.5013	6.43656e-13
6.51964	6.53959e-13
6.53792	6.49023e-13
6.55615	6.57165e-13
6.57434	6.453e-13
6.59247	6.20824e-13
6.6111	6.62735e-13
6.62913	6.37829e-13
6.64766	6.37339e-13
6.66614	6.32677e-13
6.68456	6.45444e-13
6.70294	6.48574e-13
6.72126	6.65697e-13
6.73954	6.53588e-13
6.75776	6.21524e-13
6.77647	6.32285e-13
6.7946	6.29139e-13
6.81321	6.24389e-13
6.83176	6.25018e-13
6.84974	6.06376e-13
6.8682	6.31754e-13
6.88661	5.94431e-13
6.90497	6.13854e-13
6.92329	6.36158e-13
6.94207	5.89257e-13
6.96029	6.22235e-13
6.97897	6.16176e-13
6.99709	6.29357e-13
7.01568	6.21949e-13
7.03422	6.01984e-13
7.05271	6.26418e-13
7.07115	6.23327e-13
7.08954	5.98521e-13
7.10789	6.17071e-13
7.12669	6.05277e-13
7.14494	5.80087e-13
7.16365	5.94221e-13
7.18181	5.85168e-13
7.20042	5.88402e-13
7.21898	6.10814e-13
7.2375	5.91145e-13
7.25597	6.08242e-13
7.27439	5.86315e-13
7.29327	6.05737e-13
7.3116	5.83651e-13
7.33037	6.08634e-13
7.3491	5.74131e-13
7.36729	5.70413e-13
7.38593	5.88904e-13
7.40452	5.92757e-13
7.42306	5.93576e-13
7.44204	5.94853e-13
7.46049	5.86087e-13
7.47889	5.86119e-13
7.49773	5.61265e-13
7.51604	5.68067e-13
7.53479	5.69873e-13
7.55349	5.64403e-13
7.57215	5.78813e-13
7.59076	5.64805e-13
7.60932	5.49331e-13
7.62831	5.55323e-13
7.64678	5.66296e-13
7.66521	5.46738e-13
7.68407	5.63887e-13
7.70287	5.72438e-13
7.72164	5.51416e-13
7.74035	5.67276e-13
7.75902	5.54422e-13
7.77765	5.75357e-13
7.79623	5.48241e-13
7.81524	5.46064e-13
7.83373	5.60503e-13
7.85264	5.42403e-13
7.8715	5.48666e-13
7.88987	5.58677e-13
7.90864	5.52407e-13
7.92783	5.54209e-13
7.94652	5.516e-13
7.96516	5.55982e-13
7.98421	5.53508e-13
8.00277	5.39752e-13
8.02173	5.53558e-13
8.04065	5.35066e-13
8.05907	5.42349e-13
8.0779	5.59864e-13
8.09714	5.34002e-13
8.11588	5.51737e-13
8.13458	5.24925e-13
8.15368	5.29833e-13
8.17229	5.41639e-13
8.1913	5.43633e-13
8.21027	5.43715e-13
8.22919	5.37187e-13
8.24807	5.28185e-13
8.26691	5.32387e-13
8.28571	5.33898e-13
8.3049	5.34841e-13
8.3236	5.22604e-13
8.34271	5.15319e-13
8.36176	5.32486e-13
8.38078	5.16744e-13
8.39975	5.26969e-13
8.41868	5.14784e-13
8.43756	5.14201e-13
8.45683	5.30114e-13
8.47563	5.28197e-13
8.49482	5.10694e-13
8.51438	5.13856e-13
8.53136	5.28061e-13
8.55254	5.01128e-13
8.56944	5.29416e-13
8.59052	5.08738e-13
8.60735	5.11138e-13
8.62834	5.0839e-13
8.64927	5.17482e-13
8.66599	5.1169e-13
8.68683	5.15008e-13
8.70348	5.0699e-13
8.72423	5.19455e-13
8.74494	5.10042e-13
8.76147	5.16976e-13
8.78209	5.03722e-13
8.79855	5.20908e-13
8.81909	5.03358e-13
8.83957	5.00479e-13
8.86001	5.08354e-13
8.87633	5.04244e-13
8.89668	5.08778e-13
8.91699	5.153e-13
8.9332	4.9582e-13
8.95343	5.04551e-13
8.97361	4.97957e-13
8.99374	4.95333e-13
9.01383	5.0384e-13
9.02987	5.07801e-13
9.04988	4.91872e-13
9.06984	4.90007e-13
9.08976	4.81077e-13
9.10964	5.05789e-13
9.12947	4.90633e-13
9.14926	4.95248e-13
9.16506	4.90963e-13
9.18478	4.86684e-13
9.20445	4.9637e-13
9.22408	4.94193e-13
9.24367	4.82473e-13
9.26321	4.89196e-13
9.28272	4.83849e-13
9.30218	4.95692e-13
9.32161	4.75351e-13
9.34099	4.70451e-13
9.36034	4.80904e-13
9.37964	4.79816e-13
9.3989	4.92219e-13
9.41813	4.82172e-13
9.43731	4.7375e-13
9.46029	4.93718e-13
9.47939	4.55854e-13
9.49845	4.89151e-13
9.51747	4.99689e-13
9.53646	4.79908e-13
9.5554	4.65971e-13
9.57431	4.81257e-13
9.59696	4.69527e-13
9.61579	4.65967e-13
9.63458	4.64817e-13
9.65333	4.81857e-13
9.67579	4.57309e-13
9.69447	4.66669e-13
9.71311	4.59442e-13
9.73171	4.5767e-13
9.75399	4.75546e-13
9.77252	4.59438e-13
9.79101	4.70751e-13
9.81315	4.72636e-13
9.83156	4.64263e-13
9.84994	4.64337e-13
9.87196	4.66677e-13
9.89026	4.62917e-13
9.91218	4.75834e-13
9.93041	4.61095e-13
9.94861	4.60228e-13
9.9704	4.58043e-13
9.98853	4.48321e-13
10.0102	4.72703e-13
10.0283	4.72087e-13
10.0499	4.53709e-13
10.0679	4.5921e-13
10.0894	4.4429e-13
10.1109	4.50441e-13
10.1288	4.46097e-13
10.1502	4.44944e-13
10.168	4.59332e-13
10.1893	4.46348e-13
10.2106	4.46513e-13
10.2283	4.38349e-13
10.2495	4.6224e-13
10.2707	4.49892e-13
10.2883	4.51737e-13
10.3093	4.57348e-13
10.3304	4.52602e-13
10.3479	4.38826e-13
10.3688	4.51253e-13
10.3897	4.38021e-13
10.4106	4.42647e-13
10.4279	4.48156e-13
10.4487	4.36736e-13
10.4695	4.33277e-13
10.4902	4.58132e-13
10.5109	4.41821e-13
10.5315	4.36982e-13
10.5521	4.48626e-13
10.5692	4.46048e-13
10.5897	4.35039e-13
10.6102	4.34734e-13
10.6307	4.36819e-13
10.651	4.25549e-13
10.6714	4.39155e-13
10.6917	4.2601e-13
10.712	4.49043e-13
10.7323	4.46993e-13
10.7525	4.44132e-13
10.7726	4.28959e-13
10.7928	4.26716e-13
10.8128	4.3315e-13
10.8363	4.40597e-13
10.8555	4.2439e-13
10.8747	4.36718e-13
10.8972	4.39218e-13
10.9163	4.18673e-13
10.9386	4.32812e-13
10.9609	4.26568e-13
10.9831	4.24038e-13
11.002	4.38365e-13
11.0241	4.30031e-13
11.0461	4.32826e-13
11.0682	4.25986e-13
11.0902	4.34168e-13
11.1121	4.43942e-13
11.1341	4.46492e-13
11.1559	4.27649e-13
11.1777	4.35514e-13
11.1995	4.41279e-13
11.2212	4.20314e-13
11.2462	4.16172e-13
11.2678	4.15564e-13
11.2894	4.31269e-13
11.3142	4.26272e-13
11.3357	4.33652e-13
11.3603	4.2839e-13
11.3817	4.22031e-13
11.4063	4.25465e-13
11.4276	4.23888e-13
11.4521	4.18992e-13
11.4764	4.32103e-13
11.4977	4.27353e-13
11.5219	4.28339e-13
11.5462	4.29886e-13
11.5703	4.20776e-13
11.5945	4.2224e-13
11.6186	4.14597e-13
11.6426	4.13188e-13
11.6666	4.14517e-13
11.6905	4.31548e-13
11.7144	4.33446e-13
11.7382	4.25917e-13
11.762	4.06759e-13
11.7888	4.23534e-13
11.8124	4.28297e-13
11.836	4.12935e-13
11.8627	4.20683e-13
11.8862	4.15762e-13
11.9127	4.08979e-13
11.9361	4.03051e-13
11.9625	4.10655e-13
11.9858	4.18073e-13
12.0121	4.05216e-13
12.0383	4.19355e-13
12.0645	4.16751e-13
12.0877	4.15355e-13
12.1137	4.15504e-13
12.1397	4.22659e-13
12.1656	4.06644e-13
12.1915	4.21994e-13
12.2174	4.07821e-13
12.2431	4.11531e-13
12.2689	4.07521e-13
12.2975	3.92142e-13
12.3231	4.13848e-13
12.3487	4.02724e-13
12.3742	4.18919e-13
12.4026	4.07458e-13
12.428	4.1634e-13
12.4562	4.15531e-13
12.4815	4.01943e-13
12.5095	4.25974e-13
12.5348	4.08613e-13
12.5628	4.07364e-13
12.5879	4.00937e-13
12.6158	4.10415e-13
12.6436	3.99329e-13
12.6714	3.98249e-13
12.699	4.05291e-13
12.7267	4.0928e-13
12.7543	4.18088e-13
12.7819	4.05605e-13
12.8093	4.14765e-13
12.8368	4.13026e-13
12.8641	4.17144e-13
12.8915	4.07974e-13
12.9187	4.03912e-13
12.9487	4.17592e-13
12.9758	4.18631e-13
13.0057	4.01074e-13
13.0328	4.17602e-13
13.0625	3.9694e-13
13.0895	4.12137e-13
13.1191	4.07986e-13
13.1459	3.94462e-13
13.1755	4.09419e-13
13.2049	3.98639e-13
13.2343	4.23054e-13
13.2637	4.00402e-13
13.2902	4.03427e-13
13.3195	4.04087e-13
13.3486	4.03097e-13
13.3804	4.01651e-13
13.4095	4.10413e-13
13.4384	3.99946e-13
13.4674	3.93825e-13
13.4963	3.9595e-13
13.5277	4.08955e-13
13.5565	3.88521e-13
13.5878	4.00227e-13
13.6164	3.95493e-13
13.6477	3.93382e-13
13.6762	4.05962e-13
13.7073	4.01593e-13
13.7384	4.08735e-13
13.7693	3.93658e-13
13.7976	3.95789e-13
13.8284	3.94868e-13
13.8593	4.05051e-13
13.8899	3.83069e-13
13.9232	3.89953e-13
13.9537	3.90344e-13
13.9843	4.15159e-13
14.0147	3.89391e-13
14.0451	3.99249e-13
14.078	3.96994e-13
14.1083	3.80421e-13
14.141	4.09356e-13
14.1711	3.91761e-13
14.2038	4.01064e-13
14.2363	4.11311e-13
14.2688	3.89709e-13
14.2987	3.92564e-13
14.331	3.9562e-13
14.3632	3.95817e-13
14.3954	3.87401e-13
14.4276	3.91392e-13
14.4621	3.95632e-13
14.4941	3.95519e-13
14.526	4.04193e-13
14.5578	3.96201e-13
14.5921	3.84809e-13
14.6238	3.87585e-13
14.6579	3.87649e-13
14.6895	3.92383e-13
14.7234	3.92695e-13
14.7573	3.80495e-13
14.791	3.85815e-13
14.8248	3.75581e-13
14.856	3.74305e-13
14.8896	3.99012e-13
14.9255	3.87665e-13
14.9589	3.89601e-13
14.9922	3.81365e-13
15.0256	3.98833e-13
15.0611	3.88783e-13
15.0942	3.77834e-13
15.1297	3.6853e-13
15.1626	3.84815e-13
15.1979	3.83816e-13
15.2331	3.70881e-13
15.2659	3.89328e-13
15.3009	3.8012e-13
15.3358	3.78008e-13
15.3707	3.79122e-13
15.4078	3.73135e-13
15.4425	3.9706e-13
15.4771	3.79803e-13
15.5117	3.80844e-13
15.5485	3.81207e-13
15.5829	3.89463e-13
15.6195	3.87375e-13
15.6537	3.71775e-13
15.6902	3.81872e-13
15.7265	3.6653e-13
15.7628	3.78042e-13
15.799	3.79003e-13
15.8351	3.75679e-13
15.8711	3.63113e-13
15.9071	3.77495e-13
15.9452	3.70894e-13
15.981	3.80817e-13
16.0189	3.77188e-13
16.0545	3.76569e-13
16.0923	3.72723e-13
16.1278	3.75498e-13
16.1653	3.73609e-13
16.2028	3.67559e-13
16.2403	3.66733e-13
16.2775	3.78347e-13
16.3148	3.62771e-13
16.3542	3.76422e-13
16.3912	3.7056e-13
16.4281	3.83467e-13
16.4673	3.73076e-13
16.5062	3.7735e-13
16.5429	3.71039e-13
16.5818	3.72116e-13
16.6205	3.66887e-13
16.659	3.67164e-13
16.6976	3.74683e-13
16.736	3.71561e-13
16.7744	3.73879e-13
16.8148	3.73177e-13
16.8529	3.71297e-13
16.8931	3.65926e-13
16.9311	3.65864e-13
16.9711	3.77083e-13
17.011	3.70128e-13
17.0508	3.63242e-13
17.0907	3.58207e-13
17.1302	3.62104e-13
17.1698	3.68456e-13
17.2092	3.63104e-13
17.2507	3.72045e-13
17.2899	3.77051e-13
17.3311	3.6781e-13
17.3702	3.61725e-13
17.4112	3.72047e-13
17.4522	3.67189e-13
17.4931	3.67765e-13
17.5339	3.6893e-13
17.5765	3.56485e-13
17.617	3.62295e-13
17.6575	3.65708e-13
17.6999	3.60989e-13
17.7403	3.60563e-13
17.7824	3.64408e-13
17.8245	3.64627e-13
17.8665	3.64799e-13
17.9084	3.71156e-13
17.9501	3.59563e-13
17.9938	3.60754e-13
18.0354	3.69371e-13
18.0789	3.5777e-13
18.1203	3.65191e-13
18.1635	3.51363e-13
18.2067	3.53627e-13
18.2497	3.5432e-13
18.2927	3.49015e-13
18.3356	3.57616e-13
18.3783	3.53764e-13
18.423	3.57013e-13
18.4656	3.58992e-13
18.51	3.58731e-13
18.5542	3.49997e-13
18.5965	3.53449e-13
18.6406	3.54122e-13
18.6864	3.72585e-13
18.7303	3.6635e-13
18.774	3.65828e-13
18.8195	3.62034e-13
18.863	3.57901e-13
18.9084	3.65771e-13
18.9536	3.46378e-13
18.9987	3.55619e-13
19.0437	3.54373e-13
19.0886	3.50354e-13
19.1353	3.55544e-13
19.18	3.49041e-13
19.2264	3.55739e-13
19.2728	3.52031e-13
19.3171	3.5379e-13
19.3633	3.54442e-13
19.4111	3.64676e-13
19.457	3.34435e-13
19.5027	3.46041e-13
19.5502	3.59738e-13
19.5976	3.53319e-13
19.643	3.56917e-13
19.6902	3.53734e-13
19.7372	3.57116e-13
19.786	3.52073e-13
19.8327	3.55836e-13
19.8812	3.419e-13
19.9278	3.49629e-13
19.9761	3.49821e-13
20.0243	3.55928e-13
20.0723	3.46392e-13
20.1202	3.48655e-13
20.1679	3.50191e-13
20.2174	3.58824e-13
20.265	3.46927e-13
20.3142	3.43358e-13
20.3633	3.51746e-13
20.4123	3.46366e-13
20.4612	3.46987e-13
20.5116	3.36976e-13
20.5602	3.48472e-13
20.6105	3.42675e-13
20.6606	3.62705e-13
20.7106	3.44979e-13
20.7605	3.54892e-13
20.8102	3.44223e-13
20.8615	3.45068e-13
20.911	3.55337e-13
20.9622	3.41307e-13
21.0132	3.47667e-13
21.0639	3.45282e-13
21.1147	3.38369e-13
21.167	3.40109e-13
21.2174	3.5694e-13
21.2695	3.37261e-13
21.3215	3.46332e-13
21.3731	3.50619e-13
21.4248	3.46842e-13
21.4763	3.52599e-13
21.5294	3.43307e-13
21.5824	3.50314e-13
21.6351	3.39705e-13
21.6878	3.46119e-13
21.7403	3.41555e-13
21.7928	3.38407e-13
21.8467	3.50928e-13
21.8988	3.35273e-13
21.9525	3.41684e-13
22.0077	3.41422e-13
22.0611	3.45824e-13
22.1142	3.32651e-13
22.169	3.36533e-13
22.2237	3.42365e-13
22.2782	3.38533e-13
22.3325	3.32573e-13
22.3866	3.39889e-13
22.4423	3.35984e-13
22.4963	3.40235e-13
22.5517	3.34269e-13
22.6086	3.33161e-13
22.6636	3.3188e-13
22.7186	3.34317e-13
22.7751	3.35933e-13
22.8314	3.46531e-13
22.8874	3.38255e-13
22.9434	3.28433e-13
23.0009	3.38822e-13
23.0567	3.28973e-13
23.1137	3.43392e-13
23.1707	3.26496e-13
23.2276	3.41902e-13
23.2858	3.2647e-13
23.3425	3.33341e-13
23.4003	3.28996e-13
23.4582	3.30782e-13
23.5159	3.27937e-13
23.5749	3.3912e-13
23.6338	3.28054e-13
23.691	3.34987e-13
23.7511	3.35453e-13
23.8096	3.21511e-13
23.8678	3.27729e-13
23.9276	3.35939e-13
23.9871	3.36245e-13
24.0465	3.32216e-13
24.1056	3.22405e-13
24.1661	3.36744e-13
24.2266	3.29475e-13
24.2869	3.247e-13
24.3468	3.34971e-13
24.4083	3.18208e-13
24.4681	3.38021e-13
24.5293	3.27778e-13
24.5902	3.24921e-13
24.6524	3.28739e-13
24.713	3.27994e-13
24.775	3.2852e-13
24.8368	3.21829e-13
24.8998	3.24949e-13
24.9613	3.24196e-13
25.024	3.26124e-13
25.0866	3.27123e-13
25.1489	3.27193e-13
25.2127	3.33327e-13
25.2763	3.29944e-13
25.3383	3.36709e-13
25.4027	3.26281e-13
25.4658	3.24177e-13
25.5302	3.34929e-13
25.5944	3.19539e-13
25.6583	3.24679e-13
25.7234	3.13595e-13
25.7885	3.09784e-13
25.8534	3.14111e-13
25.9181	3.25748e-13
25.9825	3.1476e-13
26.0483	3.28668e-13
26.1139	3.24815e-13
26.1808	3.17033e-13
26.2459	3.24997e-13
26.3124	3.28872e-13
26.3787	3.23832e-13
26.4462	3.2459e-13
26.5121	3.25781e-13
26.5792	3.2396e-13
26.6462	3.22043e-13
26.7143	3.21535e-13
26.7808	3.15553e-13
26.8472	3.18454e-13
26.9136	3.23927e-13
26.9797	3.2335e-13
27.0587	3.2211e-13
27.1245	3.12098e-13
27.1902	3.23513e-13
27.2557	3.15237e-13
27.334	3.2192e-13
27.399	3.25881e-13
27.464	3.1431e-13
27.5417	3.27951e-13
27.6064	3.12813e-13
27.6836	3.09213e-13
27.7479	3.0593e-13
27.8249	3.17376e-13
27.8888	3.18811e-13
27.9654	3.30235e-13
28.029	3.1883e-13
28.1052	3.11611e-13
28.1812	3.07857e-13
28.2442	3.11118e-13
28.3198	3.12881e-13
28.3953	3.24971e-13
28.4705	3.16547e-13
28.5453	3.1076e-13
28.6077	3.16767e-13
28.6823	3.15195e-13
28.7568	3.20432e-13
28.8311	3.13039e-13
28.905	3.14928e-13
28.9789	3.13545e-13
29.0526	3.1169e-13
29.1262	3.15439e-13
29.2115	3.06961e-13
29.2846	3.15333e-13
29.3575	3.05731e-13
29.4303	3.20078e-13
29.5027	3.04262e-13
29.5872	3.07784e-13
29.6594	3.07296e-13
29.7314	3.20154e-13
29.815	3.13285e-13
29.8866	3.08984e-13
29.97	3.16849e-13
30.0413	3.13682e-13
30.124	3.04322e-13
30.1949	3.17249e-13
30.2774	3.08876e-13
30.3598	3.06826e-13
30.4299	3.03548e-13
30.5118	3.09324e-13
30.5934	3.10032e-13
30.6748	3.11461e-13
30.7561	3.15577e-13
30.8254	3.02269e-13
30.9062	3.04071e-13
30.9868	3.08926e-13
31.0672	3.06752e-13
31.1472	3.08506e-13
31.2387	3.15394e-13
31.3184	3.05081e-13
31.3979	3.09905e-13
31.4771	3.07002e-13
31.5562	3.09103e-13
31.6464	3.08201e-13
31.7252	2.96443e-13
31.8036	3.07811e-13
31.8931	3.01353e-13
31.9712	3.12592e-13
32.0602	3.06373e-13
32.1379	3.04821e-13
32.2264	3.10346e-13
32.3036	3.10917e-13
32.3918	3.08955e-13
32.4796	3.05157e-13
32.5671	3.00516e-13
32.6436	2.99143e-13
32.7308	3.02717e-13
32.8178	3.09551e-13
32.9043	3.02548e-13
32.9908	2.99589e-13
33.0771	3.05312e-13
33.1633	2.93803e-13
33.2491	3.02841e-13
33.3345	3.03906e-13
33.4306	3.09127e-13
33.5157	3.06457e-13
33.6006	3.00335e-13
33.6958	3.01169e-13
33.7803	2.92537e-13
33.8645	3.00347e-13
33.9591	2.92222e-13
34.0427	2.99396e-13
34.1368	2.99396e-13
34.2307	2.94733e-13
34.3138	3.02878e-13
34.4069	3.04617e-13
34.5	2.98155e-13
34.5928	3.0148e-13
34.6854	3.00669e-13
34.7775	2.93038e-13
34.8696	2.95628e-13
34.9614	3.08011e-13
35.053	2.95534e-13
35.1441	2.96153e-13
35.2353	2.9865e-13
35.3262	3.07069e-13
35.4269	2.92829e-13
35.517	3.0008e-13
35.6072	2.99975e-13
35.7071	3.02679e-13
35.7968	3.00935e-13
35.896	2.99339e-13
35.9951	2.99175e-13
36.084	3.07565e-13
36.1826	2.92733e-13
36.2807	2.91996e-13
36.3789	2.89839e-13
36.4766	2.95707e-13
36.5742	2.97124e-13
36.6712	2.90791e-13
36.7682	2.91473e-13
36.865	2.98258e-13
36.9613	2.885e-13
37.0575	2.89944e-13
37.1631	2.85389e-13
37.2588	2.86525e-13
37.3542	2.96668e-13
37.4589	2.98241e-13
37.5539	3.06925e-13
37.658	2.85859e-13
37.7617	2.94531e-13
37.856	2.93193e-13
37.9594	2.93417e-13
38.0622	2.83888e-13
38.165	2.87379e-13
38.2675	2.91088e-13
38.3697	2.95054e-13
38.4716	3.01661e-13
38.5733	2.83051e-13
38.6839	2.92155e-13
38.7848	2.81182e-13
38.8857	2.86173e-13
38.9956	2.87311e-13
39.0957	2.99457e-13
39.2048	2.9827e-13
39.3046	2.87089e-13
39.4132	2.9498e-13
39.5213	2.86984e-13
39.6293	2.98346e-13
39.737	2.82495e-13
39.8442	2.9393e-13
39.9513	2.86124e-13
40.0582	2.92963e-13
40.1645	2.79832e-13
40.2707	2.84076e-13
40.3855	2.98181e-13
40.4912	2.87893e-13
40.6053	2.85739e-13
40.7104	2.81595e-13
40.8239	2.9654e-13
40.9282	2.85098e-13
41.0413	2.83594e-13
41.1539	2.88991e-13
41.266	2.84303e-13
41.378	2.89382e-13
41.4897	2.80475e-13
41.601	3.0246e-13
41.7122	2.79878e-13
41.8315	2.83771e-13
41.9418	2.88905e-13
42.052	2.83506e-13
42.1705	2.88839e-13
42.2883	2.85201e-13
42.3976	2.81865e-13
42.515	2.82533e-13
42.6318	2.80586e-13
42.7487	2.82231e-13
42.8652	2.81145e-13
42.981	2.83493e-13
43.0969	2.85108e-13
43.2125	2.8985e-13
43.3357	2.85324e-13
43.4505	2.75054e-13
43.5733	2.8478e-13
43.6873	2.73765e-13
43.8095	2.7884e-13
43.9309	2.93236e-13
44.0523	2.86671e-13
44.1653	2.77756e-13
44.286	2.94089e-13
44.4144	2.86718e-13
44.5345	2.7566e-13
44.654	2.76246e-13
44.7735	2.88417e-13
44.9003	2.83889e-13
45.0191	2.79076e-13
45.1454	2.82636e-13
45.2712	2.79073e-13
45.397	2.80216e-13
45.522	2.733e-13
45.647	2.86386e-13
45.7716	2.80031e-13
45.8957	2.74382e-13
46.0197	2.75931e-13
46.1507	2.74437e-13
46.274	2.90233e-13
46.4047	2.69727e-13
46.527	2.88106e-13
46.6569	2.79484e-13
46.7862	2.73045e-13
46.9155	2.76825e-13
47.044	2.83418e-13
47.1725	2.65838e-13
47.3081	2.69812e-13
47.4357	2.71725e-13
47.5631	2.66684e-13
47.6974	2.73802e-13
47.8317	2.78183e-13
47.9577	2.7656e-13
48.0911	2.80995e-13
48.2239	2.87335e-13
48.3568	2.77538e-13
48.4961	2.74491e-13
48.6281	2.63589e-13
48.7594	2.94051e-13
48.898	2.74716e-13
49.0362	2.74378e-13
49.1663	2.79214e-13
49.3038	2.6925e-13
49.4406	2.7311e-13
49.5771	2.73437e-13
49.7131	2.73133e-13
49.8562	2.76035e-13
49.9914	2.78623e-13
50.1336	2.73137e-13
50.2682	2.69619e-13
50.4093	2.68003e-13
50.5503	2.75647e-13
50.6907	2.74212e-13
50.831	2.7457e-13
50.9706	2.70917e-13
51.117	2.69989e-13
51.256	2.70426e-13
51.4016	2.69171e-13
51.5396	2.72637e-13
51.6844	2.7019e-13
51.8287	2.69593e-13
51.9724	2.7283e-13
52.116	2.63495e-13
52.2659	2.74955e-13
52.4087	2.79397e-13
52.5576	2.64163e-13
52.6997	2.67152e-13
52.8478	2.70195e-13
52.9955	2.69078e-13
53.1431	2.6253e-13
53.2966	2.67438e-13
53.4433	2.65801e-13
53.5895	2.63267e-13
53.7417	2.64144e-13
53.8938	2.69641e-13
54.0452	2.66204e-13
54.1963	2.69974e-13
54.3471	2.79802e-13
54.4972	2.65697e-13
54.6474	2.64279e-13
54.8031	2.67725e-13
54.9584	2.75637e-13
55.1138	2.68466e-13
55.2618	2.63944e-13
55.4223	2.62447e-13
55.5763	2.63042e-13
55.7295	2.64671e-13
55.8885	2.63545e-13
56.0413	2.62095e-13
56.1995	2.65988e-13
56.3573	2.63306e-13
56.5151	2.67307e-13
56.6783	2.66241e-13
56.8347	2.809e-13
56.9971	2.6673e-13
57.153	2.63548e-13
57.3143	2.54108e-13
57.4754	2.53797e-13
57.6361	2.59802e-13
57.8022	2.65664e-13
57.9619	2.63686e-13
58.1271	2.62122e-13
58.2922	2.66931e-13
58.4505	2.63228e-13
58.6204	2.69892e-13
58.7838	2.53587e-13
58.9472	2.59189e-13
59.1156	2.6144e-13
59.2836	2.62797e-13
59.4453	2.61183e-13
59.6183	2.56678e-13
59.785	2.59585e-13
59.9514	2.62534e-13
60.123	2.57642e-13
60.2883	2.57548e-13
60.4589	2.63191e-13
60.629	2.63039e-13
60.8046	2.65717e-13
60.9741	2.63359e-13
61.1486	2.62992e-13
61.317	2.55721e-13
61.4905	2.58241e-13
61.6635	2.67577e-13
61.8419	2.55926e-13
62.014	2.47633e-13
62.1914	2.59009e-13
62.3685	2.59412e-13
62.5448	2.62959e-13
62.7207	2.59652e-13
62.896	2.57287e-13
63.0764	2.54701e-13
63.2509	2.55831e-13
63.4303	2.53722e-13
63.6094	2.55982e-13
63.7934	2.57035e-13
63.9712	2.49541e-13
64.1544	2.56291e-13
64.3368	2.57133e-13
64.5188	2.54141e-13
64.7002	2.55372e-13
64.8811	2.67988e-13
65.0671	2.52914e-13
65.252	2.55753e-13
65.437	2.54309e-13
65.6213	2.51826e-13
65.805	2.47212e-13
65.9938	2.65995e-13
66.1819	2.55728e-13
66.3696	2.54358e-13
66.5566	2.49249e-13
66.7431	2.54058e-13
66.9342	2.55152e-13
67.1249	2.50857e-13
67.3153	2.47251e-13
67.505	2.50724e-13
67.6993	2.61099e-13
67.8881	2.57142e-13
68.081	2.51171e-13
68.2739	2.58331e-13
68.4713	2.55018e-13
68.6631	2.5605e-13
68.859	2.49544e-13
69.0547	2.51944e-13
69.25	2.47079e-13
69.4442	2.51346e-13
69.6436	2.42355e-13
69.8422	2.51425e-13
70.04	2.46503e-13
70.2375	2.4395e-13
70.4397	2.58556e-13
70.6407	2.47754e-13
70.8415	2.57062e-13
71.0415	2.57992e-13
71.2412	2.50849e-13
71.4451	2.50037e-13
71.6486	2.5251e-13
71.8513	2.50101e-13
72.0537	2.4965e-13
72.2602	2.54749e-13
72.4664	2.57721e-13
72.6717	2.55197e-13
72.8767	2.44396e-13
73.0857	2.46969e-13
73.2944	2.44556e-13
73.5023	2.46556e-13
73.7093	2.57655e-13
73.9213	2.43731e-13
74.1271	2.52662e-13
74.3422	2.45661e-13
74.5521	2.46829e-13
74.7612	2.46394e-13
74.9743	2.45959e-13
75.187	2.44846e-13
75.404	2.49974e-13
75.6154	2.65486e-13
75.8308	2.48927e-13
76.0457	2.45861e-13
76.2645	2.43632e-13
76.4782	2.46782e-13
76.6962	2.38919e-13
76.9134	2.45613e-13
77.1343	2.41618e-13
77.3548	2.47396e-13
77.5745	2.40629e-13
77.7937	2.45088e-13
78.0122	2.53125e-13
78.2347	2.50152e-13
78.4567	2.42931e-13
78.6823	2.44778e-13
78.903	2.42452e-13
79.1273	2.42905e-13
79.3508	2.43638e-13
79.5783	2.37671e-13
79.8054	2.43965e-13
80.0317	2.41224e-13
80.2575	2.42983e-13
80.4867	2.52447e-13
80.7155	2.37176e-13
80.9438	2.40272e-13
81.1708	2.44279e-13
81.4022	2.43979e-13
81.6327	2.46673e-13
81.8667	2.3659e-13
82.0961	2.39695e-13
82.329	2.34953e-13
82.5653	2.42872e-13
82.797	2.42596e-13
83.032	2.46484e-13
83.2662	2.45914e-13
83.5044	2.38228e-13
83.7416	2.35248e-13
83.9787	2.44176e-13
84.2143	2.39978e-13
84.4416	2.36196e-13
84.693	2.43892e-13
84.9434	2.46438e-13
85.1934	2.39427e-13
85.4007	2.42886e-13
85.6497	2.48064e-13
85.8976	2.40638e-13
86.1444	2.34525e-13
86.3908	2.38589e-13
86.6365	2.44763e-13
86.8813	2.36364e-13
87.1256	2.31546e-13
87.3693	2.35808e-13
87.6122	2.35912e-13
87.8543	2.40802e-13
88.0959	2.42929e-13
88.3771	2.46265e-13
88.6173	2.34548e-13
88.8568	2.38327e-13
89.095	2.2844e-13
89.373	2.41667e-13
89.61	2.35079e-13
89.8469	2.38328e-13
90.1226	2.40776e-13
90.3576	2.34882e-13
90.6317	2.32362e-13
90.8651	2.28586e-13
91.1377	2.37992e-13
91.4095	2.37067e-13
91.6412	2.24597e-13
91.911	2.42533e-13
92.1804	2.37286e-13
92.4104	2.44161e-13
92.6779	2.42077e-13
92.9451	2.33347e-13
93.211	2.33044e-13
93.4762	2.34729e-13
93.7406	2.28946e-13
94.0045	2.31145e-13
94.2674	2.30777e-13
94.5295	2.34039e-13
94.7912	2.30877e-13
95.0518	2.34581e-13
95.312	2.3396e-13
95.5713	2.391e-13
95.8668	2.35949e-13
96.1247	2.2795e-13
96.3817	2.29511e-13
96.675	2.39512e-13
96.9307	2.27139e-13
97.222	2.37331e-13
97.4756	2.35704e-13
97.7292	2.34023e-13
98.0184	2.41942e-13
98.306	2.36906e-13
98.5575	2.31574e-13
98.844	2.34092e-13
99.1293	2.29171e-13
99.3785	2.27616e-13
99.6626	2.2338e-13
99.9456	2.3029e-13
100.228	2.31508e-13
100.509	2.27251e-13
100.79	2.30349e-13
101.07	2.28873e-13
101.349	2.35871e-13
101.627	2.29101e-13
101.905	2.27858e-13
102.182	2.34906e-13
102.458	2.35912e-13
102.767	2.37837e-13
103.042	2.2732e-13
103.315	2.30091e-13
103.623	2.3734e-13
103.894	2.25876e-13
104.199	2.31895e-13
104.471	2.34488e-13
104.774	2.39234e-13
105.042	2.34481e-13
105.345	2.30052e-13
105.645	2.3368e-13
105.912	2.30294e-13
106.211	2.2592e-13
106.51	2.2936e-13
106.807	2.25511e-13
107.104	2.23726e-13
107.399	2.26826e-13
107.694	2.30185e-13
107.988	2.20708e-13
108.282	2.2521e-13
108.574	2.2146e-13
108.866	2.23169e-13
109.156	2.28146e-13
109.447	2.29117e-13
109.768	2.28824e-13
110.056	2.31319e-13
110.343	2.25431e-13
110.662	2.29098e-13
110.948	2.17814e-13
111.265	2.40521e-13
111.549	2.17143e-13
111.864	2.3412e-13
112.178	2.21238e-13
112.491	2.21983e-13
112.772	2.33716e-13
113.083	2.25269e-13
113.394	2.19042e-13
113.704	2.15167e-13
114.012	2.22066e-13
114.32	2.2707e-13
114.627	2.28145e-13
114.934	2.24516e-13
115.239	2.20417e-13
115.543	2.29243e-13
115.877	2.26913e-13
116.18	2.26339e-13
116.481	2.26969e-13
116.813	2.20764e-13
117.112	2.22388e-13
117.442	2.22977e-13
117.74	2.23907e-13
118.068	2.24858e-13
118.364	2.20059e-13
118.69	2.19663e-13
119.015	2.28016e-13
119.338	2.18539e-13
119.661	2.22328e-13
119.954	2.19697e-13
120.274	2.22448e-13
120.594	2.21754e-13
120.942	2.20661e-13
121.261	2.17897e-13
121.579	2.21049e-13
121.895	2.18082e-13
122.21	2.2023e-13
122.553	2.1602e-13
122.867	2.21383e-13
123.209	2.17781e-13
123.52	2.21847e-13
123.86	2.34067e-13
124.169	2.24723e-13
124.507	2.17526e-13
124.816	2.17366e-13
125.151	2.26635e-13
125.486	2.20408e-13
125.82	2.14234e-13
126.152	2.25699e-13
126.484	2.25551e-13
126.815	2.17108e-13
127.145	2.14594e-13
127.474	2.17086e-13
127.802	2.27951e-13
128.157	2.19698e-13
128.483	2.19145e-13
128.807	2.2056e-13
129.159	2.15518e-13
129.483	2.18435e-13
129.832	2.30915e-13
130.154	2.19951e-13
130.501	2.22759e-13
130.848	2.26691e-13
131.166	2.28319e-13
131.511	2.16512e-13
131.855	2.14141e-13
132.197	2.2377e-13
132.538	2.24219e-13
132.879	2.21033e-13
133.219	2.20439e-13
133.557	2.23292e-13
133.895	2.19412e-13
134.258	2.23539e-13
134.593	2.12286e-13
134.954	2.18746e-13
135.288	2.18315e-13
135.621	2.17581e-13
135.979	2.16993e-13
136.335	2.18861e-13
136.665	2.17348e-13
137.02	2.20666e-13
137.373	2.16699e-13
137.726	2.20593e-13
138.078	2.16655e-13
138.428	2.16243e-13
138.778	2.23932e-13
139.126	2.20348e-13
139.474	2.14126e-13
139.821	2.11597e-13
140.191	2.17122e-13
140.535	2.16331e-13
140.878	2.15266e-13
141.246	2.19593e-13
141.587	2.11041e-13
141.952	2.16322e-13
142.316	2.19336e-13
142.655	2.09313e-13
143.017	2.19927e-13
143.378	2.12801e-13
143.738	2.18803e-13
144.097	2.14211e-13
144.455	2.12855e-13
144.811	2.12743e-13
145.167	2.14124e-13
145.546	2.16482e-13
145.899	2.17751e-13
146.251	2.22687e-13
146.627	2.15161e-13
146.977	2.15364e-13
147.35	2.20332e-13
147.699	2.14097e-13
148.07	2.17757e-13
148.44	2.1465e-13
148.785	2.16431e-13
149.153	2.15493e-13
149.519	2.16315e-13
149.885	2.16974e-13
150.25	2.20592e-13
150.613	2.13279e-13
150.999	2.08384e-13
151.359	2.12655e-13
151.72	2.14399e-13
152.102	2.18968e-13
152.46	2.10329e-13
152.839	2.14335e-13
153.195	2.19224e-13
153.572	2.10627e-13
153.949	2.17671e-13
154.302	2.15699e-13
154.675	2.1854e-13
155.049	2.06719e-13
155.42	2.17615e-13
155.791	2.05353e-13
156.161	2.14781e-13
156.551	2.07455e-13
156.918	2.1667e-13
157.285	2.12453e-13
157.672	2.14491e-13
158.036	2.10783e-13
158.421	2.04858e-13
158.783	2.16184e-13
159.165	2.08156e-13
159.546	2.1262e-13
159.926	2.17323e-13
160.306	2.11701e-13
160.684	2.07811e-13
161.061	2.08284e-13
161.436	2.09302e-13
161.81	2.24706e-13
162.183	2.10291e-13
162.556	2.13887e-13
162.948	2.1101e-13
163.318	2.08337e-13
163.708	2.04312e-13
164.096	2.14338e-13
164.462	2.13205e-13
164.848	2.12065e-13
165.233	2.11604e-13
165.617	2.15199e-13
166	2.11343e-13
166.381	2.1637e-13
166.761	2.01397e-13
167.14	2.07426e-13
167.517	2.02912e-13
167.914	2.10474e-13
168.29	2.15123e-13
168.685	2.08831e-13
169.057	2.1295e-13
169.45	2.07311e-13
169.841	2.03374e-13
170.21	2.06081e-13
170.598	2.05354e-13
170.985	2.13384e-13
171.372	2.08352e-13
171.756	2.16085e-13
172.16	2.09532e-13
172.542	2.10374e-13
172.923	2.09045e-13
173.322	2.07518e-13
173.701	2.06085e-13
174.097	2.09816e-13
174.474	2.0791e-13
174.868	2.06161e-13
175.261	2.22794e-13
175.653	2.12892e-13
176.043	2.06778e-13
176.433	2.04552e-13
176.821	2.06465e-13
177.207	2.14788e-13
177.592	2.07515e-13
177.996	2.06079e-13
178.379	2.05533e-13
178.779	2.04555e-13
179.159	2.05561e-13
179.558	2.13461e-13
179.954	2.17535e-13
180.349	2.17804e-13
180.744	1.98571e-13
181.136	2.10989e-13
181.527	2.12846e-13
181.917	2.07575e-13
182.306	2.08657e-13
182.712	2.09763e-13
183.098	2.12593e-13
183.501	2.0782e-13
183.885	2.09913e-13
184.285	2.09609e-13
184.684	2.09681e-13
185.083	2.0945e-13
185.459	2.05704e-13
185.873	2.15596e-13
186.267	2.07745e-13
186.659	2.04442e-13
187.05	2.07603e-13
187.458	2.06054e-13
187.846	2.08615e-13
188.25	2.07884e-13
188.636	2.08277e-13
189.039	2.06424e-13
189.439	2.14768e-13
189.839	2.10632e-13
190.236	2.08252e-13
190.632	2.07712e-13
191.027	2.04836e-13
191.42	2.14384e-13
191.831	2.08559e-13
192.221	2.02984e-13
192.629	2.09176e-13
193.016	2.13101e-13
193.419	2.06127e-13
193.822	2.08519e-13
194.224	2.05692e-13
194.623	2.06145e-13
195.021	2.11988e-13
195.417	2.00299e-13
195.813	2.09321e-13
196.225	2.09683e-13
196.616	2.10761e-13
197.024	2.15967e-13
197.413	2.11282e-13
197.819	2.06827e-13
198.222	2.05227e-13
198.624	2.0931e-13
199.024	2.04139e-13
199.424	2.08213e-13
199.821	2.05973e-13
200.235	2.12387e-13
200.629	2.12303e-13
201.038	2.07519e-13
201.43	2.0398e-13
201.837	2.09918e-13
202.241	2.11301e-13
202.646	2.12498e-13
203.047	2.13002e-13
203.447	2.06366e-13
203.847	2.12216e-13
204.261	2.12186e-13
204.656	2.04935e-13
205.067	2.12744e-13
205.459	2.11576e-13
205.867	2.18596e-13
206.272	2.07049e-13
206.677	2.03827e-13
207.079	2.09658e-13
207.482	2.13488e-13
207.881	2.08682e-13
208.294	2.0996e-13
208.691	2.10362e-13
209.101	2.10541e-13
209.51	2.04722e-13
209.902	2.08719e-13
210.308	2.09262e-13
210.712	2.0692e-13
211.114	2.11342e-13
211.531	2.07726e-13
211.931	2.20547e-13
212.344	2.09095e-13
212.74	2.12113e-13
213.151	2.16714e-13
213.559	2.10183e-13
213.95	2.13052e-13
214.355	2.07645e-13
214.773	2.12954e-13
215.175	2.07628e-13
215.576	2.07862e-13
215.989	2.13739e-13
216.387	2.11257e-13
216.796	2.13858e-13
217.204	2.08704e-13
217.612	2.07008e-13
218.017	2.14522e-13
218.421	2.12863e-13
218.823	2.07838e-13
219.222	2.09214e-13
219.637	2.09566e-13
220.032	2.09629e-13
220.443	2.10234e-13
220.851	2.11176e-13
221.258	2.11209e-13
221.663	2.1748e-13
222.066	2.10453e-13
222.467	2.0848e-13
222.882	2.14477e-13
223.28	2.16693e-13
223.69	2.06153e-13
224.1	2.13509e-13
224.494	2.1698e-13
224.899	2.1483e-13
225.303	2.08735e-13
225.719	2.11336e-13
226.12	2.14166e-13
226.519	2.12313e-13
226.931	2.1539e-13
227.341	2.13754e-13
227.733	2.13936e-13
228.14	2.1449e-13
228.545	2.15222e-13
228.948	2.18556e-13
229.362	2.218e-13
229.761	2.21342e-13
230.174	2.10996e-13
230.569	2.07331e-13
230.976	2.18421e-13
231.383	2.15816e-13
231.788	2.13868e-13
232.19	2.21459e-13
232.591	2.17468e-13
232.991	2.2656e-13
233.402	2.18011e-13
233.798	2.207e-13
234.206	2.18671e-13
234.598	2.12955e-13
235.002	2.21083e-13
235.406	2.14419e-13
235.806	2.17004e-13
236.218	2.24578e-13
236.616	2.12979e-13
237.012	2.20989e-13
237.418	2.212e-13
237.825	2.12703e-13
238.215	2.12972e-13
238.617	2.19417e-13
239.018	2.19148e-13
239.416	2.20456e-13
239.827	2.21858e-13
240.222	2.24687e-13
240.615	2.22154e-13
241.02	2.20378e-13
241.41	2.2336e-13
241.811	2.21847e-13
242.211	2.23291e-13
242.611	2.16326e-13
243.006	2.22329e-13
243.401	2.16348e-13
243.794	2.25357e-13
244.198	2.24533e-13
244.588	2.22062e-13
244.988	2.17056e-13
245.374	2.15007e-13
245.772	2.34524e-13
246.168	2.2216e-13
246.563	2.17786e-13
246.954	2.18094e-13
247.345	2.23722e-13
247.735	2.17589e-13
248.136	2.27257e-13
248.522	2.2248e-13
248.918	2.2085e-13
249.301	2.209e-13
249.695	2.19814e-13
250.075	2.19312e-13
250.466	2.23489e-13
250.855	2.24213e-13
251.241	2.31823e-13
251.627	2.25886e-13
252.012	2.25839e-13
252.395	2.22194e-13
252.776	2.30572e-13
253.155	2.26897e-13
253.534	2.2428e-13
253.912	2.24822e-13
254.286	2.28768e-13
254.66	2.29716e-13
255.033	2.27129e-13
255.404	2.31423e-13
255.894	2.31931e-13
256.262	2.2912e-13
256.628	2.26043e-13
256.995	2.32254e-13
257.357	2.33354e-13
257.722	2.34847e-13
258.082	2.43631e-13
258.442	2.29437e-13
258.801	2.31282e-13
259.157	2.3131e-13
259.632	2.35952e-13
259.987	2.36374e-13
260.342	2.306e-13
260.694	2.31291e-13
261.045	2.33062e-13
261.395	2.39812e-13
261.745	2.43152e-13
262.093	2.29335e-13
262.554	2.30753e-13
262.901	2.40183e-13
263.244	2.35643e-13
263.588	2.28088e-13
263.932	2.31852e-13
264.272	2.31609e-13
264.613	2.32754e-13
264.952	2.40053e-13
265.404	2.36378e-13
265.742	2.3549e-13
266.078	2.37309e-13
266.413	2.33609e-13
266.747	2.35059e-13
267.083	2.34808e-13
267.414	2.40003e-13
267.746	2.36251e-13
268.078	2.353e-13
268.409	2.33271e-13
268.738	2.33894e-13
269.177	2.44241e-13
269.505	2.39761e-13
269.832	2.33215e-13
270.158	2.3929e-13
270.485	2.37718e-13
270.81	2.37312e-13
271.135	2.40685e-13
271.459	2.39738e-13
271.781	2.41487e-13
272.104	2.45111e-13
272.427	2.40622e-13
272.748	2.45153e-13
273.069	2.44607e-13
273.389	2.40055e-13
273.71	2.3749e-13
273.922	2.47622e-13
274.241	2.42864e-13
274.56	2.52591e-13
274.88	2.48489e-13
275.197	2.44019e-13
275.515	2.50622e-13
275.831	2.43737e-13
276.044	2.43721e-13
276.36	2.47022e-13
276.676	2.43986e-13
276.992	2.46164e-13
277.204	2.43779e-13
277.52	2.44091e-13
277.836	2.53887e-13
278.152	2.42701e-13
278.363	2.44004e-13
278.677	2.47581e-13
278.888	2.40885e-13
279.205	2.51314e-13
279.52	2.4946e-13
279.732	2.55487e-13
280.047	2.49228e-13
280.258	2.52184e-13
280.575	2.5443e-13
280.788	2.58184e-13
280.999	2.47788e-13
281.316	2.50898e-13
281.531	2.4796e-13
281.743	2.54362e-13
282.06	2.59415e-13
282.275	2.51449e-13
282.49	2.48631e-13
282.707	2.51672e-13
283.024	2.57962e-13
283.241	2.64769e-13
283.458	2.62955e-13
283.676	2.61306e-13
283.894	2.52591e-13
284.113	2.58722e-13
284.333	2.48489e-13
284.551	2.53845e-13
284.774	2.51296e-13
284.893	2.52319e-13
285.116	2.61697e-13
285.339	2.56801e-13
285.562	2.53355e-13
285.688	2.59042e-13
285.912	2.75553e-13
286.139	2.58871e-13
286.266	2.56518e-13
286.493	2.66181e-13
286.621	2.67817e-13
286.852	2.6454e-13
286.983	2.51574e-13
287.213	2.60568e-13
287.348	2.57596e-13
287.48	2.61037e-13
287.616	2.60289e-13
287.853	2.6403e-13
287.989	2.65418e-13
288.127	2.69729e-13
288.269	2.64145e-13
288.408	2.68406e-13
288.55	2.62285e-13
288.694	2.62784e-13
288.838	2.61432e-13
288.886	2.74376e-13
289.033	2.61222e-13
289.182	2.64484e-13
289.233	2.69271e-13
289.384	2.7059e-13
289.536	2.53094e-13
289.592	2.62088e-13
289.746	2.63757e-13
289.805	2.57851e-13
289.866	2.61603e-13
290.024	2.63104e-13
290.087	2.60096e-13
290.152	2.67823e-13
290.217	2.63443e-13
290.284	2.63231e-13
290.352	2.64469e-13
290.423	2.70797e-13
290.495	2.74658e-13
290.567	2.64817e-13
290.642	2.70977e-13
290.718	2.71827e-13
290.699	2.61863e-13
290.778	2.64824e-13
290.762	2.62166e-13
290.844	2.65994e-13
290.831	2.7017e-13
290.916	2.72205e-13
290.905	2.70104e-13
290.995	2.53816e-13
290.989	2.70474e-13
290.985	2.70117e-13
290.995	2.53816e-13
293.905	2.66725e-13
296.844	2.8002e-13
299.813	2.85264e-13
302.811	2.79466e-13
305.839	3.01549e-13
308.898	2.97964e-13
311.987	3.03982e-13
315.106	2.99077e-13
318.257	3.05506e-13
321.44	3.1691e-13
324.654	3.21282e-13
327.901	3.17459e-13
331.18	3.27137e-13
334.492	3.32317e-13
337.837	3.3297e-13
341.215	3.3876e-13
344.627	3.36794e-13
348.073	3.55304e-13
351.554	3.51658e-13
355.07	3.66289e-13
358.62	3.75816e-13
362.207	3.76745e-13
365.829	3.64896e-13
369.487	3.75977e-13
373.182	3.7814e-13
376.914	3.84288e-13
380.683	4.07192e-13
384.49	3.89246e-13
388.335	3.96974e-13
392.218	3.99774e-13
396.14	3.99135e-13
400.101	3.94227e-13
404.103	4.04347e-13
408.144	4.16516e-13
412.225	4.09137e-13
416.347	4.10639e-13
420.511	4.21333e-13
424.716	4.2865e-13
428.963	4.29256e-13
433.253	4.33572e-13
437.585	4.37982e-13
441.961	4.29783e-13
446.381	4.6163e-13
450.844	4.35461e-13
455.353	4.62227e-13
459.906	4.56897e-13
464.505	4.49575e-13
469.15	4.57593e-13
473.842	4.64859e-13
478.58	4.79127e-13
483.366	4.67038e-13
488.2	4.89822e-13
493.082	4.81737e-13
498.013	4.74475e-13
502.993	4.92879e-13
508.023	4.98232e-13
513.103	4.94852e-13
518.234	4.93859e-13
523.416	5.14675e-13
528.65	5.12573e-13
533.937	5.034e-13
539.276	5.16675e-13
544.669	5.1931e-13
550.116	5.25146e-13
555.617	5.21592e-13
561.173	5.31422e-13
566.785	5.33236e-13
572.453	5.43139e-13
578.177	5.52641e-13
583.959	5.56189e-13
589.799	5.45468e-13
595.697	5.53704e-13
601.654	5.49965e-13
607.67	5.54724e-13
613.747	5.61012e-13
619.884	5.68709e-13
626.083	5.68522e-13
632.344	5.81241e-13
638.667	5.77415e-13
645.054	5.64541e-13
651.505	5.87132e-13
658.02	5.94737e-13
664.6	5.77382e-13
671.246	5.87137e-13
677.958	6.10799e-13
684.738	6.216e-13
691.585	6.13254e-13
698.501	6.20311e-13
705.486	6.16017e-13
712.541	6.21599e-13
719.666	6.46976e-13
726.863	6.39735e-13
734.132	6.29351e-13
741.473	6.23232e-13
748.888	6.38715e-13
756.377	6.27207e-13
763.94	6.51971e-13
771.58	6.64657e-13
779.296	6.48604e-13
787.089	6.42224e-13
794.959	6.71284e-13
802.909	6.76343e-13
810.938	6.65449e-13
819.047	6.71915e-13
827.238	6.8059e-13
835.51	6.74746e-13
843.865	6.96385e-13
852.304	7.24031e-13
860.827	7.07313e-13
869.435	7.14447e-13
878.13	7.36407e-13
886.911	7.32476e-13
895.78	7.13018e-13
904.738	7.26386e-13
913.785	7.26746e-13
922.923	7.40378e-13
932.152	7.43504e-13
941.474	7.72342e-13
950.889	7.59406e-13
960.398	7.48477e-13
970.002	7.7659e-13
979.702	7.46691e-13
989.499	7.87779e-13
999.394	7.60418e-13
1009.39	7.64689e-13
1019.48	7.72921e-13
1029.68	7.97923e-13
1039.97	8.0784e-13
1050.37	8.13393e-13
1060.88	7.99405e-13
1071.49	8.21841e-13
1082.2	8.15855e-13
1093.02	8.53217e-13
1103.95	8.16745e-13
1114.99	8.24062e-13
1126.14	8.63439e-13
1137.4	8.73906e-13
1148.78	8.40862e-13
1160.26	8.49609e-13
1171.87	8.74874e-13
1183.59	8.78431e-13
1195.42	8.85442e-13
1207.38	9.09132e-13
1219.45	8.93252e-13
1231.64	8.78097e-13
1243.96	9.1241e-13
1256.4	9.22688e-13
1268.96	8.84994e-13
1281.65	9.45073e-13
1294.47	9.24799e-13
1307.42	9.21683e-13
1320.49	9.50985e-13
1333.69	9.59292e-13
1347.03	9.54142e-13
1360.5	9.76792e-13
1374.11	9.94366e-13
1387.85	9.97512e-13
1401.73	9.91509e-13
1415.74	9.81227e-13
1429.9	9.97342e-13
1444.2	9.94932e-13
1458.64	1.00315e-12
1473.23	9.97972e-13
1487.96	1.04744e-12
1502.84	1.08405e-12
1517.87	1.10367e-12
1533.05	1.03358e-12
1548.38	1.08234e-12
1563.86	1.1004e-12
1579.5	1.06474e-12
1595.3	1.1396e-12
1611.25	1.11047e-12
1627.36	1.10959e-12
1643.63	1.10765e-12
1660.07	1.20457e-12
1676.67	1.14288e-12
1693.44	1.11408e-12
1710.37	1.18499e-12
1727.48	1.18179e-12
1744.75	1.2046e-12
1762.2	1.20328e-12
1779.82	1.22021e-12
1797.62	1.22027e-12
1815.6	1.24607e-12
1833.75	1.21111e-12
1852.09	1.21987e-12
1870.61	1.28354e-12
1889.32	1.23368e-12
1908.21	1.28122e-12
1927.29	1.3486e-12
1946.56	1.26236e-12
1966.03	1.29685e-12
1985.69	1.32793e-12
2005.55	1.29393e-12
2025.6	1.36959e-12
2045.86	1.35694e-12
2066.32	1.3105e-12
2086.98	1.36161e-12
2107.85	1.37903e-12
2128.93	1.39098e-12
2150.22	1.44413e-12
2171.72	1.40626e-12
2193.44	1.51197e-12
2215.37	1.47767e-12
2237.52	1.49255e-12
2259.9	1.44215e-12
2282.5	1.52436e-12
2305.32	1.4666e-12
2328.38	1.5012e-12
2351.66	1.48982e-12
2375.18	1.52919e-12
2398.93	1.5224e-12
2422.92	1.55138e-12
2447.15	1.53473e-12
2471.62	1.62368e-12
2496.34	1.65259e-12
2521.3	1.66244e-12
2546.51	1.68544e-12
2571.98	1.67346e-12
2597.7	1.68654e-12
2623.67	1.6778e-12
2649.91	1.74669e-12
2676.41	1.74427e-12
2703.17	1.7566e-12
2730.21	1.78295e-12
2757.51	1.75825e-12
2785.08	1.84033e-12
2812.93	1.84262e-12
2841.06	1.82262e-12
2869.47	1.88761e-12
2898.17	1.8809e-12
2927.15	1.93873e-12
2956.42	1.97359e-12
2985.99	2.00348e-12
3015.85	2.04349e-12
3046	2.00856e-12
3076.46	2.09231e-12
3107.23	2.0357e-12
3138.3	2.06125e-12
3169.68	2.1906e-12
3201.38	2.15273e-12
3233.39	2.13785e-12
3265.73	2.22708e-12
3298.39	2.22011e-12
3331.37	2.24962e-12
3364.68	2.28518e-12
3398.33	2.26609e-12
3432.31	2.29426e-12
3466.64	2.26164e-12
3501.3	2.39159e-12
3536.32	2.45698e-12
3571.68	2.39985e-12
3607.4	2.46462e-12
3643.47	2.57538e-12
3679.9	2.52408e-12
3716.7	2.53449e-12
3753.87	2.55376e-12
3791.41	2.62369e-12
3829.32	2.66861e-12
3867.62	2.63425e-12
3906.29	2.71494e-12
3945.36	2.81709e-12
3984.81	2.85958e-12
4024.66	2.84657e-12
4064.9	2.85488e-12
4105.55	2.96956e-12
4146.61	2.98429e-12
4188.07	3.00001e-12
4229.96	3.06217e-12
4272.25	3.05645e-12
4314.98	2.99624e-12
4358.13	3.2316e-12
4401.71	3.10612e-12
4445.73	3.25533e-12
4490.18	3.25324e-12
4535.08	3.43499e-12
4580.44	3.33292e-12
4626.24	3.41878e-12
4672.5	3.50258e-12
4719.23	3.57022e-12
4766.42	3.45581e-12
4814.08	3.57146e-12
4862.22	3.66027e-12
4910.85	3.63252e-12
4959.95	3.80237e-12
5009.55	3.88754e-12
5059.65	3.874e-12
5110.25	3.89766e-12
5161.35	4.05797e-12
5212.96	4.14415e-12
5265.09	4.08871e-12
5317.74	4.14337e-12
5370.92	4.25096e-12
5424.63	4.44619e-12
5478.88	4.4621e-12
5533.66	4.74845e-12
5589	4.60746e-12
5644.89	4.71718e-12
5701.34	4.78269e-12
5758.35	4.99659e-12
5815.94	4.83673e-12
5874.1	4.93083e-12
5932.84	5.23777e-12
5992.17	5.20543e-12
6052.09	5.11589e-12
6112.61	5.41712e-12
6173.73	5.22823e-12
6235.47	5.42883e-12
6297.83	5.5338e-12
6360.8	5.68054e-12
6424.41	5.66138e-12
6488.66	5.90758e-12
6553.54	6.14153e-12
6619.08	6.18713e-12
6685.27	6.12917e-12
6752.12	6.37054e-12
6819.64	6.42203e-12
6887.84	6.55879e-12
6956.72	6.744e-12
7026.29	6.75555e-12
7096.55	6.91163e-12
7167.51	7.06478e-12
7239.19	7.41416e-12
7311.58	7.31917e-12
7384.7	7.6805e-12
7458.54	7.60821e-12
7533.13	7.70227e-12
7608.46	8.16121e-12
7684.55	8.10727e-12
7761.39	8.35577e-12
7839	8.82422e-12
7917.39	8.77088e-12
7996.57	8.97968e-12
8076.53	9.21421e-12
8157.3	8.92393e-12
8238.87	9.39471e-12
8321.26	9.82586e-12
8404.47	9.51629e-12
8488.52	1.01155e-11
8573.4	1.04025e-11
8659.14	1.04431e-11
8745.73	1.05066e-11
8833.19	1.10702e-11
8921.52	1.11509e-11
9010.73	1.14504e-11
9100.84	1.16158e-11
9191.85	1.19327e-11
9283.77	1.21709e-11
9376.61	1.26455e-11
9470.37	1.29118e-11
9565.08	1.28849e-11
9660.73	1.31389e-11
9757.33	1.37017e-11
9854.91	1.41187e-11
9953.46	1.41143e-11
10053	1.53454e-11
10153.5	1.58442e-11
10255.1	1.59762e-11
10357.6	1.56378e-11
10461.2	1.60425e-11
10565.8	1.61726e-11
10671.5	1.75503e-11
10778.2	1.76817e-11
10885.9	1.8409e-11
10994.8	1.86097e-11
11104.8	1.90092e-11
11215.8	1.98749e-11
11328	2.05576e-11
11441.2	2.02691e-11
11555.7	2.06232e-11
11671.2	2.13133e-11
11787.9	2.22492e-11
11905.8	2.28206e-11
12024.9	2.3306e-11
12145.1	2.44022e-11
12266.6	2.45044e-11
12389.2	2.55116e-11
12513.1	2.55114e-11
12638.2	2.74481e-11
12764.6	2.77514e-11
12892.3	2.99075e-11
13021.2	2.90265e-11
13151.4	3.05929e-11
13282.9	3.03748e-11
13415.8	3.23522e-11
13549.9	3.24873e-11
13685.4	3.50273e-11
13822.3	3.68652e-11
13960.5	3.69869e-11
14100.1	3.70872e-11
14241.1	3.84525e-11
14383.5	4.10421e-11
14527.3	4.15029e-11
14672.6	4.22332e-11
14819.3	4.41181e-11
14967.5	4.5805e-11
15117.2	4.61846e-11
15268.4	4.89174e-11
15421.1	4.96078e-11
15575.3	5.20719e-11
15731	5.28576e-11
15888.3	5.6664e-11
16047.2	5.78887e-11
16207.7	6.0807e-11
16369.8	6.26388e-11
16533.5	6.25112e-11
16698.8	6.66281e-11
16865.8	7.18867e-11
17034.4	7.03739e-11
17204.8	7.31246e-11
17376.8	7.38621e-11
17550.6	7.86261e-11
17726.1	8.27577e-11
17903.4	8.37384e-11
18082.4	8.51865e-11
18263.2	9.07924e-11
18445.9	9.66062e-11
18630.3	9.87857e-11
18816.6	1.07611e-10
19004.8	1.06301e-10
19194.8	1.12093e-10
19386.8	1.14101e-10
19580.7	1.1988e-10
19776.5	1.30264e-10
19974.2	1.32858e-10
20174	1.39066e-10
20375.7	1.45364e-10
20579.5	1.48793e-10
20785.3	1.55171e-10
20993.1	1.60652e-10
21203	1.64123e-10
21415.1	1.70596e-10
21629.2	1.82532e-10
21845.5	1.9091e-10
22064	2.03165e-10
22284.6	2.0841e-10
22507.5	2.13985e-10
22732.5	2.28391e-10
22959.9	2.38258e-10
23189.5	2.56743e-10
23421.4	2.61233e-10
23655.6	2.72875e-10
23892.1	2.91449e-10
24131	3.04764e-10
24372.4	3.13146e-10
24616.1	3.35091e-10
24862.2	3.54748e-10
25110.9	3.79175e-10
25362	3.8771e-10
25615.6	4.09408e-10
25871.7	4.28243e-10
26130.5	4.48376e-10
26391.8	4.81485e-10
26655.7	4.97769e-10
26922.2	5.18652e-10
27191.5	5.39931e-10
27463.4	5.91268e-10
27738	6.12231e-10
28015.4	6.48637e-10
28295.6	6.66628e-10
28578.5	6.97219e-10
28864.3	7.48627e-10
29152.9	8.30082e-10
29444.5	8.30987e-10
29738.9	8.85689e-10
30036.3	9.98381e-10
30336.7	1.00591e-09
30640	1.06818e-09
30946.4	1.14998e-09
31255.9	1.19443e-09
31568.4	1.26586e-09
31884.1	1.39396e-09
32203	1.43254e-09
32525	1.56561e-09
32850.3	1.65233e-09
33178.8	1.70182e-09
33510.5	1.91993e-09
33845.7	1.94507e-09
34184.1	2.0892e-09
34525.9	2.34251e-09
34871.2	2.44628e-09
35219.9	2.53286e-09
35572.1	2.74521e-09
35927.8	3.01495e-09
36287.1	3.12102e-09
36650	3.46855e-09
37016.5	3.55699e-09
37386.7	3.84474e-09
37760.5	4.34272e-09
38138.1	4.47139e-09
38519.5	4.88676e-09
38904.7	5.16241e-09
39293.8	5.59226e-09
39686.7	6.14929e-09
40083.6	6.40242e-09
40484.4	6.76349e-09
40889.2	7.5434e-09
41298.1	8.19475e-09
41711.1	8.82128e-09
42128.2	9.67704e-09
42549.5	1.0418e-08
42975	1.10838e-08
43404.7	1.22624e-08
43838.8	1.287e-08
44277.2	1.41373e-08
44720	1.54358e-08
45167.2	1.70142e-08
45618.8	1.79559e-08
46075	1.98901e-08
46535.8	2.19959e-08
47001.1	2.455e-08
47471.1	2.61348e-08
47945.8	2.77915e-08
48425.3	3.08885e-08
48909.6	3.31528e-08
49398.6	3.73551e-08
49892.6	4.22709e-08
50391.6	4.6199e-08
50895.5	4.93906e-08
51404.4	5.40178e-08
51918.5	6.10936e-08
52437.7	6.43464e-08
52962	7.29212e-08
53491.7	8.376e-08
54026.6	8.71054e-08
54566.8	9.78519e-08
55112.5	1.07242e-07
55663.6	1.2242e-07
56220.3	1.34401e-07
56782.5	1.52e-07
57350.3	1.74262e-07
57923.8	1.83682e-07
58503	2.06831e-07
59088.1	2.30295e-07
59679	2.58543e-07
60275.7	2.99714e-07
60878.5	3.19216e-07
61487.3	3.70183e-07
62102.2	4.21055e-07
62723.2	4.63431e-07
63350.4	5.16212e-07
63983.9	5.85599e-07
64623.8	6.53765e-07
65270	7.44093e-07
65922.7	8.37655e-07
66581.9	9.41205e-07
67247.7	1.09588e-06
67920.2	1.23039e-06
68599.4	1.36013e-06
69285.4	1.55362e-06
69978.3	1.79292e-06
70678	2.0671e-06
71384.8	2.36841e-06
72098.7	2.69056e-06
72819.7	3.00641e-06
73547.9	3.49538e-06
74283.3	3.97567e-06
75026.2	4.86289e-06
75776.4	5.26938e-06
76534.2	6.2396e-06
77299.5	7.01955e-06
78072.5	8.22544e-06
78853.3	9.49066e-06
79641.8	1.13733e-05
80438.2	1.28434e-05
81242.6	1.43494e-05
82055	1.71098e-05
82875.6	1.95327e-05
83704.3	2.31114e-05
84541.4	2.76918e-05
85386.8	3.12629e-05
86240.6	3.66733e-05
87103.1	4.28151e-05
87974.1	5.24531e-05
88853.8	6.11275e-05
89742.4	7.58228e-05
90639.8	8.41357e-05
91546.2	0.000102911
92461.6	0.00012117
93386.3	0.000146554
94320.1	0.00016801
95263.3	0.000204172
96216	0.000249307
97178.1	0.000288736
98149.9	0.000345729
99131.4	0.000422034
