1e-06	25706.7
1.1e-06	37637.1
1.21e-06	55104.3
1.331e-06	80678.7
1.4641e-06	118121
1.61051e-06	172941
1.77156e-06	253203
1.94872e-06	370715
2.14359e-06	542760
2.35795e-06	794654
2.59374e-06	1.16346e+06
2.85312e-06	1.70343e+06
3.13843e-06	2.49398e+06
3.45227e-06	3.65143e+06
3.7975e-06	5.34607e+06
4.17725e-06	7.82721e+06
4.59497e-06	1.14598e+07
5.05447e-06	1.67783e+07
5.55992e-06	2.45648e+07
6.11591e-06	3.59654e+07
6.7275e-06	5.26568e+07
7.40025e-06	7.70946e+07
8.14027e-06	1.12874e+08
8.9543e-06	1.65259e+08
9.84973e-06	2.41954e+08
1.08347e-05	3.54243e+08
1.19182e-05	5.18645e+08
1.311e-05	7.59341e+08
1.4421e-05	1.11174e+09
1.58631e-05	1.62768e+09
1.74494e-05	2.38306e+09
1.91943e-05	3.48899e+09
2.11138e-05	5.10813e+09
2.32252e-05	7.47864e+09
2.55477e-05	1.09492e+10
2.81024e-05	1.60301e+10
3.09127e-05	2.34688e+10
3.40039e-05	3.43589e+10
3.74043e-05	5.03019e+10
4.11448e-05	7.36417e+10
4.52593e-05	1.07809e+11
4.97852e-05	1.57827e+11
5.47637e-05	2.31045e+11
6.02401e-05	3.3822e+11
6.62641e-05	4.95096e+11
7.28905e-05	7.24705e+11
8.01795e-05	1.06075e+12
8.81975e-05	1.55253e+12
9.70172e-05	2.27215e+12
0.000106719	3.32504e+12
0.000117391	4.86535e+12
0.00012913	7.11832e+12
0.000142043	1.0413e+13
0.000156247	1.523e+13
0.000171872	2.22705e+13
0.000189059	3.25574e+13
0.000207965	4.75811e+13
0.000228762	6.95117e+13
0.000251638	1.01505e+14
0.000276801	1.48146e+14
0.000304482	2.16081e+14
0.00033493	3.14931e+14
0.000368423	4.58593e+14
0.000405265	6.67087e+14
0.000445792	9.69172e+14
0.000490371	1.40603e+15
0.000539408	2.03638e+15
0.000593349	2.94369e+15
0.000652683	4.24596e+15
0.000717952	6.1093e+15
0.000789747	8.76637e+15
0.000868722	1.25414e+16
0.000955594	1.78842e+16
0.00105115	2.54154e+16
0.00115627	3.59883e+16
0.0012719	5.07702e+16
0.00139908	7.13508e+16
0.00153899	9.98843e+16
0.00169289	1.39273e+17
0.00186218	1.93398e+17
0.0020484	2.67409e+17
0.00225324	3.68072e+17
0.00247856	5.0418e+17
0.00272642	6.87012e+17
0.00299906	9.30824e+17
0.00329897	1.25333e+18
0.00362887	1.67605e+18
0.00399175	2.22455e+18
0.00439093	2.92815e+18
0.00483002	3.81922e+18
0.00531302	4.93155e+18
0.00584432	6.29768e+18
0.00642876	7.945e+18
0.00707163	9.89061e+18
0.0077788	1.21352e+19
0.00855668	1.46567e+19
0.00941234	1.7405e+19
0.0103536	2.02994e+19
0.0113889	2.3231e+19
0.0125278	2.6071e+19
0.0137806	2.86861e+19
0.0151587	3.09585e+19
0.0166745	3.28067e+19
0.018342	3.42001e+19
0.0201762	3.51632e+19
0.0221938	3.57658e+19
0.0244132	3.61019e+19
0.0268545	3.6266e+19
0.02954	3.63348e+19
0.032494	3.63588e+19
0.0357434	3.63656e+19
0.0393177	3.63671e+19
0.0432495	3.63673e+19
0.0475744	3.63674e+19
0.0523319	3.63674e+19
0.057565	3.63674e+19
0.0633215	3.63674e+19
0.0696537	3.63674e+19
0.0766191	3.63674e+19
0.084281	3.63674e+19
0.0927091	3.63674e+19
0.10198	3.63674e+19
0.112178	3.63674e+19
0.123396	3.63674e+19
0.135735	3.63674e+19
0.149309	3.63674e+19
0.16424	3.63674e+19
0.180664	3.63674e+19
0.19873	3.63674e+19
0.218603	3.63674e+19
0.240463	3.63674e+19
0.26451	3.63674e+19
0.290961	3.63674e+19
0.320057	3.63674e+19
0.352063	3.63674e+19
0.387269	3.63674e+19
0.425996	3.63674e+19
0.468595	3.63674e+19
0.515455	3.63674e+19
0.567	3.63674e+19
0.6237	3.63674e+19
0.68607	3.63674e+19
0.754677	3.63674e+19
0.830145	3.63674e+19
0.91316	3.63674e+19
1.00448	3.63674e+19
1.10492	3.63674e+19
1.21542	3.63674e+19
1.33696	3.63674e+19
1.47065	3.63674e+19
1.61772	3.63674e+19
1.77949	3.63674e+19
1.95744	3.63674e+19
2.15318	3.63674e+19
2.3685	3.63674e+19
2.60535	3.63674e+19
2.86589	3.63674e+19
3.15247	3.63674e+19
3.46772	3.63674e+19
3.81449	3.63674e+19
4.19594	3.63674e+19
4.61554	3.63674e+19
5.07709	3.63674e+19
5.5848	3.63674e+19
6.14328	3.63674e+19
6.75761	3.63674e+19
7.43337	3.63674e+19
8.17671	3.63674e+19
8.99438	3.63674e+19
9.89382	3.63674e+19
10.8832	3.63674e+19
11.9715	3.63674e+19
13.1687	3.63674e+19
14.4855	3.63674e+19
15.9341	3.63674e+19
17.5275	3.63674e+19
19.2802	3.63674e+19
21.2083	3.63674e+19
23.3291	3.63674e+19
25.662	3.63674e+19
28.2282	3.63674e+19
31.051	3.63672e+19
34.1561	3.63667e+19
37.5717	3.63659e+19
41.3289	3.63646e+19
45.4618	3.63627e+19
50.008	3.63597e+19
55.0088	3.63549e+19
60.5097	3.63474e+19
66.5606	3.63351e+19
73.2167	3.63158e+19
80.5384	3.62838e+19
88.5922	3.62331e+19
97.4514	3.61509e+19
107.197	3.60126e+19
117.916	3.57905e+19
129.708	3.54258e+19
142.679	3.48083e+19
156.947	3.38151e+19
172.641	3.21501e+19
189.905	2.95383e+19
208.896	2.55015e+19
229.785	1.9459e+19
252.764	1.171e+19
278.04	3.36479e+18
305.844	0
336.429	0
370.072	0
407.079	0
447.787	0
492.565	0
541.822	0
596.004	0
655.605	0
721.165	0
793.281	0
872.61	0
959.871	0
1055.86	0
1161.44	0
1277.59	0
1405.35	0
1545.88	0
1700.47	0
1870.52	0
2057.57	0
2263.32	0
2489.66	0
2738.62	0
3012.49	0
3313.73	0
3645.11	0
4009.62	0
4410.58	0
4851.64	0
5336.8	0
5870.48	0
6457.53	0
7103.28	0
7813.61	0
8594.97	0
9454.47	0
