1e-06	2.48094e-28
1.01e-06	2.68651e-28
1.0201e-06	2.9091e-28
1.0303e-06	3.15014e-28
1.0406e-06	3.41115e-28
1.05101e-06	3.69379e-28
1.06152e-06	3.99984e-28
1.07214e-06	4.33125e-28
1.08286e-06	4.69013e-28
1.09369e-06	5.07874e-28
1.10462e-06	5.49954e-28
1.11567e-06	5.95522e-28
1.12683e-06	6.44865e-28
1.13809e-06	6.98296e-28
1.14947e-06	7.56154e-28
1.16097e-06	8.18807e-28
1.17258e-06	8.86651e-28
1.1843e-06	9.60116e-28
1.19615e-06	1.03967e-27
1.20811e-06	1.12581e-27
1.22019e-06	1.21909e-27
1.23239e-06	1.3201e-27
1.24472e-06	1.42948e-27
1.25716e-06	1.54792e-27
1.26973e-06	1.67618e-27
1.28243e-06	1.81506e-27
1.29526e-06	1.96545e-27
1.30821e-06	2.1283e-27
1.32129e-06	2.30465e-27
1.3345e-06	2.4956e-27
1.34785e-06	2.70238e-27
1.36133e-06	2.92629e-27
1.37494e-06	3.16875e-27
1.38869e-06	3.43131e-27
1.40258e-06	3.71561e-27
1.4166e-06	4.02348e-27
1.43077e-06	4.35685e-27
1.44508e-06	4.71784e-27
1.45953e-06	5.10875e-27
1.47412e-06	5.53204e-27
1.48886e-06	5.99041e-27
1.50375e-06	6.48675e-27
1.51879e-06	7.02422e-27
1.53398e-06	7.60623e-27
1.54932e-06	8.23645e-27
1.56481e-06	8.9189e-27
1.58046e-06	9.65789e-27
1.59626e-06	1.04581e-26
1.61223e-06	1.13246e-26
1.62835e-06	1.2263e-26
1.64463e-06	1.3279e-26
1.66108e-06	1.43793e-26
1.67769e-06	1.55707e-26
1.69447e-06	1.68608e-26
1.71141e-06	1.82579e-26
1.72852e-06	1.97707e-26
1.74581e-06	2.14088e-26
1.76327e-06	2.31827e-26
1.7809e-06	2.51035e-26
1.79871e-06	2.71835e-26
1.8167e-06	2.94358e-26
1.83486e-06	3.18748e-26
1.85321e-06	3.45158e-26
1.87174e-06	3.73757e-26
1.89046e-06	4.04725e-26
1.90937e-06	4.38259e-26
1.92846e-06	4.74572e-26
1.94774e-06	5.13893e-26
1.96722e-06	5.56473e-26
1.98689e-06	6.0258e-26
2.00676e-06	6.52508e-26
2.02683e-06	7.06573e-26
2.0471e-06	7.65117e-26
2.06757e-06	8.28512e-26
2.08825e-06	8.9716e-26
2.10913e-06	9.71496e-26
2.13022e-06	1.05199e-25
2.15152e-06	1.13916e-25
2.17304e-06	1.23354e-25
2.19477e-06	1.33575e-25
2.21672e-06	1.44642e-25
2.23888e-06	1.56627e-25
2.26127e-06	1.69605e-25
2.28388e-06	1.83658e-25
2.30672e-06	1.98875e-25
2.32979e-06	2.15353e-25
2.35309e-06	2.33196e-25
2.37662e-06	2.52518e-25
2.40038e-06	2.73441e-25
2.42439e-06	2.96098e-25
2.44863e-06	3.20631e-25
2.47312e-06	3.47198e-25
2.49785e-06	3.75965e-25
2.52283e-06	4.07117e-25
2.54806e-06	4.40849e-25
2.57354e-06	4.77376e-25
2.59927e-06	5.1693e-25
2.62527e-06	5.59761e-25
2.65152e-06	6.06141e-25
2.67803e-06	6.56364e-25
2.70481e-06	7.10748e-25
2.73186e-06	7.69638e-25
2.75918e-06	8.33408e-25
2.78677e-06	9.02461e-25
2.81464e-06	9.77236e-25
2.84279e-06	1.05821e-24
2.87121e-06	1.14589e-24
2.89993e-06	1.24083e-24
2.92893e-06	1.34364e-24
2.95822e-06	1.45497e-24
2.9878e-06	1.57553e-24
3.01768e-06	1.70607e-24
3.04785e-06	1.84743e-24
3.07833e-06	2.0005e-24
3.10911e-06	2.16625e-24
3.1402e-06	2.34574e-24
3.17161e-06	2.5401e-24
3.20332e-06	2.75057e-24
3.23536e-06	2.97847e-24
3.26771e-06	3.22526e-24
3.30039e-06	3.49249e-24
3.33339e-06	3.78187e-24
3.36672e-06	4.09522e-24
3.40039e-06	4.43454e-24
3.4344e-06	4.80197e-24
3.46874e-06	5.19985e-24
3.50343e-06	5.63069e-24
3.53846e-06	6.09723e-24
3.57385e-06	6.60242e-24
3.60958e-06	7.14948e-24
3.64568e-06	7.74186e-24
3.68214e-06	8.38333e-24
3.71896e-06	9.07794e-24
3.75615e-06	9.83011e-24
3.79371e-06	1.06446e-23
3.83165e-06	1.15266e-23
3.86996e-06	1.24816e-23
3.90866e-06	1.35158e-23
3.94775e-06	1.46357e-23
3.98723e-06	1.58484e-23
4.0271e-06	1.71615e-23
4.06737e-06	1.85834e-23
4.10804e-06	2.01232e-23
4.14912e-06	2.17906e-23
4.19062e-06	2.3596e-23
4.23252e-06	2.55511e-23
4.27485e-06	2.76682e-23
4.3176e-06	2.99607e-23
4.36077e-06	3.24432e-23
4.40438e-06	3.51313e-23
4.44842e-06	3.80422e-23
4.49291e-06	4.11942e-23
4.53784e-06	4.46074e-23
4.58321e-06	4.83035e-23
4.62905e-06	5.23057e-23
4.67534e-06	5.66396e-23
4.72209e-06	6.13326e-23
4.76931e-06	6.64144e-23
4.817e-06	7.19173e-23
4.86517e-06	7.78761e-23
4.91383e-06	8.43286e-23
4.96296e-06	9.13158e-23
5.01259e-06	9.8882e-23
5.06272e-06	1.07075e-22
5.11335e-06	1.15947e-22
5.16448e-06	1.25554e-22
5.21613e-06	1.35957e-22
5.26829e-06	1.47222e-22
5.32097e-06	1.5942e-22
5.37418e-06	1.72629e-22
5.42792e-06	1.86933e-22
5.4822e-06	2.02421e-22
5.53702e-06	2.19193e-22
5.59239e-06	2.37355e-22
5.64832e-06	2.57021e-22
5.7048e-06	2.78317e-22
5.76185e-06	3.01378e-22
5.81947e-06	3.26349e-22
5.87766e-06	3.53389e-22
5.93644e-06	3.8267e-22
5.9958e-06	4.14376e-22
6.05576e-06	4.4871e-22
6.11632e-06	4.85889e-22
6.17748e-06	5.26148e-22
6.23926e-06	5.69743e-22
6.30165e-06	6.1695e-22
6.36466e-06	6.68068e-22
6.42831e-06	7.23422e-22
6.49259e-06	7.83363e-22
6.55752e-06	8.48269e-22
6.6231e-06	9.18554e-22
6.68933e-06	9.94663e-22
6.75622e-06	1.07708e-21
6.82378e-06	1.16632e-21
6.89202e-06	1.26296e-21
6.96094e-06	1.3676e-21
7.03055e-06	1.48092e-21
7.10085e-06	1.60362e-21
7.17186e-06	1.73649e-21
7.24358e-06	1.88037e-21
7.31602e-06	2.03617e-21
7.38918e-06	2.20488e-21
7.46307e-06	2.38757e-21
7.5377e-06	2.5854e-21
7.61308e-06	2.79962e-21
7.68921e-06	3.03158e-21
7.7661e-06	3.28277e-21
7.84376e-06	3.55477e-21
7.9222e-06	3.84931e-21
8.00142e-06	4.16825e-21
8.08144e-06	4.51362e-21
8.16225e-06	4.8876e-21
8.24387e-06	5.29257e-21
8.32631e-06	5.73109e-21
8.40957e-06	6.20595e-21
8.49367e-06	6.72016e-21
8.57861e-06	7.27697e-21
8.66439e-06	7.87992e-21
8.75104e-06	8.53282e-21
8.83855e-06	9.23982e-21
8.92693e-06	1.00054e-20
9.0162e-06	1.08344e-20
9.10636e-06	1.17321e-20
9.19743e-06	1.27042e-20
9.2894e-06	1.37568e-20
9.3823e-06	1.48967e-20
9.47612e-06	1.6131e-20
9.57088e-06	1.74675e-20
9.66659e-06	1.89148e-20
9.76325e-06	2.04821e-20
9.86089e-06	2.21791e-20
9.9595e-06	2.40168e-20
1.00591e-05	2.60068e-20
1.01597e-05	2.81616e-20
1.02613e-05	3.0495e-20
1.03639e-05	3.30217e-20
1.04675e-05	3.57578e-20
1.05722e-05	3.87205e-20
1.06779e-05	4.19288e-20
1.07847e-05	4.54029e-20
1.08926e-05	4.91648e-20
1.10015e-05	5.32384e-20
1.11115e-05	5.76496e-20
1.12226e-05	6.24263e-20
1.13348e-05	6.75987e-20
1.14482e-05	7.31997e-20
1.15627e-05	7.92648e-20
1.16783e-05	8.58324e-20
1.17951e-05	9.29442e-20
1.1913e-05	1.00645e-19
1.20322e-05	1.08984e-19
1.21525e-05	1.18014e-19
1.2274e-05	1.27793e-19
1.23967e-05	1.38381e-19
1.25207e-05	1.49847e-19
1.26459e-05	1.62263e-19
1.27724e-05	1.75707e-19
1.29001e-05	1.90266e-19
1.30291e-05	2.06031e-19
1.31594e-05	2.23102e-19
1.3291e-05	2.41587e-19
1.34239e-05	2.61604e-19
1.35581e-05	2.8328e-19
1.36937e-05	3.06752e-19
1.38307e-05	3.32168e-19
1.3969e-05	3.59691e-19
1.41086e-05	3.89493e-19
1.42497e-05	4.21766e-19
1.43922e-05	4.56712e-19
1.45362e-05	4.94553e-19
1.46815e-05	5.3553e-19
1.48283e-05	5.79903e-19
1.49766e-05	6.27951e-19
1.51264e-05	6.79981e-19
1.52776e-05	7.36322e-19
1.54304e-05	7.97332e-19
1.55847e-05	8.63396e-19
1.57406e-05	9.34934e-19
1.5898e-05	1.0124e-18
1.6057e-05	1.09628e-18
1.62175e-05	1.18712e-18
1.63797e-05	1.28548e-18
1.65435e-05	1.39199e-18
1.67089e-05	1.50733e-18
1.6876e-05	1.63222e-18
1.70448e-05	1.76746e-18
1.72152e-05	1.9139e-18
1.73874e-05	2.07248e-18
1.75613e-05	2.2442e-18
1.77369e-05	2.43015e-18
1.79142e-05	2.6315e-18
1.80934e-05	2.84954e-18
1.82743e-05	3.08564e-18
1.84571e-05	3.34131e-18
1.86416e-05	3.61816e-18
1.8828e-05	3.91795e-18
1.90163e-05	4.24258e-18
1.92065e-05	4.5941e-18
1.93986e-05	4.97476e-18
1.95925e-05	5.38695e-18
1.97885e-05	5.83329e-18
1.99864e-05	6.31662e-18
2.01862e-05	6.83999e-18
2.03881e-05	7.40673e-18
2.0592e-05	8.02043e-18
2.07979e-05	8.68498e-18
2.10059e-05	9.40459e-18
2.12159e-05	1.01838e-17
2.14281e-05	1.10276e-17
2.16424e-05	1.19413e-17
2.18588e-05	1.29307e-17
2.20774e-05	1.40021e-17
2.22981e-05	1.51623e-17
2.25211e-05	1.64186e-17
2.27463e-05	1.7779e-17
2.29738e-05	1.92521e-17
2.32035e-05	2.08473e-17
2.34356e-05	2.25746e-17
2.36699e-05	2.44451e-17
2.39066e-05	2.64705e-17
2.41457e-05	2.86638e-17
2.43871e-05	3.10388e-17
2.4631e-05	3.36105e-17
2.48773e-05	3.63954e-17
2.51261e-05	3.9411e-17
2.53774e-05	4.26765e-17
2.56311e-05	4.62125e-17
2.58874e-05	5.00415e-17
2.61463e-05	5.41878e-17
2.64078e-05	5.86776e-17
2.66719e-05	6.35395e-17
2.69386e-05	6.88041e-17
2.7208e-05	7.4505e-17
2.748e-05	8.06782e-17
2.77548e-05	8.7363e-17
2.80324e-05	9.46016e-17
2.83127e-05	1.0244e-16
2.85958e-05	1.10928e-16
2.88818e-05	1.20119e-16
2.91706e-05	1.30072e-16
2.94623e-05	1.40849e-16
2.9757e-05	1.52519e-16
3.00545e-05	1.65156e-16
3.03551e-05	1.78841e-16
3.06586e-05	1.93659e-16
3.09652e-05	2.09705e-16
3.12749e-05	2.2708e-16
3.15876e-05	2.45895e-16
3.19035e-05	2.66269e-16
3.22225e-05	2.88332e-16
3.25447e-05	3.12222e-16
3.28702e-05	3.38092e-16
3.31989e-05	3.66105e-16
3.35309e-05	3.96439e-16
3.38662e-05	4.29286e-16
3.42049e-05	4.64856e-16
3.45469e-05	5.03372e-16
3.48924e-05	5.4508e-16
3.52413e-05	5.90243e-16
3.55937e-05	6.39149e-16
3.59496e-05	6.92107e-16
3.63091e-05	7.49453e-16
3.66722e-05	8.1155e-16
3.7039e-05	8.78792e-16
3.74093e-05	9.51606e-16
3.77834e-05	1.03045e-15
3.81613e-05	1.11583e-15
3.85429e-05	1.20829e-15
3.89283e-05	1.3084e-15
3.93176e-05	1.41681e-15
3.97108e-05	1.5342e-15
4.01079e-05	1.66132e-15
4.0509e-05	1.79897e-15
4.0914e-05	1.94803e-15
4.13232e-05	2.10944e-15
4.17364e-05	2.28422e-15
4.21538e-05	2.47348e-15
4.25753e-05	2.67843e-15
4.30011e-05	2.90035e-15
4.34311e-05	3.14067e-15
4.38654e-05	3.40089e-15
4.4304e-05	3.68268e-15
4.47471e-05	3.98781e-15
4.51946e-05	4.31823e-15
4.56465e-05	4.67603e-15
4.6103e-05	5.06347e-15
4.6564e-05	5.48301e-15
4.70296e-05	5.93731e-15
4.74999e-05	6.42926e-15
4.79749e-05	6.96197e-15
4.84547e-05	7.53881e-15
4.89392e-05	8.16345e-15
4.94286e-05	8.83985e-15
4.99229e-05	9.57229e-15
5.04221e-05	1.03654e-14
5.09264e-05	1.12243e-14
5.14356e-05	1.21543e-14
5.195e-05	1.31613e-14
5.24695e-05	1.42518e-14
5.29942e-05	1.54327e-14
5.35241e-05	1.67114e-14
5.40594e-05	1.8096e-14
5.46e-05	1.95954e-14
5.5146e-05	2.1219e-14
5.56974e-05	2.29772e-14
5.62544e-05	2.4881e-14
5.68169e-05	2.69426e-14
5.73851e-05	2.91749e-14
5.79589e-05	3.15923e-14
5.85385e-05	3.42099e-14
5.91239e-05	3.70444e-14
5.97152e-05	4.01138e-14
6.03123e-05	4.34375e-14
6.09154e-05	4.70366e-14
6.15246e-05	5.09339e-14
6.21398e-05	5.51541e-14
6.27612e-05	5.9724e-14
6.33888e-05	6.46725e-14
6.40227e-05	7.0031e-14
6.4663e-05	7.58336e-14
6.53096e-05	8.21169e-14
6.59627e-05	8.89208e-14
6.66223e-05	9.62885e-14
6.72885e-05	1.04267e-13
6.79614e-05	1.12906e-13
6.8641e-05	1.22261e-13
6.93275e-05	1.32391e-13
7.00207e-05	1.43361e-13
7.07209e-05	1.55239e-13
7.14281e-05	1.68101e-13
7.21424e-05	1.8203e-13
7.28638e-05	1.97112e-13
7.35925e-05	2.13444e-13
7.43284e-05	2.3113e-13
7.50717e-05	2.5028e-13
7.58224e-05	2.71018e-13
7.65806e-05	2.93473e-13
7.73464e-05	3.17789e-13
7.81199e-05	3.4412e-13
7.89011e-05	3.72633e-13
7.96901e-05	4.03508e-13
8.0487e-05	4.36942e-13
8.12919e-05	4.73145e-13
8.21048e-05	5.12348e-13
8.29259e-05	5.548e-13
8.37551e-05	6.00769e-13
8.45927e-05	6.50546e-13
8.54386e-05	7.04449e-13
8.6293e-05	7.62817e-13
8.71559e-05	8.26021e-13
8.80275e-05	8.94463e-13
8.89077e-05	9.68575e-13
8.97968e-05	1.04883e-12
9.06948e-05	1.13573e-12
9.16017e-05	1.22983e-12
9.25178e-05	1.33173e-12
9.34429e-05	1.44208e-12
9.43774e-05	1.56156e-12
9.53211e-05	1.69095e-12
9.62743e-05	1.83105e-12
9.72371e-05	1.98277e-12
9.82095e-05	2.14706e-12
9.91916e-05	2.32495e-12
0.000100183	2.51759e-12
0.000101185	2.72619e-12
0.000102197	2.95207e-12
0.000103219	3.19667e-12
0.000104251	3.46154e-12
0.000105294	3.74835e-12
0.000106347	4.05893e-12
0.00010741	4.39523e-12
0.000108484	4.75941e-12
0.000109569	5.15376e-12
0.000110665	5.58078e-12
0.000111772	6.04319e-12
0.000112889	6.54391e-12
0.000114018	7.08611e-12
0.000115158	7.67324e-12
0.00011631	8.30902e-12
0.000117473	8.99748e-12
0.000118648	9.74298e-12
0.000119834	1.05503e-11
0.000121033	1.14244e-11
0.000122243	1.2371e-11
0.000123465	1.3396e-11
0.0001247	1.4506e-11
0.000125947	1.57079e-11
0.000127206	1.70094e-11
0.000128478	1.84187e-11
0.000129763	1.99449e-11
0.000131061	2.15974e-11
0.000132372	2.33869e-11
0.000133695	2.53247e-11
0.000135032	2.7423e-11
0.000136383	2.96952e-11
0.000137746	3.21556e-11
0.000139124	3.48199e-11
0.000140515	3.7705e-11
0.00014192	4.08291e-11
0.000143339	4.42121e-11
0.000144773	4.78753e-11
0.000146221	5.18421e-11
0.000147683	5.61376e-11
0.00014916	6.0789e-11
0.000150651	6.58257e-11
0.000152158	7.12798e-11
0.000153679	7.71859e-11
0.000155216	8.35812e-11
0.000156768	9.05065e-11
0.000158336	9.80056e-11
0.000159919	1.06126e-10
0.000161518	1.14919e-10
0.000163134	1.24441e-10
0.000164765	1.34752e-10
0.000166413	1.45917e-10
0.000168077	1.58007e-10
0.000169757	1.71099e-10
0.000171455	1.85276e-10
0.00017317	2.00627e-10
0.000174901	2.1725e-10
0.00017665	2.35251e-10
0.000178417	2.54743e-10
0.000180201	2.7585e-10
0.000182003	2.98706e-10
0.000183823	3.23456e-10
0.000185661	3.50257e-10
0.000187518	3.79278e-10
0.000189393	4.10704e-10
0.000191287	4.44733e-10
0.0001932	4.81582e-10
0.000195132	5.21485e-10
0.000197083	5.64693e-10
0.000199054	6.11482e-10
0.000201045	6.62147e-10
0.000203055	7.1701e-10
0.000205086	7.7642e-10
0.000207136	8.40751e-10
0.000209208	9.10413e-10
0.0002113	9.85847e-10
0.000213413	1.06753e-09
0.000215547	1.15598e-09
0.000217702	1.25176e-09
0.000219879	1.35548e-09
0.000222078	1.46779e-09
0.000224299	1.58941e-09
0.000226542	1.7211e-09
0.000228807	1.86371e-09
0.000231095	2.01813e-09
0.000233406	2.18534e-09
0.000235741	2.36641e-09
0.000238098	2.56248e-09
0.000240479	2.7748e-09
0.000242884	3.00472e-09
0.000245313	3.25368e-09
0.000247766	3.52326e-09
0.000250243	3.81519e-09
0.000252746	4.13131e-09
0.000255273	4.47361e-09
0.000257826	4.84428e-09
0.000260404	5.24566e-09
0.000263008	5.6803e-09
0.000265638	6.15095e-09
0.000268295	6.6606e-09
0.000270978	7.21247e-09
0.000273687	7.81007e-09
0.000276424	8.45719e-09
0.000279189	9.15793e-09
0.00028198	9.91672e-09
0.0002848	1.07384e-08
0.000287648	1.16281e-08
0.000290525	1.25916e-08
0.00029343	1.36349e-08
0.000296364	1.47646e-08
0.000299328	1.5988e-08
0.000302321	1.73127e-08
0.000305344	1.87472e-08
0.000308398	2.03005e-08
0.000311482	2.19825e-08
0.000314597	2.3804e-08
0.000317743	2.57763e-08
0.00032092	2.7912e-08
0.000324129	3.02247e-08
0.00032737	3.2729e-08
0.000330644	3.54408e-08
0.000333951	3.83774e-08
0.00033729	4.15572e-08
0.000340663	4.50005e-08
0.00034407	4.87291e-08
0.00034751	5.27666e-08
0.000350985	5.71386e-08
0.000354495	6.1873e-08
0.00035804	6.69996e-08
0.000361621	7.25509e-08
0.000365237	7.85622e-08
0.000368889	8.50717e-08
0.000372578	9.21204e-08
0.000376304	9.97532e-08
0.000380067	1.08018e-07
0.000383868	1.16968e-07
0.000387706	1.2666e-07
0.000391583	1.37155e-07
0.000395499	1.48519e-07
0.000399454	1.60825e-07
0.000403449	1.7415e-07
0.000407483	1.8858e-07
0.000411558	2.04205e-07
0.000415674	2.21124e-07
0.00041983	2.39446e-07
0.000424029	2.59286e-07
0.000428269	2.80769e-07
0.000432552	3.04033e-07
0.000436877	3.29224e-07
0.000441246	3.56503e-07
0.000445658	3.86041e-07
0.000450115	4.18027e-07
0.000454616	4.52664e-07
0.000459162	4.9017e-07
0.000463754	5.30784e-07
0.000468391	5.74763e-07
0.000473075	6.22386e-07
0.000477806	6.73955e-07
0.000482584	7.29796e-07
0.00048741	7.90265e-07
0.000492284	8.55744e-07
0.000497207	9.26648e-07
0.000502179	1.00343e-06
0.000507201	1.08657e-06
0.000512273	1.1766e-06
0.000517396	1.27409e-06
0.00052257	1.37965e-06
0.000527795	1.49397e-06
0.000533073	1.61775e-06
0.000538404	1.75179e-06
0.000543788	1.89694e-06
0.000549226	2.05411e-06
0.000554718	2.22431e-06
0.000560265	2.40861e-06
0.000565868	2.60818e-06
0.000571527	2.82428e-06
0.000577242	3.0583e-06
0.000583014	3.3117e-06
0.000588844	3.58609e-06
0.000594733	3.88322e-06
0.00060068	4.20498e-06
0.000606687	4.55339e-06
0.000612754	4.93066e-06
0.000618881	5.3392e-06
0.00062507	5.78159e-06
0.000631321	6.26063e-06
0.000637634	6.77937e-06
0.000644011	7.34109e-06
0.000650451	7.94934e-06
0.000656955	8.608e-06
0.000663525	9.32123e-06
0.00067016	1.00936e-05
0.000676862	1.09299e-05
0.00068363	1.18355e-05
0.000690466	1.28161e-05
0.000697371	1.3878e-05
0.000704345	1.50279e-05
0.000711388	1.62731e-05
0.000718502	1.76214e-05
0.000725687	1.90815e-05
0.000732944	2.06625e-05
0.000740273	2.23745e-05
0.000747676	2.42284e-05
0.000755153	2.62359e-05
0.000762705	2.84097e-05
0.000770332	3.07637e-05
0.000778035	3.33126e-05
0.000785815	3.60728e-05
0.000793673	3.90617e-05
0.00080161	4.22982e-05
0.000809626	4.58029e-05
0.000817722	4.9598e-05
0.0008259	5.37075e-05
0.000834159	5.81575e-05
0.0008425	6.29763e-05
0.000850925	6.81943e-05
0.000859435	7.38447e-05
0.000868029	7.99632e-05
0.000876709	8.65887e-05
0.000885476	9.37631e-05
0.000894331	0.000101532
0.000903274	0.000109945
0.000912307	0.000119054
0.00092143	0.000128919
0.000930644	0.000139601
0.000939951	0.000151167
0.00094935	0.000163693
0.000958844	0.000177256
0.000968432	0.000191942
0.000978117	0.000207846
0.000987898	0.000225068
0.000997777	0.000243716
0.00100775	0.000263909
0.00101783	0.000285776
0.00102801	0.000309455
0.00103829	0.000335095
0.00104867	0.00036286
0.00105916	0.000392925
0.00106975	0.000425482
0.00108045	0.000460736
0.00109125	0.000498911
0.00110217	0.000540249
0.00111319	0.000585012
0.00112432	0.000633484
0.00113556	0.000685973
0.00114692	0.00074281
0.00115839	0.000804357
0.00116997	0.000871003
0.00118167	0.000943172
0.00119349	0.00102132
0.00120542	0.00110594
0.00121748	0.00119758
0.00122965	0.00129681
0.00124195	0.00140425
0.00125437	0.00152061
0.00126691	0.0016466
0.00127958	0.00178303
0.00129238	0.00193077
0.0013053	0.00209074
0.00131835	0.00226398
0.00133154	0.00245156
0.00134485	0.00265469
0.0013583	0.00287465
0.00137188	0.00311283
0.0013856	0.00337075
0.00139946	0.00365004
0.00141345	0.00395247
0.00142759	0.00427996
0.00144186	0.00463458
0.00145628	0.00501859
0.00147085	0.00543441
0.00148555	0.00588469
0.00150041	0.00637228
0.00151541	0.00690026
0.00153057	0.00747199
0.00154587	0.0080911
0.00156133	0.0087615
0.00157695	0.00948745
0.00159271	0.0102735
0.00160864	0.0111248
0.00162473	0.0120465
0.00164098	0.0130447
0.00165739	0.0141255
0.00167396	0.0152959
0.0016907	0.0165633
0.00170761	0.0179357
0.00172468	0.0194218
0.00174193	0.021031
0.00175935	0.0227735
0.00177694	0.0246605
0.00179471	0.0267038
0.00181266	0.0289163
0.00183078	0.0313123
0.00184909	0.0339067
0.00186758	0.0367161
0.00188626	0.0397583
0.00190512	0.0430525
0.00192417	0.0466197
0.00194341	0.0504824
0.00196285	0.0546652
0.00198248	0.0591946
0.0020023	0.0640993
0.00202232	0.0694104
0.00204255	0.0751615
0.00206297	0.0813891
0.0020836	0.0881327
0.00210444	0.0954351
0.00212548	0.103343
0.00214674	0.111905
0.00216821	0.121177
0.00218989	0.131218
0.00221179	0.14209
0.0022339	0.153863
0.00225624	0.166612
0.00227881	0.180416
0.00230159	0.195365
0.00232461	0.211552
0.00234786	0.229081
0.00237134	0.248062
0.00239505	0.268616
0.002419	0.290872
0.00244319	0.314973
0.00246762	0.34107
0.0024923	0.36933
0.00251722	0.399932
0.00254239	0.433069
0.00256782	0.468952
0.00259349	0.507807
0.00261943	0.549883
0.00264562	0.595444
0.00267208	0.644781
0.0026988	0.698205
0.00272579	0.756056
0.00275305	0.8187
0.00278058	0.886535
0.00280838	0.959991
0.00283647	1.03953
0.00286483	1.12566
0.00289348	1.21893
0.00292241	1.31993
0.00295164	1.4293
0.00298115	1.54772
0.00301097	1.67596
0.00304108	1.81483
0.00307149	1.9652
0.0031022	2.12803
0.00313322	2.30435
0.00316456	2.49528
0.0031962	2.70203
0.00322816	2.92591
0.00326045	3.16834
0.00329305	3.43086
0.00332598	3.71513
0.00335924	4.02295
0.00339283	4.35628
0.00342676	4.71723
0.00346103	5.10808
0.00349564	5.53132
0.00353059	5.98963
0.0035659	6.48591
0.00360156	7.02331
0.00363758	7.60524
0.00367395	8.23538
0.00371069	8.91774
0.0037478	9.65663
0.00378528	10.4568
0.00382313	11.3232
0.00386136	12.2614
0.00389997	13.2773
0.00393897	14.3774
0.00397836	15.5687
0.00401815	16.8586
0.00405833	18.2555
0.00409891	19.7681
0.0041399	21.406
0.0041813	23.1796
0.00422311	25.1002
0.00426534	27.18
0.004308	29.432
0.00435108	31.8706
0.00439459	34.5113
0.00443853	37.3708
0.00448292	40.4672
0.00452775	43.8202
0.00457303	47.451
0.00461876	51.3827
0.00466494	55.6401
0.00471159	60.2502
0.00475871	65.2424
0.0048063	70.6481
0.00485436	76.5018
0.0049029	82.8405
0.00495193	89.7044
0.00500145	97.137
0.00505146	105.185
0.00510198	113.901
0.005153	123.338
0.00520453	133.558
0.00525657	144.624
0.00530914	156.607
0.00536223	169.583
0.00541585	183.634
0.00547001	198.849
0.00552471	215.325
0.00557996	233.166
0.00563576	252.486
0.00569212	273.406
0.00574904	296.059
0.00580653	320.59
0.00586459	347.153
0.00592324	375.917
0.00598247	407.064
0.0060423	440.792
0.00610272	477.314
0.00616375	516.863
0.00622538	559.689
0.00628764	606.063
0.00635051	656.279
0.00641402	710.656
0.00647816	769.539
0.00654294	833.3
0.00660837	902.345
0.00667445	977.11
0.0067412	1058.07
0.00680861	1145.74
0.0068767	1240.67
0.00694546	1343.47
0.00701492	1454.78
0.00708507	1575.32
0.00715592	1705.85
0.00722748	1847.19
0.00729975	2000.24
0.00737275	2165.98
0.00744648	2345.44
0.00752094	2539.78
0.00759615	2750.21
0.00767211	2978.09
0.00774883	3224.84
0.00782632	3492.04
0.00790459	3781.38
0.00798363	4094.7
0.00806347	4433.97
0.0081441	4801.35
0.00822554	5199.18
0.0083078	5629.96
0.00839088	6096.44
0.00847479	6601.58
0.00855953	7148.56
0.00864513	7740.87
0.00873158	8382.25
0.0088189	9076.78
0.00890709	9828.85
0.00899616	10643.2
0.00908612	11525.1
0.00917698	12480
0.00926875	13514.1
0.00936144	14633.8
0.00945505	15846.3
0.0095496	17159.3
0.0096451	18581.1
0.00974155	20120.6
0.00983896	21787.8
0.00993735	23593
0.0100367	25547.9
0.0101371	27664.7
0.0102385	29956.9
0.0103409	32439
0.0104443	35126.8
0.0105487	38037.3
0.0106542	41189
0.0107607	44601.7
0.0108683	48293.7
0.010977	52295
0.0110868	56627.8
0.0111977	61319.6
0.0113096	66400.2
0.0114227	71901.6
0.011537	77851
0.0116523	84300.9
0.0117689	91285.1
0.0118865	98847.9
0.0120054	107037
0.0121255	115905
0.0122467	125498
0.0123692	135895
0.0124929	147153
0.0126178	159343
0.012744	172544
0.0128714	186838
0.0130001	202304
0.0131301	219063
0.0132614	237209
0.0133941	256859
0.013528	278136
0.0136633	301163
0.0137999	326109
0.0139379	353121
0.0140773	382371
0.0142181	414042
0.0143602	448322
0.0145038	485455
0.0146489	525663
0.0147954	569200
0.0149433	616327
0.0150928	667372
0.0152437	722642
0.0153961	782489
0.0155501	847275
0.0157056	917440
0.0158626	993415
0.0160213	1.07568e+06
0.0161815	1.16474e+06
0.0163433	1.26118e+06
0.0165067	1.36561e+06
0.0166718	1.47867e+06
0.0168385	1.6011e+06
0.0170069	1.73366e+06
0.017177	1.87718e+06
0.0173487	2.03259e+06
0.0175222	2.20086e+06
0.0176974	2.38304e+06
0.0178744	2.58032e+06
0.0180532	2.79391e+06
0.0182337	3.02516e+06
0.018416	3.27556e+06
0.0186002	3.54667e+06
0.0187862	3.84019e+06
0.0189741	4.15801e+06
0.0191638	4.5021e+06
0.0193554	4.87467e+06
0.019549	5.27804e+06
0.0197445	5.71476e+06
0.0199419	6.1876e+06
0.0201413	6.69951e+06
0.0203427	7.25377e+06
0.0205462	7.85383e+06
0.0207516	8.5035e+06
0.0209592	9.20685e+06
0.0211687	9.96835e+06
0.0213804	1.07927e+07
0.0215942	1.16853e+07
0.0218102	1.26515e+07
0.0220283	1.36976e+07
0.0222486	1.48301e+07
0.0224711	1.60561e+07
0.0226958	1.73833e+07
0.0229227	1.88201e+07
0.0231519	2.03755e+07
0.0233835	2.20593e+07
0.0236173	2.38821e+07
0.0238535	2.58552e+07
0.024092	2.79912e+07
0.0243329	3.03033e+07
0.0245763	3.28061e+07
0.024822	3.55152e+07
0.0250702	3.84477e+07
0.0253209	4.16218e+07
0.0255742	4.50575e+07
0.0258299	4.87763e+07
0.0260882	5.28013e+07
0.0263491	5.71578e+07
0.0266126	6.1873e+07
0.0268787	6.69762e+07
0.0271475	7.24993e+07
0.027419	7.84767e+07
0.0276931	8.49457e+07
0.0279701	9.19465e+07
0.0282498	9.95226e+07
0.0285323	1.07721e+08
0.0288176	1.16593e+08
0.0291058	1.26193e+08
0.0293968	1.36581e+08
0.0296908	1.47822e+08
0.0299877	1.59984e+08
0.0302876	1.73143e+08
0.0305905	1.8738e+08
0.0308964	2.02783e+08
0.0312053	2.19447e+08
0.0315174	2.37475e+08
0.0318326	2.56977e+08
0.0321509	2.78072e+08
0.0324724	3.00892e+08
0.0327971	3.25574e+08
0.0331251	3.5227e+08
0.0334563	3.81143e+08
0.0337909	4.12369e+08
0.0341288	4.46138e+08
0.0344701	4.82655e+08
0.0348148	5.22141e+08
0.0351629	5.64837e+08
0.0355146	6.10999e+08
0.0358697	6.60907e+08
0.0362284	7.1486e+08
0.0365907	7.73183e+08
0.0369566	8.36226e+08
0.0373262	9.04365e+08
0.0376994	9.78008e+08
0.0380764	1.05759e+09
0.0384572	1.14359e+09
0.0388418	1.23651e+09
0.0392302	1.3369e+09
0.0396225	1.44536e+09
0.0400187	1.56251e+09
0.0404189	1.68905e+09
0.0408231	1.82572e+09
0.0412313	1.9733e+09
0.0416436	2.13266e+09
0.0420601	2.30471e+09
0.0424807	2.49044e+09
0.0429055	2.69092e+09
0.0433345	2.90729e+09
0.0437679	3.14078e+09
0.0442056	3.39271e+09
0.0446476	3.6645e+09
0.0450941	3.95767e+09
0.045545	4.27386e+09
0.0460005	4.61482e+09
0.0464605	4.98243e+09
0.0469251	5.3787e+09
0.0473943	5.80581e+09
0.0478683	6.26607e+09
0.048347	6.76195e+09
0.0488304	7.29611e+09
0.0493187	7.87139e+09
0.0498119	8.49083e+09
0.05031	9.15768e+09
0.0508131	9.87539e+09
0.0513213	1.06477e+10
0.0518345	1.14785e+10
0.0523528	1.23721e+10
0.0528764	1.33329e+10
0.0534051	1.43657e+10
0.0539392	1.54757e+10
0.0544786	1.66682e+10
0.0550234	1.7949e+10
0.0555736	1.93242e+10
0.0561293	2.08005e+10
0.0566906	2.23845e+10
0.0572575	2.40838e+10
0.0578301	2.5906e+10
0.0584084	2.78593e+10
0.0589925	2.99524e+10
0.0595824	3.21946e+10
0.0601782	3.45954e+10
0.06078	3.71652e+10
0.0613878	3.99146e+10
0.0620017	4.28551e+10
0.0626217	4.59985e+10
0.0632479	4.93574e+10
0.0638804	5.29449e+10
0.0645192	5.67749e+10
0.0651644	6.08617e+10
0.065816	6.52205e+10
0.0664742	6.98672e+10
0.0671389	7.48181e+10
0.0678103	8.00904e+10
0.0684884	8.57021e+10
0.0691733	9.16718e+10
0.0698651	9.80189e+10
0.0705637	1.04763e+11
0.0712693	1.11926e+11
0.071982	1.19528e+11
0.0727019	1.27592e+11
0.0734289	1.36142e+11
0.0741632	1.45199e+11
0.0749048	1.5479e+11
0.0756538	1.64939e+11
0.0764104	1.75672e+11
0.0771745	1.87015e+11
0.0779462	1.98995e+11
0.0787257	2.11641e+11
0.079513	2.24981e+11
0.0803081	2.39043e+11
0.0811112	2.53858e+11
0.0819223	2.69456e+11
0.0827415	2.85868e+11
0.0835689	3.03126e+11
0.0844046	3.21261e+11
0.0852486	3.40308e+11
0.0861011	3.60299e+11
0.0869621	3.81268e+11
0.0878318	4.03251e+11
0.0887101	4.26284e+11
0.0895972	4.50402e+11
0.0904932	4.75644e+11
0.0913981	5.02047e+11
0.0923121	5.2965e+11
0.0932352	5.58494e+11
0.0941675	5.88619e+11
0.0951092	6.20069e+11
0.0960603	6.52886e+11
0.0970209	6.87114e+11
0.0979911	7.22802e+11
0.098971	7.59995e+11
0.0999607	7.98743e+11
0.10096	8.39097e+11
0.10197	8.8111e+11
0.10299	9.24836e+11
0.10402	9.70332e+11
0.10506	1.01766e+12
0.10611	1.06687e+12
0.107171	1.11803e+12
0.108243	1.17122e+12
0.109326	1.22648e+12
0.110419	1.28391e+12
0.111523	1.34356e+12
0.112638	1.40551e+12
0.113765	1.46984e+12
0.114902	1.53664e+12
0.116051	1.60598e+12
0.117212	1.67796e+12
0.118384	1.75265e+12
0.119568	1.83016e+12
0.120763	1.91058e+12
0.121971	1.99401e+12
0.123191	2.08055e+12
0.124423	2.17031e+12
0.125667	2.26339e+12
0.126924	2.35991e+12
0.128193	2.45997e+12
0.129475	2.56371e+12
0.13077	2.67123e+12
0.132077	2.78267e+12
0.133398	2.89816e+12
0.134732	3.01782e+12
0.136079	3.14179e+12
0.13744	3.27022e+12
0.138814	3.40325e+12
0.140203	3.54102e+12
0.141605	3.68369e+12
0.143021	3.8314e+12
0.144451	3.98433e+12
0.145895	4.14264e+12
0.147354	4.30648e+12
0.148828	4.47604e+12
0.150316	4.65149e+12
0.151819	4.83301e+12
0.153338	5.02078e+12
0.154871	5.215e+12
0.15642	5.41586e+12
0.157984	5.62355e+12
0.159564	5.83828e+12
0.161159	6.06025e+12
0.162771	6.28968e+12
0.164399	6.52678e+12
0.166043	6.77178e+12
0.167703	7.02489e+12
0.16938	7.28634e+12
0.171074	7.55638e+12
0.172785	7.83523e+12
0.174512	8.12314e+12
0.176258	8.42036e+12
0.17802	8.72714e+12
0.1798	9.04373e+12
0.181598	9.3704e+12
0.183414	9.7074e+12
0.185248	1.0055e+13
0.187101	1.04135e+13
0.188972	1.07831e+13
0.190862	1.11642e+13
0.19277	1.1557e+13
0.194698	1.19617e+13
0.196645	1.23788e+13
0.198611	1.28084e+13
0.200598	1.32509e+13
0.202604	1.37066e+13
0.20463	1.41757e+13
0.206676	1.46586e+13
0.208743	1.51555e+13
0.21083	1.56668e+13
0.212938	1.61928e+13
0.215068	1.67337e+13
0.217218	1.72899e+13
0.219391	1.78616e+13
0.221584	1.84492e+13
0.2238	1.9053e+13
0.226038	1.96732e+13
0.228299	2.03101e+13
0.230582	2.09641e+13
0.232888	2.16353e+13
0.235216	2.23241e+13
0.237569	2.30308e+13
0.239944	2.37556e+13
0.242344	2.44987e+13
0.244767	2.52604e+13
0.247215	2.60409e+13
0.249687	2.68405e+13
0.252184	2.76593e+13
0.254706	2.84975e+13
0.257253	2.93553e+13
0.259825	3.02329e+13
0.262423	3.11304e+13
0.265048	3.20479e+13
0.267698	3.29855e+13
0.270375	3.39433e+13
0.273079	3.49213e+13
0.27581	3.59196e+13
0.278568	3.69381e+13
0.281354	3.79768e+13
0.284167	3.90356e+13
0.287009	4.01144e+13
0.289879	4.12131e+13
0.292778	4.23315e+13
0.295705	4.34693e+13
0.298662	4.46263e+13
0.301649	4.58022e+13
0.304666	4.69965e+13
0.307712	4.8209e+13
0.310789	4.94391e+13
0.313897	5.06863e+13
0.317036	5.195e+13
0.320207	5.32296e+13
0.323409	5.45245e+13
0.326643	5.58338e+13
0.329909	5.71567e+13
0.333208	5.84924e+13
0.33654	5.98399e+13
0.339906	6.11981e+13
0.343305	6.25661e+13
0.346738	6.39427e+13
0.350205	6.53267e+13
0.353707	6.67167e+13
0.357244	6.81115e+13
0.360817	6.95096e+13
0.364425	7.09096e+13
0.368069	7.23099e+13
0.37175	7.37089e+13
0.375467	7.51051e+13
0.379222	7.64967e+13
0.383014	7.7882e+13
0.386844	7.92593e+13
0.390713	8.06266e+13
0.39462	8.19823e+13
0.398566	8.33244e+13
0.402552	8.46511e+13
0.406577	8.59605e+13
0.410643	8.72508e+13
0.41475	8.85202e+13
0.418897	8.97669e+13
0.423086	9.09891e+13
0.427317	9.2185e+13
0.43159	9.33532e+13
0.435906	9.44919e+13
0.440265	9.55997e+13
0.444668	9.66752e+13
0.449114	9.77172e+13
0.453605	9.87244e+13
0.458142	9.9696e+13
0.462723	1.00631e+14
0.46735	1.01528e+14
0.472024	1.02388e+14
0.476744	1.03209e+14
0.481511	1.03992e+14
0.486326	1.04735e+14
0.49119	1.0544e+14
0.496102	1.06107e+14
0.501063	1.06736e+14
0.506073	1.07327e+14
0.511134	1.07882e+14
0.516245	1.08401e+14
0.521408	1.08885e+14
0.526622	1.09336e+14
0.531888	1.09754e+14
0.537207	1.10142e+14
0.542579	1.105e+14
0.548005	1.1083e+14
0.553485	1.11134e+14
0.55902	1.11413e+14
0.56461	1.11669e+14
0.570256	1.11903e+14
0.575959	1.12118e+14
0.581718	1.12315e+14
0.587535	1.12495e+14
0.593411	1.1266e+14
0.599345	1.12812e+14
0.605338	1.12951e+14
0.611392	1.13079e+14
0.617506	1.13198e+14
0.623681	1.13308e+14
0.629917	1.13411e+14
0.636217	1.13507e+14
0.642579	1.13597e+14
0.649005	1.13682e+14
0.655495	1.13763e+14
0.66205	1.13841e+14
0.66867	1.13915e+14
0.675357	1.13986e+14
0.68211	1.14055e+14
0.688931	1.14122e+14
0.695821	1.14187e+14
0.702779	1.1425e+14
0.709807	1.14312e+14
0.716905	1.14372e+14
0.724074	1.14432e+14
0.731315	1.1449e+14
0.735599	1.14524e+14
0.761075	1.14715e+14
0.786415	1.14889e+14
0.811677	1.15051e+14
0.836868	1.15201e+14
0.861995	1.15341e+14
0.886817	1.15472e+14
0.912154	1.15597e+14
0.936806	1.15713e+14
0.961955	1.15826e+14
0.986829	1.15933e+14
