1e-06	6.97463e-27
1.1e-06	1.43324e-26
1.21e-06	3.13804e-26
1.331e-06	6.99309e-26
1.4641e-06	1.44573e-25
1.61051e-06	2.9067e-25
1.77156e-06	6.37296e-25
1.94872e-06	1.31258e-24
2.14359e-06	2.80052e-24
2.35795e-06	5.9876e-24
2.59374e-06	1.3426e-23
2.85312e-06	2.88781e-23
3.13843e-06	6.04434e-23
3.45227e-06	1.27887e-22
3.7975e-06	2.83472e-22
4.17725e-06	5.98812e-22
4.59497e-06	1.28661e-21
5.05447e-06	2.74202e-21
5.55992e-06	5.85474e-21
6.11591e-06	1.26422e-20
6.7275e-06	2.71323e-20
7.40025e-06	5.79041e-20
8.14027e-06	1.2396e-19
8.9543e-06	2.66154e-19
9.84973e-06	5.71301e-19
1.08347e-05	1.22625e-18
1.19182e-05	2.62095e-18
1.311e-05	5.62279e-18
1.4421e-05	1.20677e-17
1.58631e-05	2.58579e-17
1.74494e-05	5.54929e-17
1.91943e-05	1.18761e-16
2.11138e-05	2.54858e-16
2.32252e-05	5.45935e-16
2.55477e-05	1.17088e-15
2.81024e-05	2.50955e-15
3.09127e-05	5.37834e-15
3.40039e-05	1.15316e-14
3.74043e-05	2.47163e-14
4.11448e-05	5.29863e-14
4.52593e-05	1.13571e-13
4.97852e-05	2.43448e-13
5.47637e-05	5.21844e-13
6.02401e-05	1.11872e-12
6.62641e-05	2.3981e-12
7.28905e-05	5.14026e-12
8.01795e-05	1.10186e-11
8.81975e-05	2.36197e-11
9.70172e-05	5.06298e-11
0.000106719	1.08532e-10
0.000117391	2.32645e-10
0.00012913	4.98686e-10
0.000142043	1.06896e-09
0.000156247	2.29133e-09
0.000171872	4.91154e-09
0.000189059	1.05277e-08
0.000207965	2.25654e-08
0.000228762	4.83657e-08
0.000251638	1.0366e-07
0.000276801	2.2215e-07
0.000304482	4.76034e-07
0.00033493	1.0199e-06
0.000368423	2.18461e-06
0.000405265	4.6778e-06
0.000445792	1.00112e-05
0.000490371	2.14097e-05
0.000539408	4.57365e-05
0.000593349	9.75486e-05
0.000652683	0.000207571
0.000717952	0.00044018
0.000789747	0.000928798
0.000868722	0.00194551
0.000955594	0.00403169
0.00105115	0.00822485
0.00115627	0.0163985
0.0012719	0.0316191
0.00139908	0.0580816
0.00153899	0.09957
0.00169289	0.155406
0.00186218	0.217361
0.0020484	0.284509
0.00225324	0.408835
0.00247856	0.669302
0.00272642	0.961413
0.00299906	1.32886
0.00329897	2.04578
0.00362887	2.87941
0.00399175	4.16504
0.00439093	6.09739
0.00483002	8.89926
0.00531302	13.2084
0.00584432	17.9709
0.00642876	24.7386
0.00707163	32.9688
0.0077788	49.1793
0.00855668	73.9441
0.00941234	106.931
0.0103536	159.786
0.0113889	238.757
0.0125278	355.896
0.0137806	528.41
0.0151587	783.988
0.0166745	1164.78
0.018342	1723.25
0.0201762	2550.6
0.0221938	3764.5
0.0244132	5552.43
0.0268545	8178.09
0.02954	12033.2
0.032494	17676.5
0.0357434	25980.8
0.0393177	38117.3
0.0432495	55885.4
0.0475744	81809
0.0523319	119872
0.057565	175509
0.0633215	256972
0.0696537	376248
0.0766191	550891
0.084281	806609
0.0927091	1.18104e+06
0.10198	1.72932e+06
0.112178	2.53216e+06
0.123396	3.70782e+06
0.135735	5.42947e+06
0.149309	7.9508e+06
0.16424	1.16435e+07
0.180664	1.70519e+07
0.19873	2.49742e+07
0.218603	3.65798e+07
0.240463	5.35833e+07
0.26451	7.8499e+07
0.290961	1.15015e+08
0.320057	1.68546e+08
0.352063	2.4704e+08
0.387269	3.6218e+08
0.425996	5.31148e+08
0.468595	7.79247e+08
0.515455	1.1438e+09
0.567	1.68002e+09
0.6237	2.46996e+09
0.68607	3.63784e+09
0.754677	5.56551e+09
0.830145	8.4817e+09
0.91316	1.55811e+10
1.00448	2.07823e+10
1.10492	3.55359e+10
1.21542	5.4201e+10
1.33696	9.15221e+10
1.47065	1.67184e+11
1.61772	3.29907e+11
1.77949	5.57042e+11
1.95744	9.84024e+11
2.15318	2.14183e+12
2.3685	3.34407e+12
2.60535	6.0636e+12
2.86589	1.18844e+13
3.15247	2.05927e+13
3.46772	3.59789e+13
3.81449	7.37506e+13
4.19594	1.13203e+14
4.61554	1.94762e+14
5.07709	3.59724e+14
5.5848	6.00333e+14
6.14328	9.63711e+14
6.75761	1.90242e+15
7.43337	2.62494e+15
8.17671	4.51914e+15
8.99438	8.2356e+15
9.89382	1.17836e+16
10.8832	1.6452e+16
11.9715	2.14578e+16
13.1687	2.81649e+16
14.4855	3.52073e+16
15.9341	4.28069e+16
17.5275	5.68278e+16
19.2802	6.9328e+16
21.2083	8.32318e+16
23.3291	9.88287e+16
25.662	1.22017e+17
28.2282	1.4382e+17
31.051	1.68457e+17
34.1561	1.9861e+17
37.5717	2.35957e+17
41.3289	2.76393e+17
45.4618	3.24526e+17
50.008	3.81733e+17
55.0088	4.67431e+17
60.5097	5.47065e+17
66.5606	6.40217e+17
73.2167	7.44619e+17
80.5384	8.67104e+17
88.5922	1.00651e+18
97.4514	1.16751e+18
107.197	1.34517e+18
117.916	1.5521e+18
129.708	1.77276e+18
142.679	2.01217e+18
156.947	2.44983e+18
172.641	2.70322e+18
189.905	2.89582e+18
208.896	2.94044e+18
229.785	2.73874e+18
252.764	2.20943e+18
278.04	1.44772e+18
305.844	4.02238e+17
336.429	1.98083e+17
370.072	1.27753e+17
407.079	9.6295e+16
447.787	7.28606e+16
492.565	5.66153e+16
541.822	4.74502e+16
596.004	3.78268e+16
655.605	3.00961e+16
721.165	2.57758e+16
793.281	2.03815e+16
872.61	1.7409e+16
959.871	1.35168e+16
1055.86	1.14308e+16
1161.44	8.61864e+15
1277.59	7.1763e+15
1405.35	5.18751e+15
1545.88	4.2327e+15
1700.47	2.88123e+15
1870.52	2.29352e+15
2057.57	1.79255e+15
2263.32	1.10301e+15
2489.66	8.34873e+14
2738.62	6.17441e+14
3012.49	4.45291e+14
3313.73	2.28166e+14
3645.11	1.57473e+14
4009.62	1.05329e+14
4410.58	6.81037e+13
4851.64	4.24503e+13
5336.8	1.44991e+13
5870.48	8.4773e+12
6457.53	4.73756e+12
7103.28	2.52117e+12
7813.61	1.27266e+12
8594.97	6.06903e+11
9454.47	0
