1e-06	2.27419e-28
1.1e-06	4.87492e-28
1.21e-06	1.04498e-27
1.331e-06	2.24001e-27
1.4641e-06	4.80166e-27
1.61051e-06	1.02928e-26
1.77156e-06	2.20635e-26
1.94872e-06	4.72951e-26
2.14359e-06	1.01381e-25
2.35795e-06	2.1732e-25
2.59374e-06	4.65844e-25
2.85312e-06	9.98578e-25
3.13843e-06	2.14054e-24
3.45227e-06	4.58844e-24
3.7975e-06	9.83573e-24
4.17725e-06	2.10838e-23
4.59497e-06	4.51949e-23
5.05447e-06	9.68793e-23
5.55992e-06	2.07669e-22
6.11591e-06	4.45158e-22
6.7275e-06	9.54235e-22
7.40025e-06	2.04549e-21
8.14027e-06	4.38469e-21
8.9543e-06	9.39896e-21
9.84973e-06	2.01475e-20
1.08347e-05	4.3188e-20
1.19182e-05	9.25773e-20
1.311e-05	1.98448e-19
1.4421e-05	4.2539e-19
1.58631e-05	9.11861e-19
1.74494e-05	1.95466e-18
1.91943e-05	4.18998e-18
2.11138e-05	8.98159e-18
2.32252e-05	1.92528e-17
2.55477e-05	4.12702e-17
2.81024e-05	8.84663e-17
3.09127e-05	1.89635e-16
3.40039e-05	4.065e-16
3.74043e-05	8.71369e-16
4.11448e-05	1.86786e-15
4.52593e-05	4.00392e-15
4.97852e-05	8.58275e-15
5.47637e-05	1.83979e-14
6.02401e-05	3.94375e-14
6.62641e-05	8.45378e-14
7.28905e-05	1.81214e-13
8.01795e-05	3.88449e-13
8.81975e-05	8.32675e-13
9.70172e-05	1.78491e-12
0.000106719	3.82612e-12
0.000117391	8.20162e-12
0.00012913	1.75809e-11
0.000142043	3.76862e-11
0.000156247	8.07838e-11
0.000171872	1.73167e-10
0.000189059	3.71199e-10
0.000207965	7.95699e-10
0.000228762	1.70565e-09
0.000251638	3.65622e-09
0.000276801	7.83742e-09
0.000304482	1.68002e-08
0.00033493	3.60127e-08
0.000368423	7.71965e-08
0.000405265	1.65478e-07
0.000445792	3.54716e-07
0.000490371	7.60365e-07
0.000539408	1.62991e-06
0.000593349	3.49386e-06
0.000652683	7.48939e-06
0.000717952	1.60542e-05
0.000789747	3.44136e-05
0.000868722	7.37685e-05
0.000955594	0.000158129
0.00105115	0.000338964
0.00115627	0.0007266
0.0012719	0.00155753
0.00139908	0.00333871
0.00153899	0.00715682
0.00169289	0.0153413
0.00186218	0.0328854
0.0020484	0.0704927
0.00225324	0.151107
0.00247856	0.323887
0.00272642	0.694194
0.00299906	1.488
0.00329897	3.1892
0.00362887	6.8353
0.00399175	14.6497
0.00439093	31.3971
0.00483002	67.2898
0.00531302	144.205
0.00584432	309.022
0.00642876	662.178
0.00707163	1418.84
0.0077788	3039.83
0.00855668	6512.08
0.00941234	13948.7
0.0103536	29873.3
0.0113889	63965.7
0.0125278	136934
0.0137806	293061
0.0151587	626985
0.0166745	1.34085e+06
0.018342	2.86611e+06
0.0201762	6.12278e+06
0.0221938	1.30706e+07
0.0244132	2.78787e+07
0.0268545	5.94017e+07
0.02954	1.26412e+08
0.032494	2.68614e+08
0.0357434	5.69763e+08
0.0393177	1.20595e+09
0.0432495	2.54597e+09
0.0475744	5.35862e+09
0.0523319	1.12378e+10
0.057565	2.34665e+10
0.0633215	4.87557e+10
0.0696537	1.00702e+11
0.0766191	2.06574e+11
0.084281	4.20416e+11
0.0927091	8.4795e+11
0.10198	1.69299e+12
0.112178	3.34237e+12
0.123396	6.5183e+12
0.135735	1.25471e+13
0.149309	2.38267e+13
0.16424	4.46306e+13
0.180664	8.2486e+13
0.19873	1.5053e+14
0.218603	2.71541e+14
0.240463	4.8483e+14
0.26451	8.58019e+14
0.290961	1.50707e+15
0.320057	2.63034e+15
0.352063	4.56612e+15
0.387269	7.88993e+15
0.425996	1.35783e+16
0.468595	2.32843e+16
0.515455	3.97991e+16
0.567	6.78236e+16
0.6237	1.15256e+17
0.68607	1.95326e+17
0.754677	3.30132e+17
0.830145	5.56463e+17
0.91316	9.35356e+17
1.00448	1.56753e+18
1.10492	2.61874e+18
1.21542	4.35971e+18
1.33696	7.23066e+18
1.47065	1.19437e+19
1.61772	1.96896e+19
1.77949	3.21875e+19
1.95744	5.24209e+19
2.15318	9.21625e+19
2.3685	1.38851e+20
2.60535	2.2645e+20
2.86589	4.11357e+20
3.15247	6.81328e+20
3.46772	1.15448e+21
3.81449	5.25186e+21
4.19594	4.52591e+21
4.61554	9.176e+21
5.07709	3.43904e+22
5.5848	7.11226e+22
6.14328	1.17667e+23
6.75761	1.63613e+24
7.43337	6.89373e+23
8.17671	2.62942e+24
8.99438	1.94877e+25
9.89382	1.82643e+25
10.8832	2.07506e+25
11.9715	3.77442e+25
13.1687	7.45088e+25
14.4855	1.02525e+26
15.9341	1.30252e+26
17.5275	2.71057e+26
19.2802	3.50097e+26
21.2083	4.35139e+26
23.3291	5.11642e+26
25.662	7.78874e+26
28.2282	8.71628e+26
31.051	1.06117e+27
34.1561	1.2929e+27
37.5717	1.63318e+27
41.3289	1.94528e+27
45.4618	2.40827e+27
50.008	3.01078e+27
55.0088	5.37229e+27
60.5097	6.61194e+27
66.5606	8.13049e+27
73.2167	9.86232e+27
80.5384	1.20171e+28
88.5922	1.46238e+28
97.4514	1.77602e+28
107.197	2.13159e+28
117.916	2.57922e+28
129.708	3.08417e+28
142.679	3.66778e+28
156.947	6.78459e+28
172.641	7.87437e+28
189.905	8.87813e+28
208.896	9.48095e+28
229.785	9.26953e+28
252.764	7.79802e+28
278.04	7.4621e+28
305.844	1.32452e+28
336.429	6.55299e+27
370.072	4.58219e+27
407.079	5.08145e+27
447.787	4.26943e+27
492.565	3.71524e+27
541.822	4.63434e+27
596.004	4.1895e+27
655.605	3.80725e+27
721.165	4.88891e+27
793.281	4.46767e+27
872.61	5.72852e+27
959.871	5.19935e+27
1055.86	6.5976e+27
1161.44	5.8771e+27
1277.59	7.32369e+27
1405.35	6.31079e+27
1545.88	7.66322e+27
1700.47	6.25582e+27
1870.52	7.33865e+27
2057.57	8.33171e+27
2263.32	6.1513e+27
2489.66	6.63309e+27
2738.62	6.84073e+27
3012.49	6.71196e+27
3313.73	4.03214e+27
3645.11	3.64048e+27
4009.62	3.07684e+27
4410.58	2.41767e+27
4851.64	1.7533e+27
5336.8	6.42918e+26
5870.48	4.04989e+26
6457.53	2.30019e+26
7103.28	1.16649e+26
7813.61	5.22818e+25
8594.97	2.04868e+25
9454.47	0
