1e-06	127.102
1.01e-06	123.98
1.0201e-06	120.934
1.0303e-06	117.962
1.0406e-06	115.064
1.05101e-06	112.237
1.06152e-06	109.48
1.07214e-06	106.79
1.08286e-06	104.166
1.09369e-06	101.607
1.10462e-06	99.1104
1.11567e-06	96.6753
1.12683e-06	94.3001
1.13809e-06	91.9833
1.14947e-06	89.7233
1.16097e-06	87.5189
1.17258e-06	85.3687
1.1843e-06	83.2713
1.19615e-06	81.2254
1.20811e-06	79.2297
1.22019e-06	77.2831
1.23239e-06	75.3844
1.24472e-06	73.5323
1.25716e-06	71.7257
1.26973e-06	69.9634
1.28243e-06	68.2445
1.29526e-06	66.5678
1.30821e-06	64.9323
1.32129e-06	63.337
1.3345e-06	61.7809
1.34785e-06	60.263
1.36133e-06	58.7824
1.37494e-06	57.3381
1.38869e-06	55.9294
1.40258e-06	54.5553
1.4166e-06	53.2149
1.43077e-06	51.9075
1.44508e-06	50.6322
1.45953e-06	49.3882
1.47412e-06	48.1748
1.48886e-06	46.9912
1.50375e-06	45.8366
1.51879e-06	44.7105
1.53398e-06	43.612
1.54932e-06	42.5405
1.56481e-06	41.4953
1.58046e-06	40.4758
1.59626e-06	39.4814
1.61223e-06	38.5113
1.62835e-06	37.5652
1.64463e-06	36.6422
1.66108e-06	35.742
1.67769e-06	34.8638
1.69447e-06	34.0072
1.71141e-06	33.1717
1.72852e-06	32.3567
1.74581e-06	31.5618
1.76327e-06	30.7863
1.7809e-06	30.0299
1.79871e-06	29.2921
1.8167e-06	28.5724
1.83486e-06	27.8705
1.85321e-06	27.1857
1.87174e-06	26.5178
1.89046e-06	25.8663
1.90937e-06	25.2308
1.92846e-06	24.6109
1.94774e-06	24.0062
1.96722e-06	23.4164
1.98689e-06	22.8411
2.00676e-06	22.2799
2.02683e-06	21.7325
2.0471e-06	21.1986
2.06757e-06	20.6777
2.08825e-06	20.1697
2.10913e-06	19.6741
2.13022e-06	19.1908
2.15152e-06	18.7193
2.17304e-06	18.2594
2.19477e-06	17.8107
2.21672e-06	17.3732
2.23888e-06	16.9463
2.26127e-06	16.53
2.28388e-06	16.1238
2.30672e-06	15.7277
2.32979e-06	15.3413
2.35309e-06	14.9644
2.37662e-06	14.5967
2.40038e-06	14.2381
2.42439e-06	13.8883
2.44863e-06	13.547
2.47312e-06	13.2142
2.49785e-06	12.8895
2.52283e-06	12.5729
2.54806e-06	12.264
2.57354e-06	11.9626
2.59927e-06	11.6687
2.62527e-06	11.382
2.65152e-06	11.1024
2.67803e-06	10.8296
2.70481e-06	10.5636
2.73186e-06	10.304
2.75918e-06	10.0509
2.78677e-06	9.80392
2.81464e-06	9.56305
2.84279e-06	9.32809
2.87121e-06	9.09891
2.89993e-06	8.87536
2.92893e-06	8.6573
2.95822e-06	8.4446
2.9878e-06	8.23713
3.01768e-06	8.03475
3.04785e-06	7.83734
3.07833e-06	7.64479
3.10911e-06	7.45696
3.1402e-06	7.27375
3.17161e-06	7.09504
3.20332e-06	6.92073
3.23536e-06	6.75069
3.26771e-06	6.58483
3.30039e-06	6.42305
3.33339e-06	6.26524
3.36672e-06	6.11131
3.40039e-06	5.96116
3.4344e-06	5.8147
3.46874e-06	5.67184
3.50343e-06	5.53249
3.53846e-06	5.39656
3.57385e-06	5.26398
3.60958e-06	5.13465
3.64568e-06	5.00849
3.68214e-06	4.88544
3.71896e-06	4.76541
3.75615e-06	4.64833
3.79371e-06	4.53412
3.83165e-06	4.42272
3.86996e-06	4.31406
3.90866e-06	4.20807
3.94775e-06	4.10468
3.98723e-06	4.00383
4.0271e-06	3.90546
4.06737e-06	3.80951
4.10804e-06	3.71592
4.14912e-06	3.62462
4.19062e-06	3.53557
4.23252e-06	3.4487
4.27485e-06	3.36397
4.3176e-06	3.28132
4.36077e-06	3.2007
4.40438e-06	3.12206
4.44842e-06	3.04536
4.49291e-06	2.97054
4.53784e-06	2.89755
4.58321e-06	2.82636
4.62905e-06	2.75692
4.67534e-06	2.68919
4.72209e-06	2.62312
4.76931e-06	2.55867
4.817e-06	2.49581
4.86517e-06	2.43449
4.91383e-06	2.37467
4.96296e-06	2.31633
5.01259e-06	2.25942
5.06272e-06	2.20391
5.11335e-06	2.14976
5.16448e-06	2.09694
5.21613e-06	2.04542
5.26829e-06	1.99517
5.32097e-06	1.94615
5.37418e-06	1.89834
5.42792e-06	1.8517
5.4822e-06	1.8062
5.53702e-06	1.76183
5.59239e-06	1.71854
5.64832e-06	1.67632
5.7048e-06	1.63513
5.76185e-06	1.59496
5.81947e-06	1.55577
5.87766e-06	1.51755
5.93644e-06	1.48026
5.9958e-06	1.44389
6.05576e-06	1.40842
6.11632e-06	1.37382
6.17748e-06	1.34006
6.23926e-06	1.30714
6.30165e-06	1.27502
6.36466e-06	1.2437
6.42831e-06	1.21314
6.49259e-06	1.18334
6.55752e-06	1.15426
6.6231e-06	1.1259
6.68933e-06	1.09824
6.75622e-06	1.07126
6.82378e-06	1.04494
6.89202e-06	1.01927
6.96094e-06	0.994223
7.03055e-06	0.969796
7.10085e-06	0.945969
7.17186e-06	0.922728
7.24358e-06	0.900057
7.31602e-06	0.877944
7.38918e-06	0.856373
7.46307e-06	0.835333
7.5377e-06	0.81481
7.61308e-06	0.794791
7.68921e-06	0.775264
7.7661e-06	0.756216
7.84376e-06	0.737637
7.9222e-06	0.719514
8.00142e-06	0.701836
8.08144e-06	0.684593
8.16225e-06	0.667773
8.24387e-06	0.651366
8.32631e-06	0.635363
8.40957e-06	0.619753
8.49367e-06	0.604526
8.57861e-06	0.589674
8.66439e-06	0.575186
8.75104e-06	0.561054
8.83855e-06	0.54727
8.92693e-06	0.533824
9.0162e-06	0.520708
9.10636e-06	0.507915
9.19743e-06	0.495436
9.2894e-06	0.483264
9.3823e-06	0.47139
9.47612e-06	0.459809
9.57088e-06	0.448512
9.66659e-06	0.437492
9.76325e-06	0.426744
9.86089e-06	0.416259
9.9595e-06	0.406032
1.00591e-05	0.396056
1.01597e-05	0.386325
1.02613e-05	0.376834
1.03639e-05	0.367575
1.04675e-05	0.358544
1.05722e-05	0.349735
1.06779e-05	0.341143
1.07847e-05	0.332761
1.08926e-05	0.324586
1.10015e-05	0.316611
1.11115e-05	0.308832
1.12226e-05	0.301244
1.13348e-05	0.293843
1.14482e-05	0.286624
1.15627e-05	0.279582
1.16783e-05	0.272713
1.17951e-05	0.266012
1.1913e-05	0.259477
1.20322e-05	0.253102
1.21525e-05	0.246883
1.2274e-05	0.240817
1.23967e-05	0.234901
1.25207e-05	0.22913
1.26459e-05	0.2235
1.27724e-05	0.218009
1.29001e-05	0.212653
1.30291e-05	0.207428
1.31594e-05	0.202332
1.3291e-05	0.197361
1.34239e-05	0.192512
1.35581e-05	0.187782
1.36937e-05	0.183168
1.38307e-05	0.178668
1.3969e-05	0.174278
1.41086e-05	0.169996
1.42497e-05	0.16582
1.43922e-05	0.161746
1.45362e-05	0.157772
1.46815e-05	0.153896
1.48283e-05	0.150115
1.49766e-05	0.146426
1.51264e-05	0.142829
1.52776e-05	0.13932
1.54304e-05	0.135897
1.55847e-05	0.132558
1.57406e-05	0.129301
1.5898e-05	0.126124
1.6057e-05	0.123026
1.62175e-05	0.120003
1.63797e-05	0.117055
1.65435e-05	0.114179
1.67089e-05	0.111373
1.6876e-05	0.108637
1.70448e-05	0.105968
1.72152e-05	0.103364
1.73874e-05	0.100825
1.75613e-05	0.0983477
1.77369e-05	0.0959314
1.79142e-05	0.0935745
1.80934e-05	0.0912755
1.82743e-05	0.0890329
1.84571e-05	0.0868455
1.86416e-05	0.0847118
1.8828e-05	0.0826305
1.90163e-05	0.0806003
1.92065e-05	0.0786201
1.93986e-05	0.0766885
1.95925e-05	0.0748043
1.97885e-05	0.0729664
1.99864e-05	0.0711737
2.01862e-05	0.0694251
2.03881e-05	0.0677194
2.0592e-05	0.0660556
2.07979e-05	0.0644326
2.10059e-05	0.0628496
2.12159e-05	0.0613055
2.14281e-05	0.0597992
2.16424e-05	0.05833
2.18588e-05	0.0568969
2.20774e-05	0.055499
2.22981e-05	0.0541355
2.25211e-05	0.0528054
2.27463e-05	0.051508
2.29738e-05	0.0502425
2.32035e-05	0.0490081
2.34356e-05	0.0478041
2.36699e-05	0.0466296
2.39066e-05	0.0454839
2.41457e-05	0.0443664
2.43871e-05	0.0432764
2.4631e-05	0.0422131
2.48773e-05	0.041176
2.51261e-05	0.0401643
2.53774e-05	0.0391776
2.56311e-05	0.038215
2.58874e-05	0.0372761
2.61463e-05	0.0363603
2.64078e-05	0.0354669
2.66719e-05	0.0345955
2.69386e-05	0.0337456
2.7208e-05	0.0329165
2.748e-05	0.0321077
2.77548e-05	0.0313189
2.80324e-05	0.0305494
2.83127e-05	0.0297989
2.85958e-05	0.0290667
2.88818e-05	0.0283526
2.91706e-05	0.027656
2.94623e-05	0.0269765
2.9757e-05	0.0263137
3.00545e-05	0.0256672
3.03551e-05	0.0250366
3.06586e-05	0.0244215
3.09652e-05	0.0238215
3.12749e-05	0.0232362
3.15876e-05	0.0226653
3.19035e-05	0.0221085
3.22225e-05	0.0215653
3.25447e-05	0.0210354
3.28702e-05	0.0205186
3.31989e-05	0.0200145
3.35309e-05	0.0195228
3.38662e-05	0.0190431
3.42049e-05	0.0185752
3.45469e-05	0.0181189
3.48924e-05	0.0176737
3.52413e-05	0.0172395
3.55937e-05	0.0168159
3.59496e-05	0.0164028
3.63091e-05	0.0159998
3.66722e-05	0.0156067
3.7039e-05	0.0152232
3.74093e-05	0.0148492
3.77834e-05	0.0144844
3.81613e-05	0.0141285
3.85429e-05	0.0137814
3.89283e-05	0.0134428
3.93176e-05	0.0131125
3.97108e-05	0.0127904
4.01079e-05	0.0124761
4.0509e-05	0.0121696
4.0914e-05	0.0118706
4.13232e-05	0.0115789
4.17364e-05	0.0112945
4.21538e-05	0.011017
4.25753e-05	0.0107463
4.30011e-05	0.0104823
4.34311e-05	0.0102247
4.38654e-05	0.00997352
4.4304e-05	0.00972848
4.47471e-05	0.00948946
4.51946e-05	0.00925631
4.56465e-05	0.0090289
4.6103e-05	0.00880707
4.6564e-05	0.00859069
4.70296e-05	0.00837962
4.74999e-05	0.00817374
4.79749e-05	0.00797292
4.84547e-05	0.00777704
4.89392e-05	0.00758596
4.94286e-05	0.00739958
4.99229e-05	0.00721778
5.04221e-05	0.00704045
5.09264e-05	0.00686747
5.14356e-05	0.00669875
5.195e-05	0.00653416
5.24695e-05	0.00637363
5.29942e-05	0.00621703
5.35241e-05	0.00606429
5.40594e-05	0.00591529
5.46e-05	0.00576996
5.5146e-05	0.0056282
5.56974e-05	0.00548992
5.62544e-05	0.00535504
5.68169e-05	0.00522347
5.73851e-05	0.00509513
5.79589e-05	0.00496995
5.85385e-05	0.00484785
5.91239e-05	0.00472874
5.97152e-05	0.00461256
6.03123e-05	0.00449923
6.09154e-05	0.00438869
6.15246e-05	0.00428087
6.21398e-05	0.00417569
6.27612e-05	0.0040731
6.33888e-05	0.00397303
6.40227e-05	0.00387541
6.4663e-05	0.0037802
6.53096e-05	0.00368732
6.59627e-05	0.00359673
6.66223e-05	0.00350836
6.72885e-05	0.00342216
6.79614e-05	0.00333808
6.8641e-05	0.00325607
6.93275e-05	0.00317607
7.00207e-05	0.00309804
7.07209e-05	0.00302192
7.14281e-05	0.00294768
7.21424e-05	0.00287526
7.28638e-05	0.00280461
7.35925e-05	0.00273571
7.43284e-05	0.00266849
7.50717e-05	0.00260293
7.58224e-05	0.00253898
7.65806e-05	0.0024766
7.73464e-05	0.00241575
7.81199e-05	0.0023564
7.89011e-05	0.00229851
7.96901e-05	0.00224203
8.0487e-05	0.00218695
8.12919e-05	0.00213322
8.21048e-05	0.00208081
8.29259e-05	0.00202968
8.37551e-05	0.00197982
8.45927e-05	0.00193118
8.54386e-05	0.00188373
8.6293e-05	0.00183745
8.71559e-05	0.0017923
8.80275e-05	0.00174827
8.89077e-05	0.00170531
8.97968e-05	0.00166342
9.06948e-05	0.00162255
9.16017e-05	0.00158268
9.25178e-05	0.0015438
9.34429e-05	0.00150587
9.43774e-05	0.00146887
9.53211e-05	0.00143278
9.62743e-05	0.00139758
9.72371e-05	0.00136324
9.82095e-05	0.00132975
9.91916e-05	0.00129708
0.000100183	0.00126521
0.000101185	0.00123413
0.000102197	0.00120381
0.000103219	0.00117423
0.000104251	0.00114538
0.000105294	0.00111724
0.000106347	0.00108979
0.00010741	0.00106301
0.000108484	0.0010369
0.000109569	0.00101142
0.000110665	0.000986572
0.000111772	0.000962333
0.000112889	0.00093869
0.000114018	0.000915627
0.000115158	0.000893131
0.00011631	0.000871188
0.000117473	0.000849784
0.000118648	0.000828905
0.000119834	0.00080854
0.000121033	0.000788675
0.000122243	0.000769298
0.000123465	0.000750397
0.0001247	0.000731961
0.000125947	0.000713977
0.000127206	0.000696436
0.000128478	0.000679325
0.000129763	0.000662635
0.000131061	0.000646354
0.000132372	0.000630474
0.000133695	0.000614984
0.000135032	0.000599874
0.000136383	0.000585136
0.000137746	0.00057076
0.000139124	0.000556737
0.000140515	0.000543058
0.00014192	0.000529716
0.000143339	0.000516701
0.000144773	0.000504007
0.000146221	0.000491624
0.000147683	0.000479545
0.00014916	0.000467763
0.000150651	0.000456271
0.000152158	0.000445061
0.000153679	0.000434126
0.000155216	0.00042346
0.000156768	0.000413056
0.000158336	0.000402908
0.000159919	0.000393008
0.000161518	0.000383353
0.000163134	0.000373934
0.000164765	0.000364747
0.000166413	0.000355785
0.000168077	0.000347044
0.000169757	0.000338518
0.000171455	0.000330201
0.00017317	0.000322088
0.000174901	0.000314175
0.00017665	0.000306456
0.000178417	0.000298926
0.000180201	0.000291582
0.000182003	0.000284418
0.000183823	0.00027743
0.000185661	0.000270614
0.000187518	0.000263965
0.000189393	0.00025748
0.000191287	0.000251154
0.0001932	0.000244983
0.000195132	0.000238964
0.000197083	0.000233093
0.000199054	0.000227366
0.000201045	0.00022178
0.000203055	0.000216331
0.000205086	0.000211016
0.000207136	0.000205832
0.000209208	0.000200775
0.0002113	0.000195842
0.000213413	0.00019103
0.000215547	0.000186337
0.000217702	0.000181759
0.000219879	0.000177293
0.000222078	0.000172937
0.000224299	0.000168688
0.000226542	0.000164544
0.000228807	0.000160501
0.000231095	0.000156558
0.000233406	0.000152711
0.000235741	0.000148959
0.000238098	0.0001453
0.000240479	0.00014173
0.000242884	0.000138248
0.000245313	0.000134851
0.000247766	0.000131538
0.000250243	0.000128306
0.000252746	0.000125154
0.000255273	0.000122079
0.000257826	0.00011908
0.000260404	0.000116154
0.000263008	0.0001133
0.000265638	0.000110516
0.000268295	0.000107801
0.000270978	0.000105153
0.000273687	0.000102569
0.000276424	0.000100049
0.000279189	9.7591e-05
0.00028198	9.51933e-05
0.0002848	9.28545e-05
0.000287648	9.05731e-05
0.000290525	8.83478e-05
0.00029343	8.61772e-05
0.000296364	8.40599e-05
0.000299328	8.19947e-05
0.000302321	7.99801e-05
0.000305344	7.80151e-05
0.000308398	7.60984e-05
0.000311482	7.42287e-05
0.000314597	7.2405e-05
0.000317743	7.06261e-05
0.00032092	6.88908e-05
0.000324129	6.71983e-05
0.00032737	6.55473e-05
0.000330644	6.39368e-05
0.000333951	6.2366e-05
0.00033729	6.08337e-05
0.000340663	5.93391e-05
0.00034407	5.78812e-05
0.00034751	5.64591e-05
0.000350985	5.5072e-05
0.000354495	5.37189e-05
0.00035804	5.23991e-05
0.000361621	5.11117e-05
0.000365237	4.98559e-05
0.000368889	4.8631e-05
0.000372578	4.74362e-05
0.000376304	4.62708e-05
0.000380067	4.51339e-05
0.000383868	4.4025e-05
0.000387706	4.29434e-05
0.000391583	4.18883e-05
0.000395499	4.08592e-05
0.000399454	3.98553e-05
0.000403449	3.88761e-05
0.000407483	3.79209e-05
0.000411558	3.69893e-05
0.000415674	3.60805e-05
0.00041983	3.5194e-05
0.000424029	3.43293e-05
0.000428269	3.34859e-05
0.000432552	3.26632e-05
0.000436877	3.18607e-05
0.000441246	3.10779e-05
0.000445658	3.03143e-05
0.000450115	2.95696e-05
0.000454616	2.88431e-05
0.000459162	2.81344e-05
0.000463754	2.74432e-05
0.000468391	2.67689e-05
0.000473075	2.61112e-05
0.000477806	2.54697e-05
0.000482584	2.4844e-05
0.00048741	2.42336e-05
0.000492284	2.36382e-05
0.000497207	2.30574e-05
0.000502179	2.24909e-05
0.000507201	2.19383e-05
0.000512273	2.13993e-05
0.000517396	2.08736e-05
0.00052257	2.03607e-05
0.000527795	1.98605e-05
0.000533073	1.93725e-05
0.000538404	1.88966e-05
0.000543788	1.84323e-05
0.000549226	1.79794e-05
0.000554718	1.75377e-05
0.000560265	1.71068e-05
0.000565868	1.66865e-05
0.000571527	1.62765e-05
0.000577242	1.58767e-05
0.000583014	1.54866e-05
0.000588844	1.51061e-05
0.000594733	1.47349e-05
0.00060068	1.43729e-05
0.000606687	1.40198e-05
0.000612754	1.36753e-05
0.000618881	1.33394e-05
0.00062507	1.30116e-05
0.000631321	1.26919e-05
0.000637634	1.23801e-05
0.000644011	1.20759e-05
0.000650451	1.17793e-05
0.000656955	1.14898e-05
0.000663525	1.12076e-05
0.00067016	1.09322e-05
0.000676862	1.06636e-05
0.00068363	1.04016e-05
0.000690466	1.01461e-05
0.000697371	9.89677e-06
0.000704345	9.65362e-06
0.000711388	9.41644e-06
0.000718502	9.18509e-06
0.000725687	8.95942e-06
0.000732944	8.7393e-06
0.000740273	8.52458e-06
0.000747676	8.31514e-06
0.000755153	8.11085e-06
0.000762705	7.91157e-06
0.000770332	7.71719e-06
0.000778035	7.52759e-06
0.000785815	7.34264e-06
0.000793673	7.16224e-06
0.00080161	6.98627e-06
0.000809626	6.81463e-06
0.000817722	6.6472e-06
0.0008259	6.48388e-06
0.000834159	6.32458e-06
0.0008425	6.16919e-06
0.000850925	6.01762e-06
0.000859435	5.86978e-06
0.000868029	5.72556e-06
0.000876709	5.58489e-06
0.000885476	5.44768e-06
0.000894331	5.31383e-06
0.000903274	5.18328e-06
0.000912307	5.05593e-06
0.00092143	4.93171e-06
0.000930644	4.81054e-06
0.000939951	4.69235e-06
0.00094935	4.57707e-06
0.000958844	4.46461e-06
0.000968432	4.35492e-06
0.000978117	4.24793e-06
0.000987898	4.14356e-06
0.000997777	4.04176e-06
0.00100775	3.94245e-06
0.00101783	3.84559e-06
0.00102801	3.75111e-06
0.00103829	3.65895e-06
0.00104867	3.56905e-06
0.00105916	3.48136e-06
0.00106975	3.39583e-06
0.00108045	3.3124e-06
0.00109125	3.23102e-06
0.00110217	3.15163e-06
0.00111319	3.0742e-06
0.00112432	2.99867e-06
0.00113556	2.925e-06
0.00114692	2.85313e-06
0.00115839	2.78303e-06
0.00116997	2.71466e-06
0.00118167	2.64796e-06
0.00119349	2.5829e-06
0.00120542	2.51944e-06
0.00121748	2.45754e-06
0.00122965	2.39717e-06
0.00124195	2.33827e-06
0.00125437	2.28082e-06
0.00126691	2.22478e-06
0.00127958	2.17012e-06
0.00129238	2.1168e-06
0.0013053	2.0648e-06
0.00131835	2.01407e-06
0.00133154	1.96458e-06
0.00134485	1.91632e-06
0.0013583	1.86923e-06
0.00137188	1.82331e-06
0.0013856	1.77851e-06
0.00139946	1.73482e-06
0.00141345	1.69219e-06
0.00142759	1.65062e-06
0.00144186	1.61006e-06
0.00145628	1.57051e-06
0.00147085	1.53192e-06
0.00148555	1.49428e-06
0.00150041	1.45757e-06
0.00151541	1.42176e-06
0.00153057	1.38683e-06
0.00154587	1.35275e-06
0.00156133	1.31952e-06
0.00157695	1.2871e-06
0.00159271	1.25548e-06
0.00160864	1.22463e-06
0.00162473	1.19454e-06
0.00164098	1.16519e-06
0.00165739	1.13657e-06
0.00167396	1.10864e-06
0.0016907	1.0814e-06
0.00170761	1.05484e-06
0.00172468	1.02892e-06
0.00174193	1.00364e-06
0.00175935	9.78981e-07
0.00177694	9.54929e-07
0.00179471	9.31467e-07
0.00181266	9.08582e-07
0.00183078	8.86259e-07
0.00184909	8.64485e-07
0.00186758	8.43245e-07
0.00188626	8.22528e-07
0.00190512	8.02319e-07
0.00192417	7.82607e-07
0.00194341	7.63379e-07
0.00196285	7.44623e-07
0.00198248	7.26329e-07
0.0020023	7.08484e-07
0.00202232	6.91077e-07
0.00204255	6.74098e-07
0.00206297	6.57536e-07
0.0020836	6.41381e-07
0.00210444	6.25623e-07
0.00212548	6.10252e-07
0.00214674	5.95259e-07
0.00216821	5.80634e-07
0.00218989	5.66368e-07
0.00221179	5.52453e-07
0.0022339	5.3888e-07
0.00225624	5.2564e-07
0.00227881	5.12726e-07
0.00230159	5.00129e-07
0.00232461	4.87841e-07
0.00234786	4.75855e-07
0.00237134	4.64164e-07
0.00239505	4.5276e-07
0.002419	4.41636e-07
0.00244319	4.30786e-07
0.00246762	4.20202e-07
0.0024923	4.09878e-07
0.00251722	3.99808e-07
0.00254239	3.89985e-07
0.00256782	3.80403e-07
0.00259349	3.71057e-07
0.00261943	3.61941e-07
0.00264562	3.53048e-07
0.00267208	3.44374e-07
0.0026988	3.35913e-07
0.00272579	3.2766e-07
0.00275305	3.1961e-07
0.00278058	3.11757e-07
0.00280838	3.04098e-07
0.00283647	2.96626e-07
0.00286483	2.89339e-07
0.00289348	2.8223e-07
0.00292241	2.75296e-07
0.00295164	2.68532e-07
0.00298115	2.61935e-07
0.00301097	2.55499e-07
0.00304108	2.49222e-07
0.00307149	2.43099e-07
0.0031022	2.37126e-07
0.00313322	2.313e-07
0.00316456	2.25617e-07
0.0031962	2.20074e-07
0.00322816	2.14667e-07
0.00326045	2.09393e-07
0.00329305	2.04248e-07
0.00332598	1.9923e-07
0.00335924	1.94335e-07
0.00339283	1.89561e-07
0.00342676	1.84903e-07
0.00346103	1.80361e-07
0.00349564	1.75929e-07
0.00353059	1.71607e-07
0.0035659	1.67391e-07
0.00360156	1.63278e-07
0.00363758	1.59267e-07
0.00367395	1.55353e-07
0.00371069	1.51537e-07
0.0037478	1.47814e-07
0.00378528	1.44182e-07
0.00382313	1.4064e-07
0.00386136	1.37184e-07
0.00389997	1.33814e-07
0.00393897	1.30526e-07
0.00397836	1.27319e-07
0.00401815	1.24191e-07
0.00405833	1.2114e-07
0.00409891	1.18164e-07
0.0041399	1.1526e-07
0.0041813	1.12429e-07
0.00422311	1.09666e-07
0.00426534	1.06972e-07
0.004308	1.04344e-07
0.00435108	1.0178e-07
0.00439459	9.92795e-08
0.00443853	9.68403e-08
0.00448292	9.44611e-08
0.00452775	9.21403e-08
0.00457303	8.98765e-08
0.00461876	8.76683e-08
0.00466494	8.55144e-08
0.00471159	8.34134e-08
0.00475871	8.1364e-08
0.0048063	7.9365e-08
0.00485436	7.74151e-08
0.0049029	7.55131e-08
0.00495193	7.36578e-08
0.00500145	7.18481e-08
0.00505146	7.00829e-08
0.00510198	6.8361e-08
0.005153	6.66815e-08
0.00520453	6.50432e-08
0.00525657	6.34451e-08
0.00530914	6.18864e-08
0.00536223	6.03659e-08
0.00541585	5.88828e-08
0.00547001	5.74361e-08
0.00552471	5.60249e-08
0.00557996	5.46485e-08
0.00563576	5.33058e-08
0.00569212	5.19962e-08
0.00574904	5.07187e-08
0.00580653	4.94726e-08
0.00586459	4.82571e-08
0.00592324	4.70715e-08
0.00598247	4.5915e-08
0.0060423	4.47869e-08
0.00610272	4.36865e-08
0.00616375	4.26132e-08
0.00622538	4.15662e-08
0.00628764	4.0545e-08
0.00635051	3.95489e-08
0.00641402	3.85772e-08
0.00647816	3.76294e-08
0.00654294	3.67049e-08
0.00660837	3.58031e-08
0.00667445	3.49235e-08
0.0067412	3.40654e-08
0.00680861	3.32285e-08
0.0068767	3.24121e-08
0.00694546	3.16158e-08
0.00701492	3.0839e-08
0.00708507	3.00813e-08
0.00715592	2.93423e-08
0.00722748	2.86214e-08
0.00729975	2.79182e-08
0.00737275	2.72322e-08
0.00744648	2.65632e-08
0.00752094	2.59106e-08
0.00759615	2.5274e-08
0.00767211	2.4653e-08
0.00774883	2.40473e-08
0.00782632	2.34565e-08
0.00790459	2.28802e-08
0.00798363	2.23181e-08
0.00806347	2.17697e-08
0.0081441	2.12349e-08
0.00822554	2.07132e-08
0.0083078	2.02043e-08
0.00839088	1.97079e-08
0.00847479	1.92237e-08
0.00855953	1.87514e-08
0.00864513	1.82907e-08
0.00873158	1.78413e-08
0.0088189	1.7403e-08
0.00890709	1.69754e-08
0.00899616	1.65583e-08
0.00908612	1.61515e-08
0.00917698	1.57547e-08
0.00926875	1.53676e-08
0.00936144	1.49901e-08
0.00945505	1.46218e-08
0.0095496	1.42625e-08
0.0096451	1.39121e-08
0.00974155	1.35703e-08
0.00983896	1.32369e-08
0.00993735	1.29117e-08
0.0100367	1.25945e-08
0.0101371	1.22851e-08
0.0102385	1.19832e-08
0.0103409	1.16888e-08
0.0104443	1.14016e-08
0.0105487	1.11215e-08
0.0106542	1.08483e-08
0.0107607	1.05817e-08
0.0108683	1.03218e-08
0.010977	1.00682e-08
0.0110868	9.82082e-09
0.0111977	9.57953e-09
0.0113096	9.34418e-09
0.0114227	9.1146e-09
0.011537	8.89067e-09
0.0116523	8.67224e-09
0.0117689	8.45918e-09
0.0118865	8.25135e-09
0.0120054	8.04862e-09
0.0121255	7.85088e-09
0.0122467	7.658e-09
0.0123692	7.46985e-09
0.0124929	7.28633e-09
0.0126178	7.10731e-09
0.012744	6.9327e-09
0.0128714	6.76237e-09
0.0130001	6.59623e-09
0.0131301	6.43417e-09
0.0132614	6.27609e-09
0.0133941	6.1219e-09
0.013528	5.9715e-09
0.0136633	5.82479e-09
0.0137999	5.68168e-09
0.0139379	5.54209e-09
0.0140773	5.40593e-09
0.0142181	5.27312e-09
0.0143602	5.14356e-09
0.0145038	5.0172e-09
0.0146489	4.89393e-09
0.0147954	4.7737e-09
0.0149433	4.65641e-09
0.0150928	4.54201e-09
0.0152437	4.43043e-09
0.0153961	4.32158e-09
0.0155501	4.2154e-09
0.0157056	4.11184e-09
0.0158626	4.01082e-09
0.0160213	3.91228e-09
0.0161815	3.81616e-09
0.0163433	3.72241e-09
0.0165067	3.63095e-09
0.0166718	3.54175e-09
0.0168385	3.45473e-09
0.0170069	3.36986e-09
0.017177	3.28707e-09
0.0173487	3.20631e-09
0.0175222	3.12754e-09
0.0176974	3.0507e-09
0.0178744	2.97575e-09
0.0180532	2.90264e-09
0.0182337	2.83133e-09
0.018416	2.76177e-09
0.0186002	2.69392e-09
0.0187862	2.62774e-09
0.0189741	2.56318e-09
0.0191638	2.50021e-09
0.0193554	2.43878e-09
0.019549	2.37887e-09
0.0197445	2.32042e-09
0.0199419	2.26342e-09
0.0201413	2.20781e-09
0.0203427	2.15357e-09
0.0205462	2.10066e-09
0.0207516	2.04905e-09
0.0209592	1.99871e-09
0.0211687	1.94961e-09
0.0213804	1.90171e-09
0.0215942	1.85499e-09
0.0218102	1.80942e-09
0.0220283	1.76497e-09
0.0222486	1.72161e-09
0.0224711	1.67931e-09
0.0226958	1.63805e-09
0.0229227	1.59781e-09
0.0231519	1.55856e-09
0.0233835	1.52027e-09
0.0236173	1.48292e-09
0.0238535	1.44649e-09
0.024092	1.41095e-09
0.0243329	1.37629e-09
0.0245763	1.34248e-09
0.024822	1.3095e-09
0.0250702	1.27733e-09
0.0253209	1.24595e-09
0.0255742	1.21534e-09
0.0258299	1.18548e-09
0.0260882	1.15636e-09
0.0263491	1.12795e-09
0.0266126	1.10024e-09
0.0268787	1.07321e-09
0.0271475	1.04684e-09
0.027419	1.02113e-09
0.0276931	9.96041e-10
0.0279701	9.71572e-10
0.0282498	9.47704e-10
0.0285323	9.24422e-10
0.0288176	9.01712e-10
0.0291058	8.79561e-10
0.0293968	8.57953e-10
0.0296908	8.36876e-10
0.0299877	8.16318e-10
0.0302876	7.96264e-10
0.0305905	7.76703e-10
0.0308964	7.57622e-10
0.0312053	7.39011e-10
0.0315174	7.20856e-10
0.0318326	7.03148e-10
0.0321509	6.85875e-10
0.0324724	6.69026e-10
0.0327971	6.52591e-10
0.0331251	6.36559e-10
0.0334563	6.20922e-10
0.0337909	6.05669e-10
0.0341288	5.9079e-10
0.0344701	5.76277e-10
0.0348148	5.62121e-10
0.0351629	5.48313e-10
0.0355146	5.34843e-10
0.0358697	5.21705e-10
0.0362284	5.08889e-10
0.0365907	4.96388e-10
0.0369566	4.84195e-10
0.0373262	4.72301e-10
0.0376994	4.60699e-10
0.0380764	4.49382e-10
0.0384572	4.38343e-10
0.0388418	4.27576e-10
0.0392302	4.17073e-10
0.0396225	4.06828e-10
0.0400187	3.96835e-10
0.0404189	3.87087e-10
0.0408231	3.77578e-10
0.0412313	3.68304e-10
0.0416436	3.59257e-10
0.0420601	3.50432e-10
0.0424807	3.41825e-10
0.0429055	3.33428e-10
0.0433345	3.25238e-10
0.0437679	3.17249e-10
0.0442056	3.09457e-10
0.0446476	3.01856e-10
0.0450941	2.94441e-10
0.045545	2.87209e-10
0.0460005	2.80155e-10
0.0464605	2.73273e-10
0.0469251	2.66561e-10
0.0473943	2.60014e-10
0.0478683	2.53628e-10
0.048347	2.47398e-10
0.0488304	2.41322e-10
0.0493187	2.35395e-10
0.0498119	2.29613e-10
0.05031	2.23973e-10
0.0508131	2.18472e-10
0.0513213	2.13107e-10
0.0518345	2.07873e-10
0.0523528	2.02767e-10
0.0528764	1.97787e-10
0.0534051	1.9293e-10
0.0539392	1.88191e-10
0.0544786	1.83569e-10
0.0550234	1.79061e-10
0.0555736	1.74663e-10
0.0561293	1.70374e-10
0.0566906	1.6619e-10
0.0572575	1.62108e-10
0.0578301	1.58127e-10
0.0584084	1.54244e-10
0.0589925	1.50456e-10
0.0595824	1.46761e-10
0.0601782	1.43157e-10
0.06078	1.39641e-10
0.0613878	1.36212e-10
0.0620017	1.32867e-10
0.0626217	1.29604e-10
0.0632479	1.26422e-10
0.0638804	1.23317e-10
0.0645192	1.20289e-10
0.0651644	1.17335e-10
0.065816	1.14454e-10
0.0664742	1.11644e-10
0.0671389	1.08902e-10
0.0678103	1.06228e-10
0.0684884	1.0362e-10
0.0691733	1.01076e-10
0.0698651	9.8594e-11
0.0705637	9.61732e-11
0.0712693	9.38119e-11
0.071982	9.15086e-11
0.0727019	8.92618e-11
0.0734289	8.70703e-11
0.0741632	8.49326e-11
0.0749048	8.28474e-11
0.0756538	8.08134e-11
0.0764104	7.88294e-11
0.0771745	7.68941e-11
0.0779462	7.50064e-11
0.0787257	7.3165e-11
0.079513	7.13689e-11
0.0803081	6.96169e-11
0.0811112	6.7908e-11
0.0819223	6.6241e-11
0.0827415	6.46149e-11
0.0835689	6.30288e-11
0.0844046	6.14817e-11
0.0852486	5.99726e-11
0.0861011	5.85005e-11
0.0869621	5.70646e-11
0.0878318	5.5664e-11
0.0887101	5.42978e-11
0.0895972	5.29652e-11
0.0904932	5.16652e-11
0.0913981	5.03973e-11
0.0923121	4.91604e-11
0.0932352	4.7954e-11
0.0941675	4.67771e-11
0.0951092	4.56292e-11
0.0960603	4.45095e-11
0.0970209	4.34173e-11
0.0979911	4.23519e-11
0.098971	4.13127e-11
0.0999607	4.0299e-11
0.10096	3.93102e-11
0.10197	3.83457e-11
0.10299	3.74049e-11
0.10402	3.64872e-11
0.10506	3.5592e-11
0.10611	3.47189e-11
0.107171	3.38671e-11
0.108243	3.30363e-11
0.109326	3.22259e-11
0.110419	3.14354e-11
0.111523	3.06644e-11
0.112638	2.99122e-11
0.113765	2.91786e-11
0.114902	2.84629e-11
0.116051	2.77649e-11
0.117212	2.7084e-11
0.118384	2.64198e-11
0.119568	2.57719e-11
0.120763	2.51399e-11
0.121971	2.45235e-11
0.123191	2.39222e-11
0.124423	2.33357e-11
0.125667	2.27635e-11
0.126924	2.22055e-11
0.128193	2.16611e-11
0.129475	2.11301e-11
0.13077	2.06122e-11
0.132077	2.0107e-11
0.133398	1.96141e-11
0.134732	1.91334e-11
0.136079	1.86645e-11
0.13744	1.82071e-11
0.138814	1.7761e-11
0.140203	1.73258e-11
0.141605	1.69013e-11
0.143021	1.64872e-11
0.144451	1.60833e-11
0.145895	1.56894e-11
0.147354	1.53051e-11
0.148828	1.49302e-11
0.150316	1.45645e-11
0.151819	1.42079e-11
0.153338	1.386e-11
0.154871	1.35206e-11
0.15642	1.31896e-11
0.157984	1.28667e-11
0.159564	1.25518e-11
0.161159	1.22446e-11
0.162771	1.19449e-11
0.164399	1.16526e-11
0.166043	1.13675e-11
0.167703	1.10894e-11
0.16938	1.08181e-11
0.171074	1.05536e-11
0.172785	1.02955e-11
0.174512	1.00437e-11
0.176258	9.79817e-12
0.17802	9.55866e-12
0.1798	9.32504e-12
0.181598	9.09717e-12
0.183414	8.8749e-12
0.185248	8.65811e-12
0.187101	8.44665e-12
0.188972	8.2404e-12
0.190862	8.03923e-12
0.19277	7.84301e-12
0.194698	7.65163e-12
0.196645	7.46496e-12
0.198611	7.2829e-12
0.200598	7.10532e-12
0.202604	6.93213e-12
0.20463	6.76321e-12
0.206676	6.59846e-12
0.208743	6.43779e-12
0.21083	6.28108e-12
0.212938	6.12825e-12
0.215068	5.9792e-12
0.217218	5.83384e-12
0.219391	5.69208e-12
0.221584	5.55383e-12
0.2238	5.41902e-12
0.226038	5.28755e-12
0.228299	5.15935e-12
0.230582	5.03434e-12
0.232888	4.91245e-12
0.235216	4.79359e-12
0.237569	4.6777e-12
0.239944	4.56471e-12
0.242344	4.45455e-12
0.244767	4.34715e-12
0.247215	4.24244e-12
0.249687	4.14037e-12
0.252184	4.04088e-12
0.254706	3.94389e-12
0.257253	3.84936e-12
0.259825	3.75723e-12
0.262423	3.66744e-12
0.265048	3.57994e-12
0.267698	3.49468e-12
0.270375	3.4116e-12
0.273079	3.33067e-12
0.27581	3.25181e-12
0.278568	3.175e-12
0.281354	3.10019e-12
0.284167	3.02733e-12
0.287009	2.95638e-12
0.289879	2.88729e-12
0.292778	2.82003e-12
0.295705	2.75455e-12
0.298662	2.69082e-12
0.301649	2.62879e-12
0.304666	2.56844e-12
0.307712	2.50971e-12
0.310789	2.45259e-12
0.313897	2.39703e-12
0.317036	2.34299e-12
0.320207	2.29045e-12
0.323409	2.23937e-12
0.326643	2.18972e-12
0.329909	2.14146e-12
0.333208	2.09457e-12
0.33654	2.04901e-12
0.339906	2.00475e-12
0.343305	1.96175e-12
0.346738	1.91999e-12
0.350205	1.87944e-12
0.353707	1.84007e-12
0.357244	1.80184e-12
0.360817	1.76473e-12
0.364425	1.7287e-12
0.368069	1.69373e-12
0.37175	1.65979e-12
0.375467	1.62684e-12
0.379222	1.59485e-12
0.383014	1.56381e-12
0.386844	1.53367e-12
0.390713	1.50441e-12
0.39462	1.476e-12
0.398566	1.44841e-12
0.402552	1.42162e-12
0.406577	1.3956e-12
0.410643	1.37032e-12
0.41475	1.34575e-12
0.418897	1.32187e-12
0.423086	1.29866e-12
0.427317	1.27608e-12
0.43159	1.25412e-12
0.435906	1.23276e-12
0.440265	1.21196e-12
0.444668	1.19172e-12
0.449114	1.172e-12
0.453605	1.15278e-12
0.458142	1.13406e-12
0.462723	1.11581e-12
0.46735	1.098e-12
0.472024	1.08063e-12
0.476744	1.06368e-12
0.481511	1.04713e-12
0.486326	1.03096e-12
0.49119	1.01516e-12
0.496102	9.99722e-13
0.501063	9.84625e-13
0.506073	9.6986e-13
0.511134	9.55413e-13
0.516245	9.41272e-13
0.521408	9.27428e-13
0.526622	9.13869e-13
0.531888	9.00584e-13
0.537207	8.87566e-13
0.542579	8.74803e-13
0.548005	8.62289e-13
0.553485	8.50013e-13
0.55902	8.3797e-13
0.56461	8.2615e-13
0.570256	8.14547e-13
0.575959	8.03154e-13
0.581718	7.91965e-13
0.587535	7.80973e-13
0.593411	7.70173e-13
0.599345	7.59558e-13
0.605338	7.49125e-13
0.611392	7.38867e-13
0.617506	7.2878e-13
0.623681	7.18859e-13
0.629917	7.091e-13
0.636217	6.99499e-13
0.642579	6.90051e-13
0.649005	6.80754e-13
0.655495	6.71603e-13
0.66205	6.62596e-13
0.66867	6.53728e-13
0.675357	6.44998e-13
0.68211	6.36403e-13
0.688931	6.27939e-13
0.695821	6.19606e-13
0.702779	6.114e-13
0.709807	6.03321e-13
0.716905	5.95369e-13
0.724074	5.87545e-13
0.731315	5.79859e-13
0.738628	5.72569e-13
0.746014	5.65002e-13
0.753474	5.57562e-13
0.761009	5.50296e-13
0.768619	5.43229e-13
0.776305	5.36038e-13
0.784068	5.28981e-13
0.791909	5.22204e-13
0.799828	5.15262e-13
0.807826	5.08443e-13
0.815905	5.01909e-13
0.824064	4.95212e-13
0.832304	4.88633e-13
0.840627	4.82325e-13
0.849034	4.75871e-13
0.857524	4.69529e-13
0.866099	4.63435e-13
0.87476	4.57219e-13
0.883508	4.51114e-13
0.892343	4.45223e-13
0.901266	4.3924e-13
0.910279	4.33369e-13
0.919382	4.27674e-13
0.928575	4.2192e-13
0.937861	4.16395e-13
0.94724	4.10768e-13
0.956712	4.05239e-13
0.966279	3.99899e-13
0.975942	3.94493e-13
0.985702	3.8919e-13
0.995559	3.84021e-13
1.00551	3.78831e-13
1.01557	3.73812e-13
1.02572	3.68744e-13
1.03598	3.63778e-13
1.04634	3.58914e-13
1.05681	3.54055e-13
1.06737	3.49334e-13
1.07805	3.44591e-13
1.08883	3.39997e-13
1.09972	3.35372e-13
1.11071	3.30898e-13
1.12182	3.26389e-13
1.13304	3.21964e-13
1.14437	3.17637e-13
1.15581	3.13322e-13
1.16737	3.09111e-13
1.17904	3.04907e-13
1.19083	3.00806e-13
1.20274	2.96711e-13
1.21477	2.92716e-13
1.22692	2.88729e-13
1.23919	2.84837e-13
1.25158	2.80957e-13
1.2641	2.77165e-13
1.27674	2.73391e-13
1.2895	2.69694e-13
1.3024	2.66059e-13
1.31542	2.62421e-13
1.32858	2.58879e-13
1.34186	2.55341e-13
1.35528	2.51889e-13
1.36883	2.48451e-13
1.38252	2.45087e-13
1.39635	2.41774e-13
1.41031	2.38467e-13
1.42441	2.35239e-13
1.43866	2.32028e-13
1.45304	2.28881e-13
1.46758	2.25782e-13
1.48225	2.22696e-13
1.49707	2.19677e-13
1.51204	2.16701e-13
1.52716	2.13739e-13
1.54244	2.1084e-13
1.55786	2.07983e-13
1.57344	2.05142e-13
1.58917	2.02358e-13
1.60507	1.99614e-13
1.62112	1.96909e-13
1.63733	1.94217e-13
1.6537	1.91583e-13
1.67024	1.88985e-13
1.68694	1.86424e-13
1.70381	1.83878e-13
1.72085	1.81384e-13
1.73806	1.78925e-13
1.75544	1.765e-13
1.77299	1.74094e-13
1.79072	1.71732e-13
1.80863	1.69404e-13
1.82671	1.67109e-13
1.84498	1.64845e-13
1.86343	1.62613e-13
1.88207	1.60411e-13
1.90089	1.58229e-13
1.9199	1.56086e-13
1.93909	1.53973e-13
1.95848	1.5189e-13
1.97807	1.49836e-13
1.99785	1.4781e-13
2.01783	1.45812e-13
2.03801	1.43842e-13
2.05839	1.41899e-13
2.07897	1.39983e-13
2.09976	1.38094e-13
2.12076	1.36231e-13
2.14197	1.34394e-13
2.16339	1.32582e-13
2.18502	1.30796e-13
2.20687	1.29035e-13
2.22894	1.27298e-13
2.25123	1.25586e-13
2.27374	1.23898e-13
2.29648	1.2224e-13
2.31944	1.20598e-13
2.34264	1.18978e-13
2.36606	1.17382e-13
2.38972	1.15809e-13
2.41362	1.14258e-13
2.43776	1.12733e-13
2.46213	1.11224e-13
2.48676	1.09737e-13
2.51162	1.08271e-13
2.53674	1.06831e-13
2.56211	1.05405e-13
2.58773	1.04e-13
2.61361	1.02615e-13
2.63974	1.01253e-13
2.66614	9.99063e-14
2.6928	9.85795e-14
2.71973	9.72742e-14
2.74693	9.59838e-14
2.7744	9.47159e-14
2.80214	9.34614e-14
2.83016	9.22293e-14
2.85846	9.10099e-14
2.88705	8.9809e-14
2.91592	8.86274e-14
2.94508	8.74601e-14
2.97453	8.63119e-14
3.00427	8.51808e-14
3.03432	8.40616e-14
3.06466	8.29622e-14
3.0953	8.18751e-14
3.12626	8.08064e-14
3.15752	7.97533e-14
3.1891	7.87118e-14
3.22099	7.76881e-14
3.2532	7.66794e-14
3.28573	7.56819e-14
3.31859	7.47013e-14
3.35177	7.3735e-14
3.38529	7.27826e-14
3.41914	7.1841e-14
3.45333	7.09154e-14
3.48787	7.00032e-14
3.52275	6.9104e-14
3.55797	6.82179e-14
3.59355	6.73444e-14
3.62949	6.64835e-14
3.66578	6.56332e-14
3.70244	6.47968e-14
3.73947	6.39727e-14
3.77686	6.31605e-14
3.81463	6.23616e-14
3.85277	6.15726e-14
3.8913	6.0795e-14
3.93022	6.00287e-14
3.96952	5.92736e-14
4.00921	5.85295e-14
4.04931	5.77964e-14
4.0898	5.70741e-14
4.1307	5.63639e-14
4.172	5.56623e-14
4.21372	5.49712e-14
4.25586	5.42904e-14
4.29842	5.36209e-14
4.3414	5.29599e-14
4.38482	5.2309e-14
4.42867	5.16687e-14
4.47295	5.10368e-14
4.51768	5.04157e-14
4.56286	4.98024e-14
4.60849	4.91999e-14
4.65457	4.86049e-14
4.70112	4.80203e-14
4.74813	4.74433e-14
4.79561	4.68762e-14
4.84357	4.6318e-14
4.892	4.57668e-14
4.94092	4.52254e-14
4.99033	4.46924e-14
5.04023	4.41664e-14
5.09064	4.36496e-14
5.14154	4.31409e-14
5.19296	4.26402e-14
5.24489	4.21474e-14
5.29734	4.16613e-14
5.35031	4.11837e-14
5.40381	4.07137e-14
5.45785	4.02512e-14
5.51243	3.97961e-14
5.56755	3.93483e-14
5.62323	3.89077e-14
5.67946	3.84742e-14
5.73626	3.80484e-14
5.79362	3.76287e-14
5.85156	3.72158e-14
5.91007	3.68096e-14
5.96917	3.64101e-14
6.02886	3.60178e-14
6.08915	3.56311e-14
6.15004	3.52508e-14
6.21154	3.48775e-14
6.27366	3.45094e-14
6.3364	3.41483e-14
6.39976	3.3792e-14
6.46376	3.34418e-14
6.5284	3.30978e-14
6.59368	3.27597e-14
6.65962	3.2426e-14
6.72621	3.20986e-14
6.79347	3.17758e-14
6.86141	3.14588e-14
6.93002	3.11469e-14
6.99932	3.084e-14
7.06932	3.05372e-14
7.14001	3.02399e-14
7.21141	2.99472e-14
7.28352	2.96592e-14
7.35636	2.93756e-14
7.42992	2.90964e-14
7.50422	2.88214e-14
7.57926	2.85507e-14
7.65506	2.82841e-14
7.73161	2.80214e-14
7.80892	2.77627e-14
7.88701	2.75079e-14
7.96588	2.72575e-14
8.04554	2.701e-14
8.126	2.6766e-14
8.20726	2.65257e-14
8.28933	2.62894e-14
8.37222	2.60558e-14
8.45595	2.58256e-14
8.5405	2.5599e-14
8.62591	2.53749e-14
8.71217	2.51546e-14
8.79929	2.49375e-14
8.88728	2.47223e-14
8.97616	2.45108e-14
9.06592	2.43013e-14
9.15658	2.40953e-14
9.24814	2.38919e-14
9.34062	2.36905e-14
9.43403	2.3492e-14
9.52837	2.32962e-14
9.62365	2.31027e-14
9.71989	2.29116e-14
9.81709	2.27228e-14
9.91526	2.25362e-14
10.0144	2.23516e-14
10.1146	2.21692e-14
10.2157	2.19888e-14
10.3179	2.18103e-14
10.421	2.16337e-14
10.5252	2.14588e-14
10.6305	2.12859e-14
10.7368	2.11148e-14
10.8442	2.09446e-14
10.9526	2.07757e-14
11.0621	2.06083e-14
11.1728	2.04423e-14
11.2845	2.02775e-14
11.3973	2.01142e-14
11.5113	1.99523e-14
11.6264	1.97919e-14
11.7427	1.9633e-14
11.8601	1.94746e-14
11.9787	1.93183e-14
12.0985	1.91635e-14
12.2195	1.90101e-14
12.3417	1.88572e-14
12.4651	1.87066e-14
12.5898	1.85573e-14
12.7156	1.84085e-14
12.8428	1.82619e-14
12.9712	1.81158e-14
13.1009	1.79718e-14
13.232	1.78283e-14
13.3643	1.76867e-14
13.4979	1.75467e-14
13.6329	1.74068e-14
13.7692	1.72686e-14
13.9069	1.71317e-14
14.046	1.69966e-14
14.1864	1.68616e-14
14.3283	1.6728e-14
14.4716	1.65961e-14
14.6163	1.64648e-14
14.7625	1.63354e-14
14.9101	1.62063e-14
15.0592	1.60785e-14
15.2098	1.59524e-14
15.3619	1.58266e-14
15.5155	1.57029e-14
15.6707	1.55793e-14
15.8274	1.54569e-14
15.9856	1.53363e-14
16.1455	1.52159e-14
16.307	1.50966e-14
16.47	1.49792e-14
16.6347	1.48619e-14
16.8011	1.47457e-14
16.9691	1.46306e-14
17.1388	1.45171e-14
17.3102	1.44038e-14
17.4833	1.42915e-14
17.6581	1.41811e-14
17.8347	1.40707e-14
18.013	1.39612e-14
18.1932	1.38527e-14
18.3751	1.37453e-14
18.5588	1.36394e-14
18.7444	1.35336e-14
18.9319	1.34287e-14
19.1212	1.33248e-14
19.3124	1.32218e-14
19.5055	1.31204e-14
19.7006	1.3019e-14
19.8976	1.29185e-14
20.0966	1.28189e-14
20.2975	1.27201e-14
20.5005	1.26222e-14
20.7055	1.25251e-14
20.9126	1.24295e-14
21.1217	1.2334e-14
21.3329	1.22392e-14
21.5462	1.21453e-14
21.7617	1.20521e-14
21.9793	1.19597e-14
22.1991	1.18681e-14
22.4211	1.17773e-14
22.6453	1.16872e-14
22.8718	1.15979e-14
23.1005	1.15093e-14
23.3315	1.14215e-14
23.5648	1.13343e-14
23.8004	1.1248e-14
24.0384	1.11623e-14
24.2788	1.10773e-14
24.5216	1.0993e-14
24.7668	1.09094e-14
25.0145	1.08265e-14
25.2647	1.07442e-14
25.5173	1.06627e-14
25.7725	1.05818e-14
26.0302	1.05015e-14
26.2905	1.0422e-14
26.5534	1.03431e-14
26.8189	1.02648e-14
27.0871	1.01871e-14
27.358	1.01102e-14
27.6316	1.00338e-14
27.9079	9.95808e-15
28.187	9.88298e-15
28.4688	9.8078e-15
28.7535	9.73387e-15
29.0411	9.66042e-15
29.3315	9.58767e-15
29.6248	9.51555e-15
29.921	9.44399e-15
30.2202	9.37306e-15
30.5225	9.30271e-15
30.8277	9.23301e-15
31.136	9.16283e-15
31.4473	9.09413e-15
31.7618	9.026e-15
32.0794	8.95847e-15
32.4002	8.89147e-15
32.7242	8.82426e-15
33.0514	8.75819e-15
33.382	8.6927e-15
33.7158	8.62787e-15
34.0529	8.56352e-15
34.3935	8.49885e-15
34.7374	8.43544e-15
35.0848	8.37269e-15
35.4356	8.31043e-15
35.79	8.24786e-15
36.1479	8.18639e-15
36.5094	8.12557e-15
36.8744	8.06535e-15
37.2432	8.00473e-15
37.6156	7.94525e-15
37.9918	7.88635e-15
38.3717	7.82799e-15
38.7554	7.76915e-15
39.143	7.71161e-15
39.5344	7.6546e-15
39.9297	7.59724e-15
40.329	7.54104e-15
40.7323	7.48541e-15
41.1397	7.42942e-15
41.551	7.37453e-15
41.9666	7.32019e-15
42.3862	7.26554e-15
42.8101	7.21192e-15
43.2382	7.15887e-15
43.6706	7.10548e-15
44.1073	7.05318e-15
44.5483	7.0014e-15
44.9938	6.94918e-15
45.4438	6.89812e-15
45.8982	6.84763e-15
46.3572	6.79658e-15
46.8208	6.74679e-15
47.289	6.69667e-15
47.7619	6.64758e-15
48.2395	6.599e-15
48.7219	6.54994e-15
49.2091	6.50208e-15
49.7012	6.45391e-15
50.1982	6.4067e-15
50.7002	6.36003e-15
51.2072	6.31284e-15
51.7192	6.26686e-15
52.2364	6.22047e-15
52.7588	6.17514e-15
53.2864	6.12958e-15
53.8193	6.08487e-15
54.3574	6.04075e-15
54.901	5.99605e-15
55.45	5.95258e-15
56.0045	5.90865e-15
56.5646	5.86577e-15
57.1302	5.8226e-15
57.7015	5.78034e-15
58.2785	5.73789e-15
58.8613	5.69626e-15
59.4499	5.65518e-15
60.0444	5.6135e-15
60.6449	5.57303e-15
61.2513	5.53203e-15
61.8638	5.49217e-15
62.4825	5.45181e-15
63.1073	5.41259e-15
63.7384	5.37287e-15
64.3758	5.33424e-15
65.0195	5.29518e-15
65.6697	5.25714e-15
66.3264	5.2187e-15
66.9897	5.18124e-15
67.6596	5.14342e-15
68.3362	5.10654e-15
69.0195	5.06933e-15
69.7097	5.03303e-15
70.4068	4.9964e-15
71.1109	4.96069e-15
71.822	4.92466e-15
72.5402	4.8895e-15
73.2656	4.85405e-15
73.9983	4.81945e-15
74.7383	4.7846e-15
75.4857	4.75054e-15
76.2405	4.71624e-15
77.0029	4.68273e-15
77.7729	4.64902e-15
78.5507	4.61606e-15
79.3362	4.58291e-15
80.1295	4.55048e-15
80.9308	4.5179e-15
81.7401	4.486e-15
82.5575	4.45399e-15
83.3831	4.42261e-15
84.217	4.39174e-15
85.0591	4.3603e-15
85.9097	4.32995e-15
86.7688	4.29908e-15
87.6365	4.26929e-15
88.5129	4.23895e-15
89.398	4.20968e-15
90.292	4.17991e-15
91.1949	4.15108e-15
92.1068	4.1219e-15
93.0279	4.09359e-15
93.9582	4.06499e-15
94.8978	4.03725e-15
95.8467	4.00921e-15
96.8052	3.9819e-15
97.7733	3.95504e-15
98.751	3.92769e-15
99.7385	3.9013e-15
100.736	3.87457e-15
101.743	3.8487e-15
102.761	3.82262e-15
103.788	3.79715e-15
104.826	3.77216e-15
105.874	3.74681e-15
106.933	3.72224e-15
108.003	3.69815e-15
109.083	3.6736e-15
110.173	3.64992e-15
111.275	3.62659e-15
112.388	3.60281e-15
113.512	3.57999e-15
114.647	3.55753e-15
115.793	3.53462e-15
116.951	3.51264e-15
118.121	3.49101e-15
119.302	3.46905e-15
120.495	3.44788e-15
121.7	3.42709e-15
122.917	3.40662e-15
124.146	3.38592e-15
125.388	3.36592e-15
126.641	3.34633e-15
127.908	3.32708e-15
129.187	3.30818e-15
130.479	3.28902e-15
131.784	3.27065e-15
133.101	3.25265e-15
134.432	3.23499e-15
135.777	3.21769e-15
137.135	3.20074e-15
138.506	3.18417e-15
139.891	3.16794e-15
141.29	3.15207e-15
142.703	3.13656e-15
144.13	3.12142e-15
145.571	3.10667e-15
147.027	3.09232e-15
148.497	3.07837e-15
149.982	3.06479e-15
151.482	3.05164e-15
152.997	3.03894e-15
154.527	3.02669e-15
156.072	3.01488e-15
157.633	3.00357e-15
159.209	2.99324e-15
160.801	2.98282e-15
162.409	2.97293e-15
164.033	2.96359e-15
165.673	2.95533e-15
167.33	2.94699e-15
169.003	2.9393e-15
170.694	2.93271e-15
172.4	2.9261e-15
174.124	2.92084e-15
175.866	2.91546e-15
177.624	2.91153e-15
179.401	2.9075e-15
181.195	2.90497e-15
183.007	2.90248e-15
184.837	2.90141e-15
186.685	2.90127e-15
188.552	2.9012e-15
190.437	2.90271e-15
192.342	2.90521e-15
194.265	2.90873e-15
196.208	2.91263e-15
198.17	2.91816e-15
200.152	2.92488e-15
202.153	2.93285e-15
204.175	2.94214e-15
206.216	2.95285e-15
208.279	2.96507e-15
210.361	2.97949e-15
212.465	2.99481e-15
214.59	3.01195e-15
216.735	3.03114e-15
218.903	3.05326e-15
221.092	3.07665e-15
223.303	3.10369e-15
225.536	3.13213e-15
227.791	3.16482e-15
230.069	3.19942e-15
232.37	3.23879e-15
234.693	3.28225e-15
237.04	3.33014e-15
239.411	3.38171e-15
241.805	3.44001e-15
244.223	3.50599e-15
246.665	3.57778e-15
249.132	3.65794e-15
251.623	3.74842e-15
254.139	3.85114e-15
256.681	3.96807e-15
259.248	4.10162e-15
261.84	4.25576e-15
264.458	4.43519e-15
267.103	4.65134e-15
269.774	4.9039e-15
272.472	5.22631e-15
275.197	5.62771e-15
277.949	6.16371e-15
280.728	6.91292e-15
283.535	8.07326e-15
286.371	1.021e-14
289.234	1.65964e-14
292.127	inf
295.048	inf
297.998	inf
300.978	inf
303.988	inf
307.028	inf
310.098	inf
313.199	inf
316.331	inf
319.495	inf
322.69	inf
325.917	inf
329.176	inf
332.467	inf
335.792	inf
339.15	inf
342.542	inf
345.967	inf
349.427	inf
352.921	inf
356.45	inf
360.015	inf
363.615	inf
367.251	inf
370.923	inf
374.633	inf
378.379	inf
382.163	inf
385.984	inf
389.844	inf
393.743	inf
397.68	inf
401.657	inf
405.673	inf
409.73	inf
413.827	inf
417.966	inf
422.145	inf
426.367	inf
430.631	inf
434.937	inf
439.286	inf
443.679	inf
448.116	inf
452.597	inf
457.123	inf
461.694	inf
466.311	inf
470.974	inf
475.684	inf
480.441	inf
485.245	inf
490.098	inf
494.999	inf
499.949	inf
504.948	inf
509.998	inf
515.098	inf
520.249	inf
525.451	inf
530.706	inf
536.013	inf
541.373	inf
546.787	inf
552.254	inf
557.777	inf
563.355	inf
568.988	inf
574.678	inf
580.425	inf
586.229	inf
592.091	inf
598.012	inf
603.992	inf
610.032	inf
616.133	inf
622.294	inf
628.517	inf
634.802	inf
641.15	inf
647.562	inf
654.037	inf
660.578	inf
667.183	inf
673.855	inf
680.594	inf
687.4	inf
694.274	inf
701.217	inf
708.229	inf
715.311	inf
722.464	inf
729.689	inf
736.986	inf
744.355	inf
751.799	inf
759.317	inf
766.91	inf
774.579	inf
782.325	inf
790.148	inf
798.05	inf
806.03	inf
814.091	inf
822.232	inf
830.454	inf
838.758	inf
847.146	inf
855.617	inf
864.174	inf
872.815	inf
881.543	inf
890.359	inf
899.262	inf
908.255	inf
917.338	inf
926.511	inf
935.776	inf
945.134	inf
954.585	inf
964.131	inf
973.772	inf
983.51	inf
993.345	inf
1003.28	inf
1013.31	inf
1023.44	inf
1033.68	inf
1044.02	inf
1054.46	inf
1065	inf
1075.65	inf
1086.41	inf
1097.27	inf
1108.24	inf
1119.33	inf
1130.52	inf
1141.82	inf
1153.24	inf
1164.78	inf
1176.42	inf
1188.19	inf
1200.07	inf
1212.07	inf
1224.19	inf
1236.43	inf
1248.8	inf
1261.28	inf
1273.9	inf
1286.64	inf
1299.5	inf
1312.5	inf
1325.62	inf
1338.88	inf
1352.27	inf
1365.79	inf
1379.45	inf
1393.24	inf
1407.18	inf
1421.25	inf
1435.46	inf
1449.81	inf
1464.31	inf
1478.96	inf
1493.75	inf
1508.68	inf
1523.77	inf
1539.01	inf
1554.4	inf
1569.94	inf
1585.64	inf
1601.5	inf
1617.51	inf
1633.69	inf
1650.02	inf
1666.52	inf
1683.19	inf
1700.02	inf
1717.02	inf
1734.19	inf
1751.53	inf
1769.05	inf
1786.74	inf
1804.61	inf
1822.65	inf
1840.88	inf
1859.29	inf
1877.88	inf
1896.66	inf
1915.63	inf
1934.78	inf
1954.13	inf
1973.67	inf
1993.41	inf
2013.34	inf
2033.48	inf
2053.81	inf
2074.35	inf
2095.09	inf
2116.04	inf
2137.2	inf
2158.58	inf
2180.16	inf
2201.96	inf
2223.98	inf
2246.22	inf
2268.69	inf
2291.37	inf
2314.29	inf
2337.43	inf
2360.8	inf
2384.41	inf
2408.26	inf
2432.34	inf
2456.66	inf
2481.23	inf
2506.04	inf
2531.1	inf
2556.41	inf
2581.98	inf
2607.8	inf
2633.87	inf
2660.21	inf
2686.81	inf
2713.68	inf
2740.82	inf
2768.23	inf
2795.91	inf
2823.87	inf
2852.11	inf
2880.63	inf
2909.43	inf
2938.53	inf
2967.91	inf
2997.59	inf
3027.57	inf
3057.84	inf
3088.42	inf
3119.31	inf
3150.5	inf
3182.01	inf
3213.83	inf
3245.96	inf
3278.42	inf
3311.21	inf
3344.32	inf
3377.76	inf
3411.54	inf
3445.66	inf
3480.11	inf
3514.91	inf
3550.06	inf
3585.56	inf
3621.42	inf
3657.63	inf
3694.21	inf
3731.15	inf
3768.46	inf
3806.15	inf
3844.21	inf
3882.65	inf
3921.48	inf
3960.69	inf
4000.3	inf
4040.3	inf
4080.71	inf
4121.51	inf
4162.73	inf
4204.36	inf
4246.4	inf
4288.86	inf
4331.75	inf
4375.07	inf
4418.82	inf
4463.01	inf
4507.64	inf
4552.71	inf
4598.24	inf
4644.22	inf
4690.67	inf
4737.57	inf
4784.95	inf
4832.8	inf
4881.13	inf
4929.94	inf
4979.24	inf
5029.03	inf
5079.32	inf
5130.11	inf
5181.41	inf
5233.23	inf
5285.56	inf
5338.42	inf
5391.8	inf
5445.72	inf
5500.17	inf
5555.18	inf
5610.73	inf
5666.84	inf
5723.5	inf
5780.74	inf
5838.55	inf
5896.93	inf
5955.9	inf
6015.46	inf
6075.61	inf
6136.37	inf
6197.73	inf
6259.71	inf
6322.31	inf
6385.53	inf
6449.39	inf
6513.88	inf
6579.02	inf
6644.81	inf
6711.26	inf
6778.37	inf
6846.16	inf
6914.62	inf
6983.76	inf
7053.6	inf
7124.14	inf
7195.38	inf
7267.33	inf
7340	inf
7413.4	inf
7487.54	inf
7562.41	inf
7638.04	inf
7714.42	inf
7791.56	inf
7869.48	inf
7948.17	inf
8027.66	inf
8107.93	inf
8189.01	inf
8270.9	inf
8353.61	inf
8437.15	inf
8521.52	inf
8606.73	inf
8692.8	inf
8779.73	inf
8867.53	inf
8956.2	inf
9045.76	inf
9136.22	inf
9227.58	inf
9319.86	inf
9413.06	inf
9507.19	inf
9602.26	inf
9698.28	inf
9795.26	inf
9893.22	inf
9992.15	inf
10092.1	inf
10193	inf
10294.9	inf
10397.9	inf
10501.8	inf
10606.9	inf
10712.9	inf
10820.1	inf
10928.3	inf
11037.5	inf
11147.9	inf
11259.4	inf
11372	inf
11485.7	inf
11600.6	inf
11716.6	inf
11833.7	inf
11952.1	inf
12071.6	inf
12192.3	inf
12314.2	inf
12437.4	inf
12561.8	inf
12687.4	inf
12814.3	inf
12942.4	inf
13071.8	inf
13202.5	inf
13334.6	inf
13467.9	inf
13602.6	inf
13738.6	inf
13876	inf
14014.8	inf
14154.9	inf
14296.5	inf
14439.4	inf
14583.8	inf
14729.7	inf
14876.9	inf
15025.7	inf
15176	inf
15327.7	inf
15481	inf
15635.8	inf
15792.2	inf
15950.1	inf
16109.6	inf
16270.7	inf
16433.4	inf
16597.7	inf
16763.7	inf
16931.4	inf
17100.7	inf
17271.7	inf
17444.4	inf
17618.8	inf
17795	inf
17973	inf
18152.7	inf
18334.2	inf
18517.6	inf
18702.8	inf
18889.8	inf
19078.7	inf
19269.5	inf
19462.2	inf
19656.8	inf
19853.3	inf
20051.9	inf
20252.4	inf
20454.9	inf
20659.5	inf
20866.1	inf
21074.7	inf
21285.5	inf
21498.3	inf
21713.3	inf
21930.4	inf
22149.8	inf
22371.2	inf
22595	inf
22820.9	inf
23049.1	inf
23279.6	inf
23512.4	inf
23747.5	inf
23985	inf
24224.9	inf
24467.1	inf
24711.8	inf
24958.9	inf
25208.5	inf
25460.6	inf
25715.2	inf
25972.3	inf
26232	inf
26494.4	inf
26759.3	inf
27026.9	inf
27297.2	inf
27570.1	inf
27845.8	inf
28124.3	inf
28405.5	inf
28689.6	inf
28976.5	inf
29266.3	inf
29558.9	inf
29854.5	inf
30153.1	inf
30454.6	inf
30759.1	inf
31066.7	inf
31377.4	inf
31691.2	inf
32008.1	inf
32328.2	inf
32651.4	inf
32978	inf
33307.7	inf
33640.8	inf
33977.2	inf
34317	inf
34660.2	inf
35006.8	inf
35356.8	inf
35710.4	inf
36067.5	inf
36428.2	inf
36792.5	inf
37160.4	inf
37532	inf
37907.3	inf
38286.4	inf
38669.3	inf
39055.9	inf
39446.5	inf
39841	inf
40239.4	inf
40641.8	inf
41048.2	inf
41458.7	inf
41873.3	inf
42292	inf
42714.9	inf
43142.1	inf
43573.5	inf
44009.2	inf
44449.3	inf
44893.8	inf
45342.7	inf
45796.2	inf
46254.1	inf
46716.7	inf
47183.8	inf
47655.7	inf
48132.2	inf
48613.6	inf
49099.7	inf
49590.7	inf
50086.6	inf
50587.5	inf
51093.3	inf
51604.3	inf
52120.3	inf
52641.5	inf
53167.9	inf
53699.6	inf
54236.6	inf
54779	inf
55326.8	inf
55880	inf
56438.8	inf
57003.2	inf
57573.2	inf
58149	inf
58730.5	inf
59317.8	inf
59911	inf
60510.1	inf
61115.2	inf
61726.3	inf
62343.6	inf
62967	inf
63596.7	inf
64232.6	inf
64875	inf
65523.7	inf
66179	inf
66840.8	inf
67509.2	inf
68184.3	inf
68866.1	inf
69554.8	inf
70250.3	inf
70952.8	inf
71662.3	inf
72379	inf
73102.7	inf
73833.8	inf
74572.1	inf
75317.8	inf
76071	inf
76831.7	inf
77600	inf
78376	inf
79159.8	inf
79951.4	inf
80750.9	inf
81558.4	inf
82374	inf
83197.7	inf
84029.7	inf
84870	inf
85718.7	inf
86575.9	inf
87441.7	inf
88316.1	inf
89199.2	inf
90091.2	inf
90992.1	inf
91902.1	inf
92821.1	inf
93749.3	inf
94686.8	inf
95633.7	inf
96590	inf
97555.9	inf
98531.5	inf
99516.8	inf
