0.0001	inf
0.0001001	inf
0.0001002	inf
0.0001003	inf
0.000100401	inf
0.000100501	inf
0.000100602	inf
0.000100702	inf
0.000100803	inf
0.000100904	inf
0.000101005	inf
0.000101106	inf
0.000101207	inf
0.000101308	inf
0.000101409	inf
0.000101511	inf
0.000101612	inf
0.000101714	inf
0.000101815	inf
0.000101917	inf
0.000102019	inf
0.000102121	inf
0.000102223	inf
0.000102325	inf
0.000102428	inf
0.00010253	inf
0.000102633	inf
0.000102735	inf
0.000102838	inf
0.000102941	inf
0.000103044	inf
0.000103147	inf
0.00010325	inf
0.000103353	inf
0.000103457	inf
0.00010356	inf
0.000103664	inf
0.000103767	inf
0.000103871	inf
0.000103975	inf
0.000104079	inf
0.000104183	inf
0.000104287	inf
0.000104392	inf
0.000104496	inf
0.0001046	inf
0.000104705	inf
0.00010481	inf
0.000104915	inf
0.000105019	inf
0.000105124	inf
0.00010523	inf
0.000105335	inf
0.00010544	inf
0.000105546	inf
0.000105651	inf
0.000105757	inf
0.000105863	inf
0.000105968	inf
0.000106074	inf
0.00010618	inf
0.000106287	inf
0.000106393	inf
0.000106499	inf
0.000106606	inf
0.000106712	inf
0.000106819	inf
0.000106926	inf
0.000107033	inf
0.00010714	inf
0.000107247	inf
0.000107354	inf
0.000107462	inf
0.000107569	inf
0.000107677	inf
0.000107784	inf
0.000107892	inf
0.000108	inf
0.000108108	inf
0.000108216	inf
0.000108324	inf
0.000108433	inf
0.000108541	inf
0.00010865	inf
0.000108758	inf
0.000108867	inf
0.000108976	inf
0.000109085	inf
0.000109194	inf
0.000109303	inf
0.000109413	inf
0.000109522	inf
0.000109631	inf
0.000109741	inf
0.000109851	inf
0.000109961	inf
0.000110071	inf
0.000110181	inf
0.000110291	inf
0.000110401	inf
0.000110512	inf
0.000110622	inf
0.000110733	inf
0.000110843	inf
0.000110954	inf
0.000111065	inf
0.000111176	inf
0.000111287	inf
0.000111399	inf
0.00011151	inf
0.000111622	inf
0.000111733	inf
0.000111845	inf
0.000111957	inf
0.000112069	inf
0.000112181	inf
0.000112293	inf
0.000112405	inf
0.000112518	inf
0.00011263	inf
0.000112743	inf
0.000112856	inf
0.000112969	inf
0.000113081	inf
0.000113195	inf
0.000113308	inf
0.000113421	inf
0.000113534	inf
0.000113648	inf
0.000113762	inf
0.000113875	inf
0.000113989	inf
0.000114103	inf
0.000114217	inf
0.000114332	inf
0.000114446	inf
0.00011456	inf
0.000114675	inf
0.00011479	inf
0.000114904	inf
0.000115019	inf
0.000115134	inf
0.000115249	inf
0.000115365	inf
0.00011548	inf
0.000115596	inf
0.000115711	inf
0.000115827	inf
0.000115943	inf
0.000116059	inf
0.000116175	inf
0.000116291	inf
0.000116407	inf
0.000116524	inf
0.00011664	inf
0.000116757	inf
0.000116874	inf
0.00011699	inf
0.000117107	inf
0.000117224	inf
0.000117342	inf
0.000117459	inf
0.000117577	inf
0.000117694	inf
0.000117812	inf
0.00011793	inf
0.000118048	inf
0.000118166	inf
0.000118284	inf
0.000118402	inf
0.00011852	inf
0.000118639	inf
0.000118758	inf
0.000118876	inf
0.000118995	inf
0.000119114	inf
0.000119233	inf
0.000119353	inf
0.000119472	inf
0.000119591	inf
0.000119711	inf
0.000119831	inf
0.000119951	inf
0.00012007	inf
0.000120191	inf
0.000120311	inf
0.000120431	inf
0.000120551	inf
0.000120672	inf
0.000120793	inf
0.000120913	inf
0.000121034	inf
0.000121155	inf
0.000121277	inf
0.000121398	inf
0.000121519	inf
0.000121641	inf
0.000121762	inf
0.000121884	inf
0.000122006	inf
0.000122128	inf
0.00012225	inf
0.000122372	inf
0.000122495	inf
0.000122617	inf
0.00012274	inf
0.000122863	inf
0.000122986	inf
0.000123109	inf
0.000123232	inf
0.000123355	inf
0.000123478	inf
0.000123602	inf
0.000123725	inf
0.000123849	inf
0.000123973	inf
0.000124097	inf
0.000124221	inf
0.000124345	inf
0.00012447	inf
0.000124594	inf
0.000124719	inf
0.000124843	inf
0.000124968	inf
0.000125093	inf
0.000125218	inf
0.000125343	inf
0.000125469	inf
0.000125594	inf
0.00012572	inf
0.000125846	inf
0.000125971	inf
0.000126097	inf
0.000126223	inf
0.00012635	inf
0.000126476	inf
0.000126603	inf
0.000126729	inf
0.000126856	inf
0.000126983	inf
0.00012711	inf
0.000127237	inf
0.000127364	inf
0.000127491	inf
0.000127619	inf
0.000127746	inf
0.000127874	inf
0.000128002	inf
0.00012813	inf
0.000128258	inf
0.000128387	inf
0.000128515	inf
0.000128643	inf
0.000128772	inf
0.000128901	inf
0.00012903	inf
0.000129159	inf
0.000129288	inf
0.000129417	inf
0.000129547	inf
0.000129676	inf
0.000129806	inf
0.000129936	inf
0.000130066	inf
0.000130196	inf
0.000130326	inf
0.000130456	inf
0.000130587	inf
0.000130717	inf
0.000130848	inf
0.000130979	inf
0.00013111	inf
0.000131241	inf
0.000131372	inf
0.000131503	inf
0.000131635	inf
0.000131767	inf
0.000131898	inf
0.00013203	inf
0.000132162	inf
0.000132294	inf
0.000132427	inf
0.000132559	inf
0.000132692	inf
0.000132824	inf
0.000132957	inf
0.00013309	inf
0.000133223	inf
0.000133357	inf
0.00013349	inf
0.000133623	inf
0.000133757	inf
0.000133891	inf
0.000134025	inf
0.000134159	inf
0.000134293	inf
0.000134427	inf
0.000134562	inf
0.000134696	inf
0.000134831	inf
0.000134966	inf
0.000135101	inf
0.000135236	inf
0.000135371	inf
0.000135506	inf
0.000135642	inf
0.000135777	inf
0.000135913	inf
0.000136049	inf
0.000136185	inf
0.000136321	inf
0.000136458	inf
0.000136594	inf
0.000136731	inf
0.000136867	inf
0.000137004	inf
0.000137141	inf
0.000137279	inf
0.000137416	inf
0.000137553	inf
0.000137691	inf
0.000137828	inf
0.000137966	inf
0.000138104	inf
0.000138242	inf
0.000138381	inf
0.000138519	inf
0.000138657	inf
0.000138796	inf
0.000138935	inf
0.000139074	inf
0.000139213	inf
0.000139352	inf
0.000139492	inf
0.000139631	inf
0.000139771	inf
0.00013991	inf
0.00014005	inf
0.00014019	inf
0.000140331	inf
0.000140471	inf
0.000140611	inf
0.000140752	inf
0.000140893	inf
0.000141034	inf
0.000141175	inf
0.000141316	inf
0.000141457	inf
0.000141599	inf
0.00014174	inf
0.000141882	inf
0.000142024	inf
0.000142166	inf
0.000142308	inf
0.00014245	inf
0.000142593	inf
0.000142735	inf
0.000142878	inf
0.000143021	inf
0.000143164	inf
0.000143307	inf
0.00014345	inf
0.000143594	inf
0.000143738	inf
0.000143881	inf
0.000144025	inf
0.000144169	inf
0.000144313	inf
0.000144458	inf
0.000144602	inf
0.000144747	inf
0.000144891	inf
0.000145036	inf
0.000145181	inf
0.000145327	inf
0.000145472	inf
0.000145617	inf
0.000145763	inf
0.000145909	inf
0.000146055	inf
0.000146201	inf
0.000146347	inf
0.000146493	inf
0.00014664	inf
0.000146786	inf
0.000146933	inf
0.00014708	inf
0.000147227	inf
0.000147374	inf
0.000147522	inf
0.000147669	inf
0.000147817	inf
0.000147965	inf
0.000148113	inf
0.000148261	inf
0.000148409	inf
0.000148558	inf
0.000148706	inf
0.000148855	inf
0.000149004	inf
0.000149153	inf
0.000149302	inf
0.000149451	inf
0.000149601	inf
0.00014975	inf
0.0001499	inf
0.00015005	inf
0.0001502	inf
0.00015035	inf
0.0001505	inf
0.000150651	inf
0.000150802	inf
0.000150952	inf
0.000151103	inf
0.000151254	inf
0.000151406	inf
0.000151557	inf
0.000151709	inf
0.00015186	inf
0.000152012	inf
0.000152164	inf
0.000152316	inf
0.000152469	inf
0.000152621	inf
0.000152774	inf
0.000152927	inf
0.000153079	inf
0.000153233	inf
0.000153386	inf
0.000153539	inf
0.000153693	inf
0.000153846	inf
0.000154	inf
0.000154154	inf
0.000154308	inf
0.000154463	inf
0.000154617	inf
0.000154772	inf
0.000154927	inf
0.000155082	inf
0.000155237	inf
0.000155392	inf
0.000155547	inf
0.000155703	inf
0.000155858	inf
0.000156014	inf
0.00015617	inf
0.000156327	inf
0.000156483	inf
0.000156639	inf
0.000156796	inf
0.000156953	inf
0.00015711	inf
0.000157267	inf
0.000157424	inf
0.000157582	inf
0.000157739	inf
0.000157897	inf
0.000158055	inf
0.000158213	inf
0.000158371	inf
0.000158529	inf
0.000158688	inf
0.000158847	inf
0.000159005	inf
0.000159164	inf
0.000159324	inf
0.000159483	inf
0.000159642	inf
0.000159802	inf
0.000159962	inf
0.000160122	inf
0.000160282	inf
0.000160442	inf
0.000160603	inf
0.000160763	inf
0.000160924	inf
0.000161085	inf
0.000161246	inf
0.000161407	inf
0.000161569	inf
0.00016173	inf
0.000161892	inf
0.000162054	inf
0.000162216	inf
0.000162378	inf
0.000162541	inf
0.000162703	inf
0.000162866	inf
0.000163029	inf
0.000163192	inf
0.000163355	inf
0.000163518	inf
0.000163682	inf
0.000163845	inf
0.000164009	inf
0.000164173	inf
0.000164337	inf
0.000164502	inf
0.000164666	inf
0.000164831	inf
0.000164996	inf
0.000165161	inf
0.000165326	inf
0.000165491	inf
0.000165657	inf
0.000165822	inf
0.000165988	inf
0.000166154	inf
0.00016632	inf
0.000166487	inf
0.000166653	inf
0.00016682	inf
0.000166987	inf
0.000167154	inf
0.000167321	inf
0.000167488	inf
0.000167656	inf
0.000167823	inf
0.000167991	inf
0.000168159	inf
0.000168327	inf
0.000168496	inf
0.000168664	inf
0.000168833	inf
0.000169002	inf
0.000169171	inf
0.00016934	inf
0.000169509	inf
0.000169679	inf
0.000169848	inf
0.000170018	inf
0.000170188	inf
0.000170358	inf
0.000170529	inf
0.000170699	inf
0.00017087	inf
0.000171041	inf
0.000171212	inf
0.000171383	inf
0.000171554	inf
0.000171726	inf
0.000171898	inf
0.00017207	inf
0.000172242	inf
0.000172414	inf
0.000172586	inf
0.000172759	inf
0.000172932	inf
0.000173105	inf
0.000173278	inf
0.000173451	inf
0.000173624	inf
0.000173798	inf
0.000173972	inf
0.000174146	inf
0.00017432	inf
0.000174494	inf
0.000174669	inf
0.000174843	inf
0.000175018	inf
0.000175193	inf
0.000175368	inf
0.000175544	inf
0.000175719	inf
0.000175895	inf
0.000176071	inf
0.000176247	inf
0.000176423	inf
0.0001766	inf
0.000176776	inf
0.000176953	inf
0.00017713	inf
0.000177307	inf
0.000177485	inf
0.000177662	inf
0.00017784	inf
0.000178018	inf
0.000178196	inf
0.000178374	inf
0.000178552	inf
0.000178731	inf
0.000178909	inf
0.000179088	inf
0.000179267	inf
0.000179447	inf
0.000179626	inf
0.000179806	inf
0.000179986	inf
0.000180166	inf
0.000180346	inf
0.000180526	inf
0.000180707	inf
0.000180887	inf
0.000181068	inf
0.000181249	inf
0.00018143	inf
0.000181612	inf
0.000181793	inf
0.000181975	inf
0.000182157	inf
0.000182339	inf
0.000182522	inf
0.000182704	inf
0.000182887	inf
0.00018307	inf
0.000183253	inf
0.000183436	inf
0.00018362	inf
0.000183803	inf
0.000183987	inf
0.000184171	inf
0.000184355	inf
0.00018454	inf
0.000184724	inf
0.000184909	inf
0.000185094	inf
0.000185279	inf
0.000185464	inf
0.00018565	inf
0.000185835	inf
0.000186021	inf
0.000186207	inf
0.000186393	inf
0.00018658	inf
0.000186766	inf
0.000186953	inf
0.00018714	inf
0.000187327	inf
0.000187514	inf
0.000187702	inf
0.00018789	inf
0.000188078	inf
0.000188266	inf
0.000188454	inf
0.000188642	inf
0.000188831	inf
0.00018902	inf
0.000189209	inf
0.000189398	inf
0.000189587	inf
0.000189777	inf
0.000189967	inf
0.000190157	inf
0.000190347	inf
0.000190537	inf
0.000190728	inf
0.000190919	inf
0.000191109	inf
0.000191301	inf
0.000191492	inf
0.000191683	inf
0.000191875	inf
0.000192067	inf
0.000192259	inf
0.000192451	inf
0.000192644	inf
0.000192836	inf
0.000193029	inf
0.000193222	inf
0.000193415	inf
0.000193609	inf
0.000193802	inf
0.000193996	inf
0.00019419	inf
0.000194384	inf
0.000194579	inf
0.000194773	inf
0.000194968	inf
0.000195163	inf
0.000195358	inf
0.000195554	inf
0.000195749	inf
0.000195945	inf
0.000196141	inf
0.000196337	inf
0.000196533	inf
0.00019673	inf
0.000196927	inf
0.000197124	inf
0.000197321	inf
0.000197518	inf
0.000197716	inf
0.000197913	inf
0.000198111	inf
0.000198309	inf
0.000198508	inf
0.000198706	inf
0.000198905	inf
0.000199104	inf
0.000199303	inf
0.000199502	inf
0.000199702	inf
0.000199901	inf
0.000200101	inf
0.000200301	inf
0.000200502	inf
0.000200702	inf
0.000200903	inf
0.000201104	inf
0.000201305	inf
0.000201506	inf
0.000201708	inf
0.000201909	inf
0.000202111	inf
0.000202313	inf
0.000202516	inf
0.000202718	inf
0.000202921	inf
0.000203124	inf
0.000203327	inf
0.00020353	inf
0.000203734	inf
0.000203938	inf
0.000204142	inf
0.000204346	inf
0.00020455	inf
0.000204755	inf
0.000204959	inf
0.000205164	inf
0.000205369	inf
0.000205575	inf
0.00020578	inf
0.000205986	inf
0.000206192	inf
0.000206398	inf
0.000206605	inf
0.000206811	inf
0.000207018	inf
0.000207225	inf
0.000207432	inf
0.00020764	inf
0.000207847	inf
0.000208055	inf
0.000208263	inf
0.000208472	inf
0.00020868	inf
0.000208889	inf
0.000209098	inf
0.000209307	inf
0.000209516	inf
0.000209726	inf
0.000209935	inf
0.000210145	inf
0.000210355	inf
0.000210566	inf
0.000210776	inf
0.000210987	inf
0.000211198	inf
0.000211409	inf
0.000211621	inf
0.000211832	inf
0.000212044	inf
0.000212256	inf
0.000212468	inf
0.000212681	inf
0.000212894	inf
0.000213106	inf
0.00021332	inf
0.000213533	inf
0.000213746	inf
0.00021396	inf
0.000214174	inf
0.000214388	inf
0.000214603	inf
0.000214817	inf
0.000215032	inf
0.000215247	inf
0.000215462	inf
0.000215678	inf
0.000215894	inf
0.000216109	inf
0.000216326	inf
0.000216542	inf
0.000216758	inf
0.000216975	inf
0.000217192	inf
0.000217409	inf
0.000217627	inf
0.000217844	inf
0.000218062	inf
0.00021828	inf
0.000218499	inf
0.000218717	inf
0.000218936	inf
0.000219155	inf
0.000219374	inf
0.000219593	inf
0.000219813	inf
0.000220033	inf
0.000220253	inf
0.000220473	inf
0.000220693	inf
0.000220914	inf
0.000221135	inf
0.000221356	inf
0.000221578	inf
0.000221799	inf
0.000222021	inf
0.000222243	inf
0.000222465	inf
0.000222688	inf
0.00022291	inf
0.000223133	inf
0.000223356	inf
0.00022358	inf
0.000223803	inf
0.000224027	inf
0.000224251	inf
0.000224475	inf
0.0002247	inf
0.000224925	inf
0.000225149	inf
0.000225375	inf
0.0002256	inf
0.000225826	inf
0.000226051	inf
0.000226277	inf
0.000226504	inf
0.00022673	inf
0.000226957	inf
0.000227184	inf
0.000227411	inf
0.000227639	inf
0.000227866	inf
0.000228094	inf
0.000228322	inf
0.00022855	inf
0.000228779	inf
0.000229008	inf
0.000229237	inf
0.000229466	inf
0.000229695	inf
0.000229925	inf
0.000230155	inf
0.000230385	inf
0.000230616	inf
0.000230846	inf
0.000231077	inf
0.000231308	inf
0.000231539	inf
0.000231771	inf
0.000232003	inf
0.000232235	inf
0.000232467	inf
0.0002327	inf
0.000232932	inf
0.000233165	inf
0.000233398	inf
0.000233632	inf
0.000233865	inf
0.000234099	inf
0.000234333	inf
0.000234568	inf
0.000234802	inf
0.000235037	inf
0.000235272	inf
0.000235507	inf
0.000235743	inf
0.000235979	inf
0.000236215	inf
0.000236451	inf
0.000236687	inf
0.000236924	inf
0.000237161	inf
0.000237398	inf
0.000237635	inf
0.000237873	inf
0.000238111	inf
0.000238349	inf
0.000238587	inf
0.000238826	inf
0.000239065	inf
0.000239304	inf
0.000239543	inf
0.000239783	inf
0.000240022	inf
0.000240262	inf
0.000240503	inf
0.000240743	inf
0.000240984	inf
0.000241225	inf
0.000241466	inf
0.000241708	inf
0.000241949	inf
0.000242191	inf
0.000242434	inf
0.000242676	inf
0.000242919	inf
0.000243162	inf
0.000243405	inf
0.000243648	inf
0.000243892	inf
0.000244136	inf
0.00024438	inf
0.000244624	inf
0.000244869	inf
0.000245114	inf
0.000245359	inf
0.000245604	inf
0.00024585	inf
0.000246096	inf
0.000246342	inf
0.000246588	inf
0.000246835	inf
0.000247081	inf
0.000247329	inf
0.000247576	inf
0.000247823	inf
0.000248071	inf
0.000248319	inf
0.000248568	inf
0.000248816	inf
0.000249065	inf
0.000249314	inf
0.000249563	inf
0.000249813	inf
0.000250063	inf
0.000250313	inf
0.000250563	inf
0.000250814	inf
0.000251065	inf
0.000251316	inf
0.000251567	inf
0.000251818	inf
0.00025207	inf
0.000252322	inf
0.000252575	inf
0.000252827	inf
0.00025308	inf
0.000253333	inf
0.000253587	inf
0.00025384	inf
0.000254094	inf
0.000254348	inf
0.000254602	inf
0.000254857	inf
0.000255112	inf
0.000255367	inf
0.000255622	inf
0.000255878	inf
0.000256134	inf
0.00025639	inf
0.000256646	inf
0.000256903	inf
0.00025716	inf
0.000257417	inf
0.000257674	inf
0.000257932	inf
0.00025819	inf
0.000258448	inf
0.000258707	inf
0.000258965	inf
0.000259224	inf
0.000259484	inf
0.000259743	inf
0.000260003	inf
0.000260263	inf
0.000260523	inf
0.000260784	inf
0.000261044	inf
0.000261305	inf
0.000261567	inf
0.000261828	inf
0.00026209	inf
0.000262352	inf
0.000262615	inf
0.000262877	inf
0.00026314	inf
0.000263403	inf
0.000263667	inf
0.00026393	inf
0.000264194	inf
0.000264458	inf
0.000264723	inf
0.000264988	inf
0.000265253	inf
0.000265518	inf
0.000265783	inf
0.000266049	inf
0.000266315	inf
0.000266581	inf
0.000266848	inf
0.000267115	inf
0.000267382	inf
0.000267649	inf
0.000267917	inf
0.000268185	inf
0.000268453	inf
0.000268722	inf
0.00026899	inf
0.000269259	inf
0.000269529	inf
0.000269798	inf
0.000270068	inf
0.000270338	inf
0.000270608	inf
0.000270879	inf
0.00027115	inf
0.000271421	inf
0.000271692	inf
0.000271964	inf
0.000272236	inf
0.000272508	inf
0.000272781	inf
0.000273054	inf
0.000273327	inf
0.0002736	inf
0.000273874	inf
0.000274147	inf
0.000274422	inf
0.000274696	inf
0.000274971	inf
0.000275246	inf
0.000275521	inf
0.000275796	inf
0.000276072	inf
0.000276348	inf
0.000276625	inf
0.000276901	inf
0.000277178	inf
0.000277455	inf
0.000277733	inf
0.000278011	inf
0.000278289	inf
0.000278567	inf
0.000278845	inf
0.000279124	inf
0.000279403	inf
0.000279683	inf
0.000279962	inf
0.000280242	inf
0.000280523	inf
0.000280803	inf
0.000281084	inf
0.000281365	inf
0.000281646	inf
0.000281928	inf
0.00028221	inf
0.000282492	inf
0.000282775	inf
0.000283057	inf
0.000283341	inf
0.000283624	inf
0.000283908	inf
0.000284191	inf
0.000284476	inf
0.00028476	inf
0.000285045	inf
0.00028533	inf
0.000285615	inf
0.000285901	inf
0.000286187	inf
0.000286473	inf
0.000286759	inf
0.000287046	inf
0.000287333	inf
0.000287621	inf
0.000287908	inf
0.000288196	inf
0.000288484	inf
0.000288773	inf
0.000289062	inf
0.000289351	inf
0.00028964	inf
0.00028993	inf
0.00029022	inf
0.00029051	inf
0.0002908	inf
0.000291091	inf
0.000291382	inf
0.000291674	inf
0.000291965	inf
0.000292257	inf
0.000292549	inf
0.000292842	inf
0.000293135	inf
0.000293428	inf
0.000293721	inf
0.000294015	inf
0.000294309	inf
0.000294603	inf
0.000294898	inf
0.000295193	inf
0.000295488	inf
0.000295784	inf
0.000296079	inf
0.000296375	inf
0.000296672	inf
0.000296968	inf
0.000297265	inf
0.000297563	inf
0.00029786	inf
0.000298158	inf
0.000298456	inf
0.000298755	inf
0.000299054	inf
0.000299353	inf
0.000299652	inf
0.000299952	inf
0.000300252	inf
0.000300552	inf
0.000300852	inf
0.000301153	inf
0.000301454	inf
0.000301756	inf
0.000302058	inf
0.00030236	inf
0.000302662	inf
0.000302965	inf
0.000303268	inf
0.000303571	inf
0.000303874	inf
0.000304178	inf
0.000304482	inf
0.000304787	inf
0.000305092	inf
0.000305397	inf
0.000305702	inf
0.000306008	inf
0.000306314	inf
0.00030662	inf
0.000306927	inf
0.000307234	inf
0.000307541	inf
0.000307849	inf
0.000308156	inf
0.000308465	inf
0.000308773	inf
0.000309082	inf
0.000309391	inf
0.0003097	inf
0.00031001	inf
0.00031032	inf
0.00031063	inf
0.000310941	inf
0.000311252	inf
0.000311563	inf
0.000311875	inf
0.000312187	inf
0.000312499	inf
0.000312811	inf
0.000313124	inf
0.000313437	inf
0.000313751	inf
0.000314064	inf
0.000314378	inf
0.000314693	inf
0.000315008	inf
0.000315323	inf
0.000315638	inf
0.000315954	inf
0.000316269	inf
0.000316586	inf
0.000316902	inf
0.000317219	inf
0.000317536	inf
0.000317854	inf
0.000318172	inf
0.00031849	inf
0.000318808	inf
0.000319127	inf
0.000319446	inf
0.000319766	inf
0.000320086	inf
0.000320406	inf
0.000320726	inf
0.000321047	inf
0.000321368	inf
0.000321689	inf
0.000322011	inf
0.000322333	inf
0.000322655	inf
0.000322978	inf
0.000323301	inf
0.000323624	inf
0.000323948	inf
0.000324272	inf
0.000324596	inf
0.000324921	inf
0.000325246	inf
0.000325571	inf
0.000325896	inf
0.000326222	inf
0.000326549	inf
0.000326875	inf
0.000327202	inf
0.000327529	inf
0.000327857	inf
0.000328185	inf
0.000328513	inf
0.000328841	inf
0.00032917	inf
0.000329499	inf
0.000329829	inf
0.000330159	inf
0.000330489	inf
0.000330819	inf
0.00033115	inf
0.000331481	inf
0.000331813	inf
0.000332144	inf
0.000332477	inf
0.000332809	inf
0.000333142	inf
0.000333475	inf
0.000333809	inf
0.000334142	inf
0.000334476	inf
0.000334811	inf
0.000335146	inf
0.000335481	inf
0.000335816	inf
0.000336152	inf
0.000336488	inf
0.000336825	inf
0.000337162	inf
0.000337499	inf
0.000337836	inf
0.000338174	inf
0.000338512	inf
0.000338851	inf
0.00033919	inf
0.000339529	inf
0.000339868	inf
0.000340208	inf
0.000340549	inf
0.000340889	inf
0.00034123	inf
0.000341571	inf
0.000341913	inf
0.000342255	inf
0.000342597	inf
0.00034294	inf
0.000343282	inf
0.000343626	inf
0.000343969	inf
0.000344313	inf
0.000344658	inf
0.000345002	inf
0.000345347	inf
0.000345693	inf
0.000346038	inf
0.000346384	inf
0.000346731	inf
0.000347078	inf
0.000347425	inf
0.000347772	inf
0.00034812	inf
0.000348468	inf
0.000348816	inf
0.000349165	inf
0.000349514	inf
0.000349864	inf
0.000350214	inf
0.000350564	inf
0.000350915	inf
0.000351265	inf
0.000351617	inf
0.000351968	inf
0.00035232	inf
0.000352673	inf
0.000353025	inf
0.000353378	inf
0.000353732	inf
0.000354085	inf
0.000354439	inf
0.000354794	inf
0.000355149	inf
0.000355504	inf
0.000355859	inf
0.000356215	inf
0.000356571	inf
0.000356928	inf
0.000357285	inf
0.000357642	inf
0.000358	inf
0.000358358	inf
0.000358716	inf
0.000359075	inf
0.000359434	inf
0.000359793	inf
0.000360153	inf
0.000360513	inf
0.000360874	inf
0.000361235	inf
0.000361596	inf
0.000361958	inf
0.00036232	inf
0.000362682	inf
0.000363045	inf
0.000363408	inf
0.000363771	inf
0.000364135	inf
0.000364499	inf
0.000364863	inf
0.000365228	inf
0.000365594	inf
0.000365959	inf
0.000366325	inf
0.000366691	inf
0.000367058	inf
0.000367425	inf
0.000367793	inf
0.00036816	inf
0.000368529	inf
0.000368897	inf
0.000369266	inf
0.000369635	inf
0.000370005	inf
0.000370375	inf
0.000370745	inf
0.000371116	inf
0.000371487	inf
0.000371859	inf
0.00037223	inf
0.000372603	inf
0.000372975	inf
0.000373348	inf
0.000373722	inf
0.000374095	inf
0.000374469	inf
0.000374844	inf
0.000375219	inf
0.000375594	inf
0.00037597	inf
0.000376346	inf
0.000376722	inf
0.000377099	inf
0.000377476	inf
0.000377853	inf
0.000378231	inf
0.000378609	inf
0.000378988	inf
0.000379367	inf
0.000379746	inf
0.000380126	inf
0.000380506	inf
0.000380887	inf
0.000381267	inf
0.000381649	inf
0.00038203	inf
0.000382412	inf
0.000382795	inf
0.000383178	inf
0.000383561	inf
0.000383944	inf
0.000384328	inf
0.000384713	inf
0.000385097	inf
0.000385482	inf
0.000385868	inf
0.000386254	inf
0.00038664	inf
0.000387027	inf
0.000387414	inf
0.000387801	inf
0.000388189	inf
0.000388577	inf
0.000388966	inf
0.000389355	inf
0.000389744	inf
0.000390134	inf
0.000390524	inf
0.000390914	inf
0.000391305	inf
0.000391697	inf
0.000392088	inf
0.00039248	inf
0.000392873	inf
0.000393266	inf
0.000393659	inf
0.000394053	inf
0.000394447	inf
0.000394841	inf
0.000395236	inf
0.000395631	inf
0.000396027	inf
0.000396423	inf
0.000396819	inf
0.000397216	inf
0.000397613	inf
0.000398011	inf
0.000398409	inf
0.000398807	inf
0.000399206	inf
0.000399605	inf
0.000400005	inf
0.000400405	inf
0.000400805	inf
0.000401206	inf
0.000401607	inf
0.000402009	inf
0.000402411	inf
0.000402813	inf
0.000403216	inf
0.00040362	inf
0.000404023	inf
0.000404427	inf
0.000404832	inf
0.000405236	inf
0.000405642	inf
0.000406047	inf
0.000406453	inf
0.00040686	inf
0.000407267	inf
0.000407674	inf
0.000408082	inf
0.00040849	inf
0.000408898	inf
0.000409307	inf
0.000409716	inf
0.000410126	inf
0.000410536	inf
0.000410947	inf
0.000411358	inf
0.000411769	inf
0.000412181	inf
0.000412593	inf
0.000413006	inf
0.000413419	inf
0.000413832	inf
0.000414246	inf
0.00041466	inf
0.000415075	inf
0.00041549	inf
0.000415905	inf
0.000416321	inf
0.000416738	inf
0.000417154	inf
0.000417571	inf
0.000417989	inf
0.000418407	inf
0.000418825	inf
0.000419244	inf
0.000419663	inf
0.000420083	inf
0.000420503	inf
0.000420924	inf
0.000421345	inf
0.000421766	inf
0.000422188	inf
0.00042261	inf
0.000423033	inf
0.000423456	inf
0.000423879	inf
0.000424303	inf
0.000424727	inf
0.000425152	inf
0.000425577	inf
0.000426003	inf
0.000426429	inf
0.000426855	inf
0.000427282	inf
0.000427709	inf
0.000428137	inf
0.000428565	inf
0.000428994	inf
0.000429423	inf
0.000429852	inf
0.000430282	inf
0.000430712	inf
0.000431143	inf
0.000431574	inf
0.000432006	inf
0.000432438	inf
0.00043287	inf
0.000433303	inf
0.000433736	inf
0.00043417	inf
0.000434604	inf
0.000435039	inf
0.000435474	inf
0.000435909	inf
0.000436345	inf
0.000436782	inf
0.000437218	inf
0.000437656	inf
0.000438093	inf
0.000438531	inf
0.00043897	inf
0.000439409	inf
0.000439848	inf
0.000440288	inf
0.000440728	inf
0.000441169	inf
0.00044161	inf
0.000442052	inf
0.000442494	inf
0.000442936	inf
0.000443379	inf
0.000443823	inf
0.000444267	inf
0.000444711	inf
0.000445156	inf
0.000445601	inf
0.000446046	inf
0.000446492	inf
0.000446939	inf
0.000447386	inf
0.000447833	inf
0.000448281	inf
0.000448729	inf
0.000449178	inf
0.000449627	inf
0.000450077	inf
0.000450527	inf
0.000450977	inf
0.000451428	inf
0.00045188	inf
0.000452332	inf
0.000452784	inf
0.000453237	inf
0.00045369	inf
0.000454144	inf
0.000454598	inf
0.000455052	inf
0.000455508	inf
0.000455963	inf
0.000456419	inf
0.000456875	inf
0.000457332	inf
0.00045779	inf
0.000458247	inf
0.000458706	inf
0.000459164	inf
0.000459624	inf
0.000460083	inf
0.000460543	inf
0.000461004	inf
0.000461465	inf
0.000461926	inf
0.000462388	inf
0.000462851	inf
0.000463313	inf
0.000463777	inf
0.00046424	inf
0.000464705	inf
0.000465169	inf
0.000465635	inf
0.0004661	inf
0.000466566	inf
0.000467033	inf
0.0004675	inf
0.000467967	inf
0.000468435	inf
0.000468904	inf
0.000469373	inf
0.000469842	inf
0.000470312	inf
0.000470782	inf
0.000471253	inf
0.000471724	inf
0.000472196	inf
0.000472668	inf
0.000473141	inf
0.000473614	inf
0.000474088	inf
0.000474562	inf
0.000475036	inf
0.000475511	inf
0.000475987	inf
0.000476463	inf
0.000476939	inf
0.000477416	inf
0.000477894	inf
0.000478372	inf
0.00047885	inf
0.000479329	inf
0.000479808	inf
0.000480288	inf
0.000480768	inf
0.000481249	inf
0.00048173	inf
0.000482212	inf
0.000482694	inf
0.000483177	inf
0.00048366	inf
0.000484144	inf
0.000484628	inf
0.000485112	inf
0.000485598	inf
0.000486083	inf
0.000486569	inf
0.000487056	inf
0.000487543	inf
0.00048803	inf
0.000488518	inf
0.000489007	inf
0.000489496	inf
0.000489985	inf
0.000490475	inf
0.000490966	inf
0.000491457	inf
0.000491948	inf
0.00049244	inf
0.000492933	inf
0.000493426	inf
0.000493919	inf
0.000494413	inf
0.000494907	inf
0.000495402	inf
0.000495898	inf
0.000496394	inf
0.00049689	inf
0.000497387	inf
0.000497884	inf
0.000498382	inf
0.000498881	inf
0.000499379	inf
0.000499879	inf
0.000500379	inf
0.000500879	inf
0.00050138	inf
0.000501881	inf
0.000502383	inf
0.000502886	inf
0.000503388	inf
0.000503892	inf
0.000504396	inf
0.0005049	inf
0.000505405	inf
0.00050591	inf
0.000506416	inf
0.000506923	inf
0.00050743	inf
0.000507937	inf
0.000508445	inf
0.000508954	inf
0.000509462	inf
0.000509972	inf
0.000510482	inf
0.000510992	inf
0.000511503	inf
0.000512015	inf
0.000512527	inf
0.000513039	inf
0.000513552	inf
0.000514066	inf
0.00051458	inf
0.000515095	inf
0.00051561	inf
0.000516125	inf
0.000516642	inf
0.000517158	inf
0.000517675	inf
0.000518193	inf
0.000518711	inf
0.00051923	inf
0.000519749	inf
0.000520269	inf
0.000520789	inf
0.00052131	inf
0.000521831	inf
0.000522353	inf
0.000522875	inf
0.000523398	inf
0.000523922	inf
0.000524446	inf
0.00052497	inf
0.000525495	inf
0.000526021	inf
0.000526547	inf
0.000527073	inf
0.0005276	inf
0.000528128	inf
0.000528656	inf
0.000529185	inf
0.000529714	inf
0.000530243	inf
0.000530774	inf
0.000531304	inf
0.000531836	inf
0.000532368	inf
0.0005329	inf
0.000533433	inf
0.000533966	inf
0.0005345	inf
0.000535035	inf
0.00053557	inf
0.000536105	inf
0.000536641	inf
0.000537178	inf
0.000537715	inf
0.000538253	inf
0.000538791	inf
0.00053933	inf
0.000539869	inf
0.000540409	inf
0.00054095	inf
0.000541491	inf
0.000542032	inf
0.000542574	inf
0.000543117	inf
0.00054366	inf
0.000544203	inf
0.000544748	inf
0.000545292	inf
0.000545838	inf
0.000546384	inf
0.00054693	inf
0.000547477	inf
0.000548024	inf
0.000548572	inf
0.000549121	inf
0.00054967	inf
0.00055022	inf
0.00055077	inf
0.000551321	inf
0.000551872	inf
0.000552424	inf
0.000552976	inf
0.000553529	inf
0.000554083	inf
0.000554637	inf
0.000555192	inf
0.000555747	inf
0.000556303	inf
0.000556859	inf
0.000557416	inf
0.000557973	inf
0.000558531	inf
0.00055909	inf
0.000559649	inf
0.000560208	inf
0.000560769	inf
0.000561329	inf
0.000561891	inf
0.000562453	inf
0.000563015	inf
0.000563578	inf
0.000564142	inf
0.000564706	inf
0.00056527	inf
0.000565836	inf
0.000566402	inf
0.000566968	inf
0.000567535	inf
0.000568102	inf
0.000568671	inf
0.000569239	inf
0.000569808	inf
0.000570378	inf
0.000570949	inf
0.00057152	inf
0.000572091	inf
0.000572663	inf
0.000573236	inf
0.000573809	inf
0.000574383	inf
0.000574957	inf
0.000575532	inf
0.000576108	inf
0.000576684	inf
0.000577261	inf
0.000577838	inf
0.000578416	inf
0.000578994	inf
0.000579573	inf
0.000580153	inf
0.000580733	inf
0.000581314	inf
0.000581895	inf
0.000582477	inf
0.000583059	inf
0.000583642	inf
0.000584226	inf
0.00058481	inf
0.000585395	inf
0.00058598	inf
0.000586566	inf
0.000587153	inf
0.00058774	inf
0.000588328	inf
0.000588916	inf
0.000589505	inf
0.000590095	inf
0.000590685	inf
0.000591275	inf
0.000591867	inf
0.000592458	inf
0.000593051	inf
0.000593644	inf
0.000594238	inf
0.000594832	inf
0.000595427	inf
0.000596022	inf
0.000596618	inf
0.000597215	inf
0.000597812	inf
0.00059841	inf
0.000599008	inf
0.000599607	inf
0.000600207	inf
0.000600807	inf
0.000601408	inf
0.000602009	inf
0.000602611	inf
0.000603214	inf
0.000603817	inf
0.000604421	inf
0.000605025	inf
0.00060563	inf
0.000606236	inf
0.000606842	inf
0.000607449	inf
0.000608056	inf
0.000608665	inf
0.000609273	inf
0.000609882	inf
0.000610492	inf
0.000611103	inf
0.000611714	inf
0.000612326	inf
0.000612938	inf
0.000613551	inf
0.000614164	inf
0.000614779	inf
0.000615393	inf
0.000616009	inf
0.000616625	inf
0.000617241	inf
0.000617859	inf
0.000618477	inf
0.000619095	inf
0.000619714	inf
0.000620334	inf
0.000620954	inf
0.000621575	inf
0.000622197	inf
0.000622819	inf
0.000623442	inf
0.000624065	inf
0.000624689	inf
0.000625314	inf
0.000625939	inf
0.000626565	inf
0.000627192	inf
0.000627819	inf
0.000628447	inf
0.000629075	inf
0.000629704	inf
0.000630334	inf
0.000630964	inf
0.000631595	inf
0.000632227	inf
0.000632859	inf
0.000633492	inf
0.000634125	inf
0.00063476	inf
0.000635394	inf
0.00063603	inf
0.000636666	inf
0.000637302	inf
0.00063794	inf
0.000638578	inf
0.000639216	inf
0.000639855	inf
0.000640495	inf
0.000641136	inf
0.000641777	inf
0.000642419	inf
0.000643061	inf
0.000643704	inf
0.000644348	inf
0.000644992	inf
0.000645637	inf
0.000646283	inf
0.000646929	inf
0.000647576	inf
0.000648224	inf
0.000648872	inf
0.000649521	inf
0.00065017	inf
0.00065082	inf
0.000651471	inf
0.000652123	inf
0.000652775	inf
0.000653428	inf
0.000654081	inf
0.000654735	inf
0.00065539	inf
0.000656045	inf
0.000656701	inf
0.000657358	inf
0.000658015	inf
0.000658673	inf
0.000659332	inf
0.000659991	inf
0.000660651	inf
0.000661312	inf
0.000661973	inf
0.000662635	inf
0.000663298	inf
0.000663961	inf
0.000664625	inf
0.00066529	inf
0.000665955	inf
0.000666621	inf
0.000667288	inf
0.000667955	inf
0.000668623	inf
0.000669292	inf
0.000669961	inf
0.000670631	inf
0.000671301	inf
0.000671973	inf
0.000672645	inf
0.000673317	inf
0.000673991	inf
0.000674665	inf
0.000675339	inf
0.000676015	inf
0.000676691	inf
0.000677367	inf
0.000678045	inf
0.000678723	inf
0.000679402	inf
0.000680081	inf
0.000680761	inf
0.000681442	inf
0.000682123	inf
0.000682805	inf
0.000683488	inf
0.000684172	inf
0.000684856	inf
0.000685541	inf
0.000686226	inf
0.000686912	inf
0.000687599	inf
0.000688287	inf
0.000688975	inf
0.000689664	inf
0.000690354	inf
0.000691044	inf
0.000691735	inf
0.000692427	inf
0.000693119	inf
0.000693813	inf
0.000694506	inf
0.000695201	inf
0.000695896	inf
0.000696592	inf
0.000697289	inf
0.000697986	inf
0.000698684	inf
0.000699383	inf
0.000700082	inf
0.000700782	inf
0.000701483	inf
0.000702184	inf
0.000702886	inf
0.000703589	inf
0.000704293	inf
0.000704997	inf
0.000705702	inf
0.000706408	inf
0.000707114	inf
0.000707821	inf
0.000708529	inf
0.000709238	inf
0.000709947	inf
0.000710657	inf
0.000711368	inf
0.000712079	inf
0.000712791	inf
0.000713504	inf
0.000714217	inf
0.000714932	inf
0.000715647	inf
0.000716362	inf
0.000717079	inf
0.000717796	inf
0.000718513	inf
0.000719232	inf
0.000719951	inf
0.000720671	inf
0.000721392	inf
0.000722113	inf
0.000722835	inf
0.000723558	inf
0.000724282	inf
0.000725006	inf
0.000725731	inf
0.000726457	inf
0.000727183	inf
0.00072791	inf
0.000728638	inf
0.000729367	inf
0.000730096	inf
0.000730826	inf
0.000731557	inf
0.000732289	inf
0.000733021	inf
0.000733754	inf
0.000734488	inf
0.000735222	inf
0.000735957	inf
0.000736693	inf
0.00073743	inf
0.000738168	inf
0.000738906	inf
0.000739645	inf
0.000740384	inf
0.000741125	inf
0.000741866	inf
0.000742608	inf
0.00074335	inf
0.000744094	inf
0.000744838	inf
0.000745583	inf
0.000746328	inf
0.000747074	inf
0.000747822	inf
0.000748569	inf
0.000749318	inf
0.000750067	inf
0.000750817	inf
0.000751568	inf
0.00075232	inf
0.000753072	inf
0.000753825	inf
0.000754579	inf
0.000755333	inf
0.000756089	inf
0.000756845	inf
0.000757602	inf
0.000758359	inf
0.000759118	inf
0.000759877	inf
0.000760637	inf
0.000761397	inf
0.000762159	inf
0.000762921	inf
0.000763684	inf
0.000764448	inf
0.000765212	inf
0.000765977	inf
0.000766743	inf
0.00076751	inf
0.000768277	inf
0.000769046	inf
0.000769815	inf
0.000770585	inf
0.000771355	inf
0.000772126	inf
0.000772899	inf
0.000773672	inf
0.000774445	inf
0.00077522	inf
0.000775995	inf
0.000776771	inf
0.000777548	inf
0.000778325	inf
0.000779103	inf
0.000779883	inf
0.000780662	inf
0.000781443	inf
0.000782225	inf
0.000783007	inf
0.00078379	inf
0.000784574	inf
0.000785358	inf
0.000786144	inf
0.00078693	inf
0.000787717	inf
0.000788504	inf
0.000789293	inf
0.000790082	inf
0.000790872	inf
0.000791663	inf
0.000792455	inf
0.000793247	inf
0.00079404	inf
0.000794834	inf
0.000795629	inf
0.000796425	inf
0.000797221	inf
0.000798019	inf
0.000798817	inf
0.000799615	inf
0.000800415	inf
0.000801215	inf
0.000802017	inf
0.000802819	inf
0.000803621	inf
0.000804425	inf
0.00080523	inf
0.000806035	inf
0.000806841	inf
0.000807648	inf
0.000808455	inf
0.000809264	inf
0.000810073	inf
0.000810883	inf
0.000811694	inf
0.000812506	inf
0.000813318	inf
0.000814131	inf
0.000814946	inf
0.000815761	inf
0.000816576	inf
0.000817393	inf
0.00081821	inf
0.000819029	inf
0.000819848	inf
0.000820667	inf
0.000821488	inf
0.00082231	inf
0.000823132	inf
0.000823955	inf
0.000824779	inf
0.000825604	inf
0.000826429	inf
0.000827256	inf
0.000828083	inf
0.000828911	inf
0.00082974	inf
0.00083057	inf
0.0008314	inf
0.000832232	inf
0.000833064	inf
0.000833897	inf
0.000834731	inf
0.000835566	inf
0.000836401	inf
0.000837238	inf
0.000838075	inf
0.000838913	inf
0.000839752	inf
0.000840592	inf
0.000841432	inf
0.000842274	inf
0.000843116	inf
0.000843959	inf
0.000844803	inf
0.000845648	inf
0.000846493	inf
0.00084734	inf
0.000848187	inf
0.000849035	inf
0.000849884	inf
0.000850734	inf
0.000851585	inf
0.000852437	inf
0.000853289	inf
0.000854142	inf
0.000854997	inf
0.000855852	inf
0.000856707	inf
0.000857564	inf
0.000858422	inf
0.00085928	inf
0.000860139	inf
0.000860999	inf
0.00086186	inf
0.000862722	inf
0.000863585	inf
0.000864449	inf
0.000865313	inf
0.000866178	inf
0.000867045	inf
0.000867912	inf
0.00086878	inf
0.000869648	inf
0.000870518	inf
0.000871388	inf
0.00087226	inf
0.000873132	inf
0.000874005	inf
0.000874879	inf
0.000875754	inf
0.00087663	inf
0.000877507	inf
0.000878384	inf
0.000879262	inf
0.000880142	inf
0.000881022	inf
0.000881903	inf
0.000882785	inf
0.000883668	inf
0.000884551	inf
0.000885436	inf
0.000886321	inf
0.000887208	inf
0.000888095	inf
0.000888983	inf
0.000889872	inf
0.000890762	inf
0.000891652	inf
0.000892544	inf
0.000893437	inf
0.00089433	inf
0.000895224	inf
0.00089612	inf
0.000897016	inf
0.000897913	inf
0.000898811	inf
0.000899709	inf
0.000900609	inf
0.00090151	inf
0.000902411	inf
0.000903314	inf
0.000904217	inf
0.000905121	inf
0.000906026	inf
0.000906932	inf
0.000907839	inf
0.000908747	inf
0.000909656	inf
0.000910566	inf
0.000911476	inf
0.000912388	inf
0.0009133	inf
0.000914213	inf
0.000915128	inf
0.000916043	inf
0.000916959	inf
0.000917876	inf
0.000918794	inf
0.000919712	inf
0.000920632	inf
0.000921553	inf
0.000922474	inf
0.000923397	inf
0.00092432	inf
0.000925244	inf
0.00092617	inf
0.000927096	inf
0.000928023	inf
0.000928951	inf
0.00092988	inf
0.00093081	inf
0.000931741	inf
0.000932672	inf
0.000933605	inf
0.000934539	inf
0.000935473	inf
0.000936409	inf
0.000937345	inf
0.000938282	inf
0.000939221	inf
0.00094016	inf
0.0009411	inf
0.000942041	inf
0.000942983	inf
0.000943926	inf
0.00094487	inf
0.000945815	inf
0.000946761	inf
0.000947708	inf
0.000948655	inf
0.000949604	inf
0.000950553	inf
0.000951504	inf
0.000952456	inf
0.000953408	inf
0.000954361	inf
0.000955316	inf
0.000956271	inf
0.000957227	inf
0.000958185	inf
0.000959143	inf
0.000960102	inf
0.000961062	inf
0.000962023	inf
0.000962985	inf
0.000963948	inf
0.000964912	inf
0.000965877	inf
0.000966843	inf
0.00096781	inf
0.000968777	inf
0.000969746	inf
0.000970716	inf
0.000971687	inf
0.000972658	inf
0.000973631	inf
0.000974605	inf
0.000975579	inf
0.000976555	inf
0.000977531	inf
0.000978509	inf
0.000979487	inf
0.000980467	inf
0.000981447	inf
0.000982429	inf
0.000983411	inf
0.000984395	inf
0.000985379	inf
0.000986364	inf
0.000987351	inf
0.000988338	inf
0.000989327	inf
0.000990316	inf
0.000991306	inf
0.000992297	inf
0.00099329	inf
0.000994283	inf
0.000995277	inf
0.000996273	inf
0.000997269	inf
0.000998266	inf
0.000999264	inf
0.00100026	inf
0.00100126	inf
0.00100227	inf
0.00100327	inf
0.00100427	inf
0.00100528	inf
0.00100628	inf
0.00100729	inf
0.00100829	inf
0.0010093	inf
0.00101031	inf
0.00101132	inf
0.00101233	inf
0.00101335	inf
0.00101436	inf
0.00101537	inf
0.00101639	inf
0.0010174	inf
0.00101842	inf
0.00101944	inf
0.00102046	inf
0.00102148	inf
0.0010225	inf
0.00102352	inf
0.00102455	inf
0.00102557	inf
0.0010266	inf
0.00102762	inf
0.00102865	inf
0.00102968	inf
0.00103071	inf
0.00103174	inf
0.00103277	inf
0.00103381	inf
0.00103484	inf
0.00103587	inf
0.00103691	inf
0.00103795	inf
0.00103899	inf
0.00104002	inf
0.00104106	inf
0.00104211	inf
0.00104315	inf
0.00104419	inf
0.00104523	inf
0.00104628	inf
0.00104733	inf
0.00104837	inf
0.00104942	inf
0.00105047	inf
0.00105152	inf
0.00105257	inf
0.00105363	inf
0.00105468	inf
0.00105573	inf
0.00105679	inf
0.00105785	inf
0.0010589	inf
0.00105996	inf
0.00106102	inf
0.00106208	inf
0.00106315	inf
0.00106421	inf
0.00106527	inf
0.00106634	inf
0.00106741	inf
0.00106847	inf
0.00106954	inf
0.00107061	inf
0.00107168	inf
0.00107275	inf
0.00107383	inf
0.0010749	inf
0.00107597	inf
0.00107705	inf
0.00107813	inf
0.00107921	inf
0.00108029	inf
0.00108137	inf
0.00108245	inf
0.00108353	inf
0.00108461	inf
0.0010857	inf
0.00108678	inf
0.00108787	inf
0.00108896	inf
0.00109005	inf
0.00109114	inf
0.00109223	inf
0.00109332	inf
0.00109441	inf
0.00109551	inf
0.0010966	inf
0.0010977	inf
0.0010988	inf
0.0010999	inf
0.001101	inf
0.0011021	inf
0.0011032	inf
0.0011043	inf
0.00110541	inf
0.00110651	inf
0.00110762	inf
0.00110873	inf
0.00110984	inf
0.00111095	inf
0.00111206	inf
0.00111317	inf
0.00111428	inf
0.0011154	inf
0.00111651	inf
0.00111763	inf
0.00111875	inf
0.00111986	inf
0.00112098	inf
0.0011221	inf
0.00112323	inf
0.00112435	inf
0.00112547	inf
0.0011266	inf
0.00112773	inf
0.00112885	inf
0.00112998	inf
0.00113111	inf
0.00113224	inf
0.00113338	inf
0.00113451	inf
0.00113564	inf
0.00113678	inf
0.00113792	inf
0.00113905	inf
0.00114019	inf
0.00114133	inf
0.00114248	inf
0.00114362	inf
0.00114476	inf
0.00114591	inf
0.00114705	inf
0.0011482	inf
0.00114935	inf
0.0011505	inf
0.00115165	inf
0.0011528	inf
0.00115395	inf
0.00115511	inf
0.00115626	inf
0.00115742	inf
0.00115857	inf
0.00115973	inf
0.00116089	inf
0.00116205	inf
0.00116322	inf
0.00116438	inf
0.00116554	inf
0.00116671	inf
0.00116788	inf
0.00116904	inf
0.00117021	inf
0.00117138	inf
0.00117255	inf
0.00117373	inf
0.0011749	inf
0.00117608	inf
0.00117725	inf
0.00117843	inf
0.00117961	inf
0.00118079	inf
0.00118197	inf
0.00118315	inf
0.00118433	inf
0.00118552	inf
0.0011867	inf
0.00118789	inf
0.00118908	inf
0.00119027	inf
0.00119146	inf
0.00119265	inf
0.00119384	inf
0.00119503	inf
0.00119623	inf
0.00119743	inf
0.00119862	inf
0.00119982	inf
0.00120102	inf
0.00120222	inf
0.00120342	inf
0.00120463	inf
0.00120583	inf
0.00120704	inf
0.00120825	inf
0.00120945	inf
0.00121066	inf
0.00121187	inf
0.00121309	inf
0.0012143	inf
0.00121551	inf
0.00121673	inf
0.00121795	inf
0.00121916	inf
0.00122038	inf
0.0012216	inf
0.00122282	inf
0.00122405	inf
0.00122527	inf
0.0012265	inf
0.00122772	inf
0.00122895	inf
0.00123018	inf
0.00123141	inf
0.00123264	inf
0.00123387	inf
0.00123511	inf
0.00123634	inf
0.00123758	inf
0.00123882	inf
0.00124006	inf
0.0012413	inf
0.00124254	inf
0.00124378	inf
0.00124502	inf
0.00124627	inf
0.00124751	inf
0.00124876	inf
0.00125001	inf
0.00125126	inf
0.00125251	inf
0.00125376	inf
0.00125502	inf
0.00125627	inf
0.00125753	inf
0.00125879	inf
0.00126005	inf
0.00126131	inf
0.00126257	inf
0.00126383	inf
0.00126509	inf
0.00126636	inf
0.00126763	inf
0.00126889	inf
0.00127016	inf
0.00127143	inf
0.0012727	inf
0.00127398	inf
0.00127525	inf
0.00127653	inf
0.0012778	inf
0.00127908	inf
0.00128036	inf
0.00128164	inf
0.00128292	inf
0.0012842	inf
0.00128549	inf
0.00128677	inf
0.00128806	inf
0.00128935	inf
0.00129064	inf
0.00129193	inf
0.00129322	inf
0.00129451	inf
0.00129581	inf
0.0012971	inf
0.0012984	inf
0.0012997	inf
0.001301	inf
0.0013023	inf
0.0013036	inf
0.00130491	inf
0.00130621	inf
0.00130752	inf
0.00130882	inf
0.00131013	inf
0.00131144	inf
0.00131275	inf
0.00131407	inf
0.00131538	inf
0.0013167	inf
0.00131801	inf
0.00131933	inf
0.00132065	inf
0.00132197	inf
0.00132329	inf
0.00132462	inf
0.00132594	inf
0.00132727	inf
0.00132859	inf
0.00132992	inf
0.00133125	inf
0.00133258	inf
0.00133392	inf
0.00133525	inf
0.00133659	inf
0.00133792	inf
0.00133926	inf
0.0013406	inf
0.00134194	inf
0.00134328	inf
0.00134463	inf
0.00134597	inf
0.00134732	inf
0.00134866	inf
0.00135001	inf
0.00135136	inf
0.00135271	inf
0.00135407	inf
0.00135542	inf
0.00135678	inf
0.00135813	inf
0.00135949	inf
0.00136085	inf
0.00136221	inf
0.00136357	inf
0.00136494	inf
0.0013663	inf
0.00136767	inf
0.00136904	inf
0.0013704	inf
0.00137178	inf
0.00137315	inf
0.00137452	inf
0.00137589	inf
0.00137727	inf
0.00137865	inf
0.00138003	inf
0.00138141	inf
0.00138279	inf
0.00138417	inf
0.00138556	inf
0.00138694	inf
0.00138833	inf
0.00138972	inf
0.00139111	inf
0.0013925	inf
0.00139389	inf
0.00139528	inf
0.00139668	inf
0.00139807	inf
0.00139947	inf
0.00140087	inf
0.00140227	inf
0.00140368	inf
0.00140508	inf
0.00140648	inf
0.00140789	inf
0.0014093	inf
0.00141071	inf
0.00141212	inf
0.00141353	inf
0.00141494	inf
0.00141636	inf
0.00141778	inf
0.00141919	inf
0.00142061	inf
0.00142203	inf
0.00142346	inf
0.00142488	inf
0.0014263	inf
0.00142773	inf
0.00142916	inf
0.00143059	inf
0.00143202	inf
0.00143345	inf
0.00143488	inf
0.00143632	inf
0.00143775	inf
0.00143919	inf
0.00144063	inf
0.00144207	inf
0.00144351	inf
0.00144496	inf
0.0014464	inf
0.00144785	inf
0.0014493	inf
0.00145075	inf
0.0014522	inf
0.00145365	inf
0.0014551	inf
0.00145656	inf
0.00145801	inf
0.00145947	inf
0.00146093	inf
0.00146239	inf
0.00146385	inf
0.00146532	inf
0.00146678	inf
0.00146825	inf
0.00146972	inf
0.00147119	inf
0.00147266	inf
0.00147413	inf
0.00147561	inf
0.00147708	inf
0.00147856	inf
0.00148004	inf
0.00148152	inf
0.001483	inf
0.00148448	inf
0.00148597	inf
0.00148745	inf
0.00148894	inf
0.00149043	inf
0.00149192	inf
0.00149341	inf
0.00149491	inf
0.0014964	inf
0.0014979	inf
0.00149939	inf
0.00150089	inf
0.00150239	inf
0.0015039	inf
0.0015054	inf
0.00150691	inf
0.00150841	inf
0.00150992	inf
0.00151143	inf
0.00151294	inf
0.00151446	inf
0.00151597	inf
0.00151749	inf
0.001519	inf
0.00152052	inf
0.00152204	inf
0.00152357	inf
0.00152509	inf
0.00152661	inf
0.00152814	inf
0.00152967	inf
0.0015312	inf
0.00153273	inf
0.00153426	inf
0.0015358	inf
0.00153733	inf
0.00153887	inf
0.00154041	inf
0.00154195	inf
0.00154349	inf
0.00154503	inf
0.00154658	inf
0.00154813	inf
0.00154967	inf
0.00155122	inf
0.00155278	inf
0.00155433	inf
0.00155588	inf
0.00155744	inf
0.001559	inf
0.00156055	inf
0.00156212	inf
0.00156368	inf
0.00156524	inf
0.00156681	inf
0.00156837	inf
0.00156994	inf
0.00157151	inf
0.00157308	inf
0.00157466	inf
0.00157623	inf
0.00157781	inf
0.00157938	inf
0.00158096	inf
0.00158255	inf
0.00158413	inf
0.00158571	inf
0.0015873	inf
0.00158888	inf
0.00159047	inf
0.00159206	inf
0.00159366	inf
0.00159525	inf
0.00159685	inf
0.00159844	inf
0.00160004	inf
0.00160164	inf
0.00160324	inf
0.00160485	inf
0.00160645	inf
0.00160806	inf
0.00160966	inf
0.00161127	inf
0.00161289	inf
0.0016145	inf
0.00161611	inf
0.00161773	inf
0.00161935	inf
0.00162097	inf
0.00162259	inf
0.00162421	inf
0.00162583	inf
0.00162746	inf
0.00162909	inf
0.00163072	inf
0.00163235	inf
0.00163398	inf
0.00163561	inf
0.00163725	inf
0.00163889	inf
0.00164053	inf
0.00164217	inf
0.00164381	inf
0.00164545	inf
0.0016471	inf
0.00164874	inf
0.00165039	inf
0.00165204	inf
0.0016537	inf
0.00165535	inf
0.001657	inf
0.00165866	inf
0.00166032	inf
0.00166198	inf
0.00166364	inf
0.00166531	inf
0.00166697	inf
0.00166864	inf
0.00167031	inf
0.00167198	inf
0.00167365	inf
0.00167532	inf
0.001677	inf
0.00167868	inf
0.00168035	inf
0.00168203	inf
0.00168372	inf
0.0016854	inf
0.00168709	inf
0.00168877	inf
0.00169046	inf
0.00169215	inf
0.00169384	inf
0.00169554	inf
0.00169723	inf
0.00169893	inf
0.00170063	inf
0.00170233	inf
0.00170403	inf
0.00170574	inf
0.00170744	inf
0.00170915	inf
0.00171086	inf
0.00171257	inf
0.00171428	inf
0.001716	inf
0.00171771	inf
0.00171943	inf
0.00172115	inf
0.00172287	inf
0.00172459	inf
0.00172632	inf
0.00172804	inf
0.00172977	inf
0.0017315	inf
0.00173323	inf
0.00173497	inf
0.0017367	inf
0.00173844	inf
0.00174018	inf
0.00174192	inf
0.00174366	inf
0.0017454	inf
0.00174715	inf
0.0017489	inf
0.00175064	inf
0.00175239	inf
0.00175415	inf
0.0017559	inf
0.00175766	inf
0.00175941	inf
0.00176117	inf
0.00176294	inf
0.0017647	inf
0.00176646	inf
0.00176823	inf
0.00177	inf
0.00177177	inf
0.00177354	inf
0.00177531	inf
0.00177709	inf
0.00177887	inf
0.00178064	inf
0.00178243	inf
0.00178421	inf
0.00178599	inf
0.00178778	inf
0.00178957	inf
0.00179136	inf
0.00179315	inf
0.00179494	inf
0.00179673	inf
0.00179853	inf
0.00180033	inf
0.00180213	inf
0.00180393	inf
0.00180574	inf
0.00180754	inf
0.00180935	inf
0.00181116	inf
0.00181297	inf
0.00181478	inf
0.0018166	inf
0.00181841	inf
0.00182023	inf
0.00182205	inf
0.00182388	inf
0.0018257	inf
0.00182752	inf
0.00182935	inf
0.00183118	inf
0.00183301	inf
0.00183485	inf
0.00183668	inf
0.00183852	inf
0.00184036	inf
0.0018422	inf
0.00184404	inf
0.00184588	inf
0.00184773	inf
0.00184958	inf
0.00185143	inf
0.00185328	inf
0.00185513	inf
0.00185699	inf
0.00185884	inf
0.0018607	inf
0.00186256	inf
0.00186442	inf
0.00186629	inf
0.00186816	inf
0.00187002	inf
0.00187189	inf
0.00187377	inf
0.00187564	inf
0.00187751	inf
0.00187939	inf
0.00188127	inf
0.00188315	inf
0.00188504	inf
0.00188692	inf
0.00188881	inf
0.0018907	inf
0.00189259	inf
0.00189448	inf
0.00189637	inf
0.00189827	inf
0.00190017	inf
0.00190207	inf
0.00190397	inf
0.00190588	inf
0.00190778	inf
0.00190969	inf
0.0019116	inf
0.00191351	inf
0.00191542	inf
0.00191734	inf
0.00191926	inf
0.00192118	inf
0.0019231	inf
0.00192502	inf
0.00192695	inf
0.00192887	inf
0.0019308	inf
0.00193273	inf
0.00193466	inf
0.0019366	inf
0.00193854	inf
0.00194047	inf
0.00194241	inf
0.00194436	inf
0.0019463	inf
0.00194825	inf
0.0019502	inf
0.00195215	inf
0.0019541	inf
0.00195605	inf
0.00195801	inf
0.00195997	inf
0.00196193	inf
0.00196389	inf
0.00196585	inf
0.00196782	inf
0.00196979	inf
0.00197176	inf
0.00197373	inf
0.0019757	inf
0.00197768	inf
0.00197965	inf
0.00198163	inf
0.00198362	inf
0.0019856	inf
0.00198759	inf
0.00198957	inf
0.00199156	inf
0.00199355	inf
0.00199555	inf
0.00199754	inf
0.00199954	inf
0.00200154	inf
0.00200354	inf
0.00200555	inf
0.00200755	inf
0.00200956	inf
0.00201157	inf
0.00201358	inf
0.00201559	inf
0.00201761	inf
0.00201963	inf
0.00202165	inf
0.00202367	inf
0.00202569	inf
0.00202772	inf
0.00202974	inf
0.00203177	inf
0.00203381	inf
0.00203584	inf
0.00203788	inf
0.00203991	inf
0.00204195	inf
0.002044	inf
0.00204604	inf
0.00204809	inf
0.00205013	inf
0.00205218	inf
0.00205424	inf
0.00205629	inf
0.00205835	inf
0.0020604	inf
0.00206247	inf
0.00206453	inf
0.00206659	inf
0.00206866	inf
0.00207073	inf
0.0020728	inf
0.00207487	inf
0.00207695	inf
0.00207902	inf
0.0020811	inf
0.00208318	inf
0.00208527	inf
0.00208735	inf
0.00208944	inf
0.00209153	inf
0.00209362	inf
0.00209571	inf
0.00209781	inf
0.00209991	inf
0.00210201	inf
0.00210411	inf
0.00210621	inf
0.00210832	inf
0.00211043	inf
0.00211254	inf
0.00211465	inf
0.00211676	inf
0.00211888	inf
0.002121	inf
0.00212312	inf
0.00212524	inf
0.00212737	inf
0.0021295	inf
0.00213163	inf
0.00213376	inf
0.00213589	inf
0.00213803	inf
0.00214017	inf
0.00214231	inf
0.00214445	inf
0.00214659	inf
0.00214874	inf
0.00215089	inf
0.00215304	inf
0.00215519	inf
0.00215735	inf
0.0021595	inf
0.00216166	inf
0.00216383	inf
0.00216599	inf
0.00216816	inf
0.00217032	inf
0.00217249	inf
0.00217467	inf
0.00217684	inf
0.00217902	inf
0.0021812	inf
0.00218338	inf
0.00218556	inf
0.00218775	inf
0.00218994	inf
0.00219213	inf
0.00219432	inf
0.00219651	inf
0.00219871	inf
0.00220091	inf
0.00220311	inf
0.00220531	inf
0.00220752	inf
0.00220972	inf
0.00221193	inf
0.00221415	inf
0.00221636	inf
0.00221858	inf
0.00222079	inf
0.00222302	inf
0.00222524	inf
0.00222746	inf
0.00222969	inf
0.00223192	inf
0.00223415	inf
0.00223639	inf
0.00223862	inf
0.00224086	inf
0.0022431	inf
0.00224535	inf
0.00224759	inf
0.00224984	inf
0.00225209	inf
0.00225434	inf
0.00225659	inf
0.00225885	inf
0.00226111	inf
0.00226337	inf
0.00226563	inf
0.0022679	inf
0.00227017	inf
0.00227244	inf
0.00227471	inf
0.00227699	inf
0.00227926	inf
0.00228154	inf
0.00228382	inf
0.00228611	inf
0.00228839	inf
0.00229068	inf
0.00229297	inf
0.00229527	inf
0.00229756	inf
0.00229986	inf
0.00230216	inf
0.00230446	inf
0.00230676	inf
0.00230907	inf
0.00231138	inf
0.00231369	inf
0.00231601	inf
0.00231832	inf
0.00232064	inf
0.00232296	inf
0.00232528	inf
0.00232761	inf
0.00232994	inf
0.00233227	inf
0.0023346	inf
0.00233693	inf
0.00233927	inf
0.00234161	inf
0.00234395	inf
0.00234629	inf
0.00234864	inf
0.00235099	inf
0.00235334	inf
0.00235569	inf
0.00235805	inf
0.00236041	inf
0.00236277	inf
0.00236513	inf
0.0023675	inf
0.00236986	inf
0.00237223	inf
0.00237461	inf
0.00237698	inf
0.00237936	inf
0.00238174	inf
0.00238412	inf
0.0023865	inf
0.00238889	inf
0.00239128	inf
0.00239367	inf
0.00239606	inf
0.00239846	inf
0.00240086	inf
0.00240326	inf
0.00240566	inf
0.00240807	inf
0.00241048	inf
0.00241289	inf
0.0024153	inf
0.00241771	inf
0.00242013	inf
0.00242255	inf
0.00242497	inf
0.0024274	inf
0.00242983	inf
0.00243226	inf
0.00243469	inf
0.00243712	inf
0.00243956	inf
0.002442	inf
0.00244444	inf
0.00244689	inf
0.00244933	inf
0.00245178	inf
0.00245423	inf
0.00245669	inf
0.00245915	inf
0.0024616	inf
0.00246407	inf
0.00246653	inf
0.002469	inf
0.00247147	inf
0.00247394	inf
0.00247641	inf
0.00247889	inf
0.00248137	inf
0.00248385	inf
0.00248633	inf
0.00248882	inf
0.00249131	inf
0.0024938	inf
0.00249629	inf
0.00249879	inf
0.00250129	inf
0.00250379	inf
0.00250629	inf
0.0025088	inf
0.00251131	inf
0.00251382	inf
0.00251633	inf
0.00251885	inf
0.00252137	inf
0.00252389	inf
0.00252641	inf
0.00252894	inf
0.00253147	inf
0.002534	inf
0.00253653	inf
0.00253907	inf
0.00254161	inf
0.00254415	inf
0.0025467	inf
0.00254924	inf
0.00255179	inf
0.00255434	inf
0.0025569	inf
0.00255945	inf
0.00256201	inf
0.00256458	inf
0.00256714	inf
0.00256971	inf
0.00257228	inf
0.00257485	inf
0.00257742	inf
0.00258	inf
0.00258258	inf
0.00258516	inf
0.00258775	inf
0.00259034	inf
0.00259293	inf
0.00259552	inf
0.00259812	inf
0.00260071	inf
0.00260331	inf
0.00260592	inf
0.00260852	inf
0.00261113	inf
0.00261374	inf
0.00261636	inf
0.00261897	inf
0.00262159	inf
0.00262421	inf
0.00262684	inf
0.00262947	inf
0.00263209	inf
0.00263473	inf
0.00263736	inf
0.00264	inf
0.00264264	inf
0.00264528	inf
0.00264793	inf
0.00265057	inf
0.00265323	inf
0.00265588	inf
0.00265853	inf
0.00266119	inf
0.00266385	inf
0.00266652	inf
0.00266918	inf
0.00267185	inf
0.00267453	inf
0.0026772	inf
0.00267988	inf
0.00268256	inf
0.00268524	inf
0.00268792	inf
0.00269061	inf
0.0026933	inf
0.002696	inf
0.00269869	inf
0.00270139	inf
0.00270409	inf
0.0027068	inf
0.0027095	inf
0.00271221	inf
0.00271493	inf
0.00271764	inf
0.00272036	inf
0.00272308	inf
0.0027258	inf
0.00272853	inf
0.00273126	inf
0.00273399	inf
0.00273672	inf
0.00273946	inf
0.0027422	inf
0.00274494	inf
0.00274768	inf
0.00275043	inf
0.00275318	inf
0.00275594	inf
0.00275869	inf
0.00276145	inf
0.00276421	inf
0.00276698	inf
0.00276974	inf
0.00277251	inf
0.00277529	inf
0.00277806	inf
0.00278084	inf
0.00278362	inf
0.0027864	inf
0.00278919	inf
0.00279198	inf
0.00279477	inf
0.00279757	inf
0.00280036	inf
0.00280316	inf
0.00280597	inf
0.00280877	inf
0.00281158	inf
0.00281439	inf
0.00281721	inf
0.00282002	inf
0.00282284	inf
0.00282567	inf
0.00282849	inf
0.00283132	inf
0.00283415	inf
0.00283699	inf
0.00283982	inf
0.00284266	inf
0.00284551	inf
0.00284835	inf
0.0028512	inf
0.00285405	inf
0.00285691	inf
0.00285976	inf
0.00286262	inf
0.00286548	inf
0.00286835	inf
0.00287122	inf
0.00287409	inf
0.00287696	inf
0.00287984	inf
0.00288272	inf
0.0028856	inf
0.00288849	inf
0.00289138	inf
0.00289427	inf
0.00289716	inf
0.00290006	inf
0.00290296	inf
0.00290586	inf
0.00290877	inf
0.00291168	inf
0.00291459	inf
0.0029175	inf
0.00292042	inf
0.00292334	inf
0.00292627	inf
0.00292919	inf
0.00293212	inf
0.00293505	inf
0.00293799	inf
0.00294093	inf
0.00294387	inf
0.00294681	inf
0.00294976	inf
0.00295271	inf
0.00295566	inf
0.00295862	inf
0.00296157	inf
0.00296454	inf
0.0029675	inf
0.00297047	inf
0.00297344	inf
0.00297641	inf
0.00297939	inf
0.00298237	inf
0.00298535	inf
0.00298834	inf
0.00299132	inf
0.00299432	inf
0.00299731	inf
0.00300031	inf
0.00300331	inf
0.00300631	inf
0.00300932	inf
0.00301233	inf
0.00301534	inf
0.00301835	inf
0.00302137	inf
0.00302439	inf
0.00302742	inf
0.00303045	inf
0.00303348	inf
0.00303651	inf
0.00303955	inf
0.00304259	inf
0.00304563	inf
0.00304867	inf
0.00305172	inf
0.00305477	inf
0.00305783	inf
0.00306089	inf
0.00306395	inf
0.00306701	inf
0.00307008	inf
0.00307315	inf
0.00307622	inf
0.0030793	inf
0.00308238	inf
0.00308546	inf
0.00308854	inf
0.00309163	inf
0.00309473	inf
0.00309782	inf
0.00310092	inf
0.00310402	inf
0.00310712	inf
0.00311023	inf
0.00311334	inf
0.00311645	inf
0.00311957	inf
0.00312269	inf
0.00312581	inf
0.00312894	inf
0.00313207	inf
0.0031352	inf
0.00313833	inf
0.00314147	inf
0.00314461	inf
0.00314776	inf
0.00315091	inf
0.00315406	inf
0.00315721	inf
0.00316037	inf
0.00316353	inf
0.00316669	inf
0.00316986	inf
0.00317303	inf
0.0031762	inf
0.00317938	inf
0.00318256	inf
0.00318574	inf
0.00318893	inf
0.00319211	inf
0.00319531	inf
0.0031985	inf
0.0032017	inf
0.0032049	inf
0.00320811	inf
0.00321132	inf
0.00321453	inf
0.00321774	inf
0.00322096	inf
0.00322418	inf
0.0032274	inf
0.00323063	inf
0.00323386	inf
0.0032371	inf
0.00324033	inf
0.00324357	inf
0.00324682	inf
0.00325006	inf
0.00325331	inf
0.00325657	inf
0.00325982	inf
0.00326308	inf
0.00326635	inf
0.00326961	inf
0.00327288	inf
0.00327616	inf
0.00327943	inf
0.00328271	inf
0.00328599	inf
0.00328928	inf
0.00329257	inf
0.00329586	inf
0.00329916	inf
0.00330246	inf
0.00330576	inf
0.00330906	inf
0.00331237	inf
0.00331569	inf
0.003319	inf
0.00332232	inf
0.00332564	inf
0.00332897	inf
0.0033323	inf
0.00333563	inf
0.00333897	inf
0.0033423	inf
0.00334565	inf
0.00334899	inf
0.00335234	inf
0.00335569	inf
0.00335905	inf
0.00336241	inf
0.00336577	inf
0.00336914	inf
0.00337251	inf
0.00337588	inf
0.00337925	inf
0.00338263	inf
0.00338602	inf
0.0033894	inf
0.00339279	inf
0.00339618	inf
0.00339958	inf
0.00340298	inf
0.00340638	inf
0.00340979	inf
0.0034132	inf
0.00341661	inf
0.00342003	inf
0.00342345	inf
0.00342687	inf
0.0034303	inf
0.00343373	inf
0.00343716	inf
0.0034406	inf
0.00344404	inf
0.00344749	inf
0.00345093	inf
0.00345438	inf
0.00345784	inf
0.0034613	inf
0.00346476	inf
0.00346822	inf
0.00347169	inf
0.00347516	inf
0.00347864	inf
0.00348212	inf
0.0034856	inf
0.00348908	inf
0.00349257	inf
0.00349607	inf
0.00349956	inf
0.00350306	inf
0.00350656	inf
0.00351007	inf
0.00351358	inf
0.00351709	inf
0.00352061	inf
0.00352413	inf
0.00352766	inf
0.00353118	inf
0.00353471	inf
0.00353825	inf
0.00354179	inf
0.00354533	inf
0.00354887	inf
0.00355242	inf
0.00355598	inf
0.00355953	inf
0.00356309	inf
0.00356665	inf
0.00357022	inf
0.00357379	inf
0.00357737	inf
0.00358094	inf
0.00358452	inf
0.00358811	inf
0.0035917	inf
0.00359529	inf
0.00359888	inf
0.00360248	inf
0.00360608	inf
0.00360969	inf
0.0036133	inf
0.00361691	inf
0.00362053	inf
0.00362415	inf
0.00362778	inf
0.0036314	inf
0.00363503	inf
0.00363867	inf
0.00364231	inf
0.00364595	inf
0.0036496	inf
0.00365325	inf
0.0036569	inf
0.00366056	inf
0.00366422	inf
0.00366788	inf
0.00367155	inf
0.00367522	inf
0.0036789	inf
0.00368257	inf
0.00368626	inf
0.00368994	inf
0.00369363	inf
0.00369733	inf
0.00370102	inf
0.00370473	inf
0.00370843	inf
0.00371214	inf
0.00371585	inf
0.00371957	inf
0.00372329	inf
0.00372701	inf
0.00373074	inf
0.00373447	inf
0.0037382	inf
0.00374194	inf
0.00374568	inf
0.00374943	inf
0.00375318	inf
0.00375693	inf
0.00376069	inf
0.00376445	inf
0.00376821	inf
0.00377198	inf
0.00377575	inf
0.00377953	inf
0.00378331	inf
0.00378709	inf
0.00379088	inf
0.00379467	inf
0.00379846	inf
0.00380226	inf
0.00380606	inf
0.00380987	inf
0.00381368	inf
0.00381749	inf
0.00382131	inf
0.00382513	inf
0.00382896	inf
0.00383279	inf
0.00383662	inf
0.00384046	inf
0.0038443	inf
0.00384814	inf
0.00385199	inf
0.00385584	inf
0.0038597	inf
0.00386356	inf
0.00386742	inf
0.00387129	inf
0.00387516	inf
0.00387903	inf
0.00388291	inf
0.0038868	inf
0.00389068	inf
0.00389457	inf
0.00389847	inf
0.00390237	inf
0.00390627	inf
0.00391017	inf
0.00391409	inf
0.003918	inf
0.00392192	inf
0.00392584	inf
0.00392977	inf
0.00393369	inf
0.00393763	inf
0.00394157	inf
0.00394551	inf
0.00394945	inf
0.0039534	inf
0.00395736	inf
0.00396131	inf
0.00396527	inf
0.00396924	inf
0.00397321	inf
0.00397718	inf
0.00398116	inf
0.00398514	inf
0.00398913	inf
0.00399312	inf
0.00399711	inf
0.00400111	inf
0.00400511	inf
0.00400911	inf
0.00401312	inf
0.00401713	inf
0.00402115	inf
0.00402517	inf
0.0040292	inf
0.00403323	inf
0.00403726	inf
0.0040413	inf
0.00404534	inf
0.00404938	inf
0.00405343	inf
0.00405749	inf
0.00406154	inf
0.00406561	inf
0.00406967	inf
0.00407374	inf
0.00407781	inf
0.00408189	inf
0.00408597	inf
0.00409006	inf
0.00409415	inf
0.00409824	inf
0.00410234	inf
0.00410644	inf
0.00411055	inf
0.00411466	inf
0.00411878	inf
0.0041229	inf
0.00412702	inf
0.00413115	inf
