1	5.86656e-12
1.01	6.10478e-12
1.0201	6.35266e-12
1.0303	6.61061e-12
1.0406	6.87903e-12
1.05101	7.15835e-12
1.06152	7.44901e-12
1.07214	7.75148e-12
1.08286	8.06623e-12
1.09369	8.39376e-12
1.10462	8.73458e-12
1.11567	9.08925e-12
1.12683	9.45832e-12
1.13809	9.84237e-12
1.14947	1.0242e-11
1.16097	1.06579e-11
1.17258	1.10907e-11
1.1843	1.1541e-11
1.19615	1.20096e-11
1.20811	1.24973e-11
1.22019	1.30047e-11
1.23239	1.35328e-11
1.24472	1.40823e-11
1.25716	1.46541e-11
1.26973	1.52491e-11
1.28243	1.58683e-11
1.29526	1.65127e-11
1.30821	1.71832e-11
1.32129	1.78809e-11
1.3345	1.8607e-11
1.34785	1.93625e-11
1.36133	2.01487e-11
1.37494	2.09669e-11
1.38869	2.18182e-11
1.40258	2.27042e-11
1.4166	2.36261e-11
1.43077	2.45854e-11
1.44508	2.55837e-11
1.45953	2.66226e-11
1.47412	2.77036e-11
1.48886	2.88285e-11
1.50375	2.99991e-11
1.51879	3.12173e-11
1.53398	3.24849e-11
1.54932	3.38039e-11
1.56481	3.51766e-11
1.58046	3.66049e-11
1.59626	3.80913e-11
1.61223	3.9638e-11
1.62835	4.12476e-11
1.64463	4.29225e-11
1.66108	4.46654e-11
1.67769	4.64791e-11
1.69447	4.83664e-11
1.71141	5.03304e-11
1.72852	5.23741e-11
1.74581	5.45008e-11
1.76327	5.67139e-11
1.7809	5.90168e-11
1.79871	6.14133e-11
1.8167	6.39071e-11
1.83486	6.65021e-11
1.85321	6.92025e-11
1.87174	7.20126e-11
1.89046	7.49368e-11
1.90937	7.79797e-11
1.92846	8.11462e-11
1.94774	8.44413e-11
1.96722	8.78702e-11
1.98689	9.14383e-11
2.00676	9.51514e-11
2.02683	9.90152e-11
2.0471	1.03036e-10
2.06757	1.0722e-10
2.08825	1.11574e-10
2.10913	1.16104e-10
2.13022	1.20819e-10
2.15152	1.25725e-10
2.17304	1.30831e-10
2.19477	1.36143e-10
2.21672	1.41672e-10
2.23888	1.47425e-10
2.26127	1.53411e-10
2.28388	1.59641e-10
2.30672	1.66124e-10
2.32979	1.7287e-10
2.35309	1.7989e-10
2.37662	1.87195e-10
2.40038	1.94796e-10
2.42439	2.02707e-10
2.44863	2.10938e-10
2.47312	2.19504e-10
2.49785	2.28418e-10
2.52283	2.37694e-10
2.54806	2.47346e-10
2.57354	2.5739e-10
2.59927	2.67843e-10
2.62527	2.7872e-10
2.65152	2.90038e-10
2.67803	3.01816e-10
2.70481	3.14073e-10
2.73186	3.26827e-10
2.75918	3.401e-10
2.78677	3.53911e-10
2.81464	3.68283e-10
2.84279	3.83239e-10
2.87121	3.98802e-10
2.89993	4.14998e-10
2.92893	4.31851e-10
2.95822	4.49389e-10
2.9878	4.67639e-10
3.01768	4.8663e-10
3.04785	5.06392e-10
3.07833	5.26957e-10
3.10911	5.48357e-10
3.1402	5.70627e-10
3.17161	5.93801e-10
3.20332	6.17916e-10
3.23536	6.4301e-10
3.26771	6.69124e-10
3.30039	6.96299e-10
3.33339	7.24577e-10
3.36672	7.54003e-10
3.40039	7.84625e-10
3.4344	8.16491e-10
3.46874	8.49651e-10
3.50343	8.84158e-10
3.53846	9.20066e-10
3.57385	9.57433e-10
3.60958	9.96318e-10
3.64568	1.03678e-09
3.68214	1.07889e-09
3.71896	1.12271e-09
3.75615	1.16831e-09
3.79371	1.21576e-09
3.83165	1.26513e-09
3.86996	1.31652e-09
3.90866	1.36999e-09
3.94775	1.42563e-09
3.98723	1.48353e-09
4.0271	1.54379e-09
4.06737	1.60649e-09
4.10804	1.67174e-09
4.14912	1.73964e-09
4.19062	1.8103e-09
4.23252	1.88383e-09
4.27485	1.96034e-09
4.3176	2.03997e-09
4.36077	2.12283e-09
4.40438	2.20905e-09
4.44842	2.29878e-09
4.49291	2.39215e-09
4.53784	2.48932e-09
4.58321	2.59043e-09
4.62905	2.69566e-09
4.67534	2.80515e-09
4.72209	2.9191e-09
4.76931	3.03767e-09
4.817	3.16107e-09
4.86517	3.28947e-09
4.91383	3.4231e-09
4.96296	3.56215e-09
5.01259	3.70685e-09
5.06272	3.85743e-09
5.11335	4.01414e-09
5.16448	4.1772e-09
5.21613	4.3469e-09
5.26829	4.52349e-09
5.32097	4.70725e-09
5.37418	4.89848e-09
5.42792	5.09749e-09
5.4822	5.30458e-09
5.53702	5.52008e-09
5.59239	5.74434e-09
5.64832	5.97772e-09
5.7048	6.22058e-09
5.76185	6.47331e-09
5.81947	6.73631e-09
5.87766	7.01e-09
5.93644	7.29482e-09
5.9958	7.59121e-09
6.05576	7.89964e-09
6.11632	8.22062e-09
6.17748	8.55463e-09
6.23926	8.90223e-09
6.30165	9.26395e-09
6.36466	9.64038e-09
6.42831	1.00321e-08
6.49259	1.04398e-08
6.55752	1.0864e-08
6.6231	1.13054e-08
6.68933	1.17649e-08
6.75622	1.2243e-08
6.82378	1.27405e-08
6.89202	1.32582e-08
6.96094	1.3797e-08
7.03055	1.43577e-08
7.10085	1.49413e-08
7.17186	1.55485e-08
7.24358	1.61804e-08
7.31602	1.6838e-08
7.38918	1.75224e-08
7.46307	1.82346e-08
7.5377	1.89757e-08
7.61308	1.9747e-08
7.68921	2.05497e-08
7.7661	2.1385e-08
7.84376	2.22543e-08
7.9222	2.31589e-08
8.00142	2.41003e-08
8.08144	2.508e-08
8.16225	2.60996e-08
8.24387	2.71606e-08
8.32631	2.82648e-08
8.40957	2.94139e-08
8.49367	3.06098e-08
8.57861	3.18543e-08
8.66439	3.31495e-08
8.75104	3.44973e-08
8.83855	3.59e-08
8.92693	3.73598e-08
9.0162	3.8879e-08
9.10636	4.046e-08
9.19743	4.21053e-08
9.2894	4.38176e-08
9.3823	4.55995e-08
9.47612	4.7454e-08
9.57088	4.9384e-08
9.66659	5.13926e-08
9.76325	5.34829e-08
9.86089	5.56583e-08
9.9595	5.79223e-08
10.0591	6.02784e-08
10.1597	6.27305e-08
10.2613	6.52824e-08
10.3639	6.79382e-08
10.4675	7.07022e-08
10.5722	7.35788e-08
10.6779	7.65725e-08
10.7847	7.96881e-08
10.8926	8.29307e-08
11.0015	8.63053e-08
11.1115	8.98174e-08
11.2226	9.34726e-08
11.3348	9.72767e-08
11.4482	1.01236e-07
11.5627	1.05356e-07
11.6783	1.09645e-07
11.7951	1.14108e-07
11.913	1.18753e-07
12.0322	1.23587e-07
12.1525	1.28619e-07
12.274	1.33855e-07
12.3967	1.39305e-07
12.5207	1.44977e-07
12.6459	1.50881e-07
12.7724	1.57025e-07
12.9001	1.6342e-07
13.0291	1.70076e-07
13.1594	1.77003e-07
13.291	1.84213e-07
13.4239	1.91717e-07
13.5581	1.99527e-07
13.6937	2.07656e-07
13.8307	2.16117e-07
13.969	2.24923e-07
14.1086	2.34088e-07
14.2497	2.43628e-07
14.3922	2.53557e-07
14.5362	2.63892e-07
14.6815	2.74648e-07
14.8283	2.85844e-07
14.9766	2.97497e-07
15.1264	3.09627e-07
15.2776	3.22251e-07
15.4304	3.35392e-07
15.5847	3.4907e-07
15.7406	3.63307e-07
15.898	3.78126e-07
16.057	3.9355e-07
16.2175	4.09606e-07
16.3797	4.26317e-07
16.5435	4.43713e-07
16.7089	4.6182e-07
16.876	4.80668e-07
17.0448	5.00287e-07
17.2152	5.20709e-07
17.3874	5.41967e-07
17.5613	5.64096e-07
17.7369	5.8713e-07
17.9142	6.11108e-07
18.0934	6.36068e-07
18.2743	6.6205e-07
18.4571	6.89097e-07
18.6416	7.17253e-07
18.828	7.46562e-07
19.0163	7.77073e-07
19.2065	8.08836e-07
19.3986	8.41901e-07
19.5925	8.76322e-07
19.7885	9.12156e-07
19.9864	9.4946e-07
20.1862	9.88296e-07
20.3881	1.02873e-06
20.592	1.07082e-06
20.7979	1.11464e-06
21.0059	1.16026e-06
21.2159	1.20775e-06
21.4281	1.2572e-06
21.6424	1.30868e-06
21.8588	1.36227e-06
22.0774	1.41807e-06
22.2981	1.47617e-06
22.5211	1.53666e-06
22.7463	1.59964e-06
22.9738	1.66521e-06
23.2035	1.73349e-06
23.4356	1.80457e-06
23.6699	1.87859e-06
23.9066	1.95566e-06
24.1457	2.03591e-06
24.3871	2.11947e-06
24.631	2.20647e-06
24.8773	2.29707e-06
25.1261	2.39141e-06
25.3774	2.48965e-06
25.6311	2.59194e-06
25.8874	2.69847e-06
26.1463	2.8094e-06
26.4078	2.92492e-06
26.6719	3.04522e-06
26.9386	3.1705e-06
27.208	3.30097e-06
27.48	3.43685e-06
27.7548	3.57836e-06
28.0324	3.72574e-06
28.3127	3.87923e-06
28.5958	4.03909e-06
28.8818	4.20559e-06
29.1706	4.37901e-06
29.4623	4.55963e-06
29.757	4.74777e-06
30.0545	4.94373e-06
30.3551	5.14786e-06
30.6586	5.36047e-06
30.9652	5.58194e-06
31.2749	5.81265e-06
31.5876	6.05298e-06
31.9035	6.30336e-06
32.2225	6.56425e-06
32.5447	6.83588e-06
32.8702	7.11895e-06
33.1989	7.41386e-06
33.5309	7.72113e-06
33.8662	8.04194e-06
34.2049	8.37478e-06
34.5469	8.7223e-06
34.8924	9.08442e-06
35.2413	9.46204e-06
35.5937	9.85496e-06
35.9496	1.02646e-05
36.3091	1.06915e-05
36.6722	1.11409e-05
37.039	1.16002e-05
37.4093	1.20833e-05
37.7834	1.2587e-05
38.1613	1.31156e-05
38.5429	1.36589e-05
38.9283	1.42291e-05
39.3176	1.48242e-05
39.7108	1.54432e-05
40.1079	1.60889e-05
40.509	1.67629e-05
40.914	1.74655e-05
41.3232	1.81958e-05
41.7364	1.89593e-05
42.1538	1.97561e-05
42.5753	2.05835e-05
43.0011	2.14502e-05
43.4311	2.23527e-05
43.8654	2.32905e-05
44.304	2.42757e-05
44.7471	2.52962e-05
45.1946	2.63609e-05
45.6465	2.77911e-05
46.103	2.86343e-05
46.564	2.98463e-05
47.0296	3.11321e-05
47.4999	3.24253e-05
47.9749	3.38245e-05
48.4547	3.52365e-05
48.9392	3.67338e-05
49.4286	3.83878e-05
49.9229	3.99225e-05
50.4221	4.17434e-05
50.9264	4.34048e-05
51.4356	4.52703e-05
51.95	4.72535e-05
52.4695	4.92077e-05
52.9942	5.52598e-05
53.5241	5.35198e-05
54.0594	5.61929e-05
54.6	5.82403e-05
55.146	6.08151e-05
55.6974	6.34577e-05
56.2544	6.61072e-05
56.8169	6.95599e-05
57.3851	7.19444e-05
57.9589	8.78014e-05
58.5385	7.83289e-05
59.1239	8.69437e-05
59.7152	8.53422e-05
60.3123	9.00225e-05
60.9154	9.30546e-05
61.5246	9.76637e-05
62.1398	0.000101556
62.7612	0.000106377
63.3888	0.000111159
64.0227	0.000115811
64.663	0.000121833
65.3096	0.000126355
65.9627	0.000134425
66.6223	0.000137903
67.2885	0.000149438
67.9614	0.000150616
68.641	0.000169331
69.3275	0.000164758
70.0207	0.000194637
70.7209	0.000180362
71.4281	0.000229836
72.1424	0.000197493
72.8638	0.000304801
73.5925	0.00021687
74.3284	0.000347388
75.0717	0.000238145
75.8224	0.00063351
76.5806	0.000262042
77.3464	0.000809671
78.1199	0.000288948
78.9011	0.00256849
79.6901	0.000319353
80.487	0.00375384
81.2919	0.000354139
82.1048	0.00172373
82.9259	0.000394476
83.7551	0.00134343
84.5927	0.00044016
85.4386	0.000627664
86.293	0.000497366
87.1559	0.000896717
88.0275	0.000609105
88.9077	0.00074609
89.7968	0.000823873
90.6948	0.00079134
91.6017	0.00120541
92.5178	0.000771076
93.4429	0.00180425
94.3774	0.000893479
95.3211	0.01474
96.2743	0.00105889
97.2371	0.00975793
98.2095	0.00126926
99.1916	0.00188538
100.183	0.00301376
101.185	0.00156843
102.197	0.0200106
103.219	0.00208396
104.251	0.00415159
105.294	0.00487989
106.347	0.00237914
107.41	0.0720935
108.484	0.00376833
109.569	0.00329361
110.665	0.298081
111.772	0.00521757
112.889	0.00487155
114.018	0.340444
115.158	0.00903296
116.31	0.00678436
117.473	0.0541529
118.648	0.0359036
119.834	0.01081
121.033	0.0152957
122.243	0.0895926
123.465	0.0426549
124.7	0.0183885
125.947	0.0185733
127.206	0.0545132
128.478	2.2139
129.763	0.0614555
131.061	0.0405639
132.372	0.0321418
133.695	0.0402638
135.032	0.0918169
136.383	0.242915
137.746	1.28054
139.124	7.29567
140.515	1.76973
141.92	0.896062
143.339	0.75662
144.773	0.90056
146.221	1.51437
147.683	4.91479
149.16	14.3652
150.651	1.61244
152.158	0.950584
153.679	0.382785
155.216	0.287737
156.768	0.359702
158.336	0.845716
159.919	34.3984
161.518	1.17117
163.134	0.58182
164.765	1.55637
166.413	9.72249
168.077	0.915132
169.757	2.42512
171.455	2.76171
173.17	1.41644
174.901	17.9979
176.65	1.78018
178.417	19.1734
180.201	2.57892
182.003	6.19851
183.823	12.7351
185.661	3.11596
187.518	17.4419
189.393	32.4671
191.287	6.66533
193.2	5.71309
195.132	11.1856
197.083	35.0542
199.054	134.305
201.045	695.407
203.055	697.879
205.086	386.129
207.136	73.1092
209.208	29.2168
211.3	17.9558
213.413	25.2497
215.547	372.644
217.702	61.7328
219.879	35.1825
222.078	1476.77
224.299	39.4444
226.542	957.296
228.807	60.0028
231.095	80.9104
233.406	3548.85
235.741	263.558
238.098	114.157
240.479	104.291
242.884	130.64
245.313	414.173
247.766	1395.8
250.243	122.854
252.746	1646.95
255.273	182.378
257.826	263.479
260.404	620.329
263.008	285.872
265.638	310.297
268.295	286.978
270.978	236.902
273.687	3079.68
276.424	614.903
279.189	3419.39
281.98	371.67
284.8	1590.64
287.648	709.355
290.525	227.15
293.43	2.09612
296.364	1.13479
299.328	0.782311
302.321	0.595175
305.344	0.478526
308.398	0.398799
311.482	0.340914
314.597	0.297044
317.743	0.262707
320.92	0.235148
324.129	0.212577
327.37	0.193782
330.644	0.177911
333.951	0.164349
337.29	0.152641
340.663	0.142444
344.07	0.133491
347.51	0.125577
350.985	0.118537
354.495	0.11224
358.04	0.106577
361.621	0.101463
365.237	0.0968243
368.889	0.0926003
372.578	0.0887405
376.304	0.0852019
380.067	0.0819478
383.868	0.078947
387.706	0.0761725
391.583	0.0736008
395.499	0.0712117
399.454	0.0689875
403.449	0.0669125
407.483	0.0649731
411.558	0.0631571
415.674	0.0614538
419.83	0.0598537
424.029	0.0583482
428.269	0.0569297
432.552	0.0555913
436.877	0.0543268
441.246	0.0531308
445.658	0.051998
450.115	0.0509241
454.616	0.0499048
459.162	0.0489364
463.754	0.0480154
468.391	0.0471387
473.075	0.0463033
477.806	0.0455067
482.584	0.0447465
487.41	0.0440203
492.284	0.0433262
497.207	0.0426622
502.179	0.0420265
507.201	0.0414176
512.273	0.0408339
517.396	0.0402741
522.57	0.0397368
527.795	0.0392208
533.073	0.038725
538.404	0.0382484
543.788	0.0377899
549.226	0.0373486
554.718	0.0369238
560.265	0.0365145
565.868	0.03612
571.527	0.0357396
577.242	0.0353727
583.014	0.0350186
588.844	0.0346768
594.733	0.0343466
600.68	0.0340275
606.687	0.0337192
612.754	0.033421
618.881	0.0331326
625.07	0.0328536
631.321	0.0325834
637.634	0.0323219
644.011	0.0320686
650.451	0.0318232
656.955	0.0315853
663.525	0.0313547
670.16	0.0311311
676.862	0.0309143
683.63	0.0307038
690.466	0.0304996
697.371	0.0303013
704.345	0.0301088
711.388	0.0299219
718.502	0.0297402
725.687	0.0295637
732.944	0.0293922
740.273	0.0292254
747.676	0.0290632
755.153	0.0289055
762.705	0.028752
770.332	0.0286027
778.035	0.0284574
785.815	0.028316
793.673	0.0281783
801.61	0.0280442
809.626	0.0279136
817.722	0.0277863
825.9	0.0276623
834.159	0.0275415
842.5	0.0274237
850.925	0.0273089
859.435	0.027197
868.029	0.0270878
876.709	0.0269813
885.476	0.0268773
894.331	0.026776
903.274	0.026677
912.307	0.0265804
921.43	0.0264861
930.644	0.026394
939.951	0.0263041
949.35	0.0262163
958.844	0.0261305
968.432	0.0260466
978.117	0.0259647
987.898	0.0258846
997.777	0.0258063
1007.75	0.0257297
1017.83	0.0256549
1028.01	0.0255816
1038.29	0.02551
1048.67	0.0254399
1059.16	0.0253713
1069.75	0.0253042
1080.45	0.0252385
1091.25	0.0251741
1102.17	0.0251111
1113.19	0.0250494
1124.32	0.0249889
1135.56	0.0249297
1146.92	0.0248716
1158.39	0.0248147
1169.97	0.0247589
1181.67	0.0247042
1193.49	0.0246505
1205.42	0.0245979
1217.48	0.0245462
1229.65	0.0244955
1241.95	0.0244458
1254.37	0.0243969
1266.91	0.0243489
1279.58	0.0243018
1292.38	0.0242555
1305.3	0.02421
1318.35	0.0241653
1331.54	0.0241213
1344.85	0.0240781
1358.3	0.0240356
1371.88	0.0239938
1385.6	0.0239526
1399.46	0.0239121
1413.45	0.0238721
1427.59	0.0238328
1441.86	0.0237941
1456.28	0.0237559
1470.85	0.0237183
1485.55	0.0236812
1500.41	0.0236446
1515.41	0.0236085
1530.57	0.0235729
1545.87	0.0235377
1561.33	0.023503
1576.95	0.0234687
1592.71	0.0234348
1608.64	0.0234012
1624.73	0.0233681
1640.98	0.0233353
1657.39	0.0233028
1673.96	0.0232707
1690.7	0.0232389
1707.61	0.0232074
1724.68	0.0231761
1741.93	0.0231452
1759.35	0.0231144
1776.94	0.023084
1794.71	0.0230537
1812.66	0.0230237
1830.78	0.0229938
1849.09	0.0229642
1867.58	0.0229347
1886.26	0.0229054
1905.12	0.0228762
1924.17	0.0228472
1943.41	0.0228183
1962.85	0.0227895
1982.48	0.0227608
2002.3	0.0227322
2022.32	0.0227036
2042.55	0.0226752
2062.97	0.0226467
2083.6	0.0226183
2104.44	0.02259
2125.48	0.0225616
2146.74	0.0225333
2168.21	0.0225049
2189.89	0.0224765
2211.79	0.0224481
2233.9	0.0224196
2256.24	0.0223911
2278.81	0.0223625
2301.59	0.0223338
2324.61	0.0223051
2347.86	0.0222762
2371.34	0.0222472
2395.05	0.0222181
2419	0.0221889
2443.19	0.0221595
2467.62	0.0221299
2492.3	0.0221002
2517.22	0.0220703
2542.39	0.0220401
2567.82	0.0220098
2593.49	0.0219793
2619.43	0.0219485
2645.62	0.0219175
2672.08	0.0218862
2698.8	0.0218546
2725.79	0.0218228
2753.05	0.0217907
2780.58	0.0217582
2808.38	0.0217255
2836.47	0.0216924
2864.83	0.0216589
2893.48	0.0216251
2922.41	0.021591
2951.64	0.0215564
2981.15	0.0215215
3010.97	0.0214861
3041.08	0.0214503
3071.49	0.0214141
3102.2	0.0213774
3133.22	0.0213403
3164.56	0.0213027
3196.2	0.0212646
3228.16	0.021226
3260.45	0.0211868
3293.05	0.0211472
3325.98	0.0211069
3359.24	0.0210662
3392.83	0.0210248
3426.76	0.0209828
3461.03	0.0209402
3495.64	0.020897
3530.59	0.0208532
3565.9	0.0208087
3601.56	0.0207635
3637.58	0.0207176
3673.95	0.0206711
3710.69	0.0206238
3747.8	0.0205757
3785.28	0.0205269
3823.13	0.0204773
3861.36	0.0204269
3899.97	0.0203758
3938.97	0.0203237
3978.36	0.0202709
4018.15	0.0202171
4058.33	0.0201625
4098.91	0.020107
4139.9	0.0200505
4181.3	0.0199931
4223.11	0.0199348
4265.34	0.0198754
4308	0.0198151
4351.08	0.0197537
4394.59	0.0196913
4438.53	0.0196278
4482.92	0.0195633
4527.75	0.0194976
4573.03	0.0194308
4618.76	0.0193628
4664.94	0.0192937
4711.59	0.0192233
4758.71	0.0191517
4806.3	0.0190789
4854.36	0.0190049
4902.9	0.0189295
4951.93	0.0188528
5001.45	0.0187748
5051.46	0.0186954
5101.98	0.0186146
5153	0.0185324
5204.53	0.0184487
5256.57	0.0183636
5309.14	0.018277
5362.23	0.0181889
5415.85	0.0180992
5470.01	0.0180079
5524.71	0.0179151
5579.96	0.0178206
5635.76	0.0177245
5692.12	0.0176266
5749.04	0.0175271
5806.53	0.0174258
5864.59	0.0173228
5923.24	0.017218
5982.47	0.0171113
6042.3	0.0170028
6102.72	0.0168924
6163.75	0.0167801
6225.38	0.0166658
6287.64	0.0165496
6350.51	0.0164314
6414.02	0.0163111
6478.16	0.0161888
6542.94	0.0160644
6608.37	0.0159378
6674.45	0.0158091
6741.2	0.0156783
6808.61	0.0155452
6876.7	0.0154099
6945.46	0.0152723
7014.92	0.0151324
7085.07	0.0149902
7155.92	0.0148457
7227.48	0.0146987
7299.75	0.0145494
7372.75	0.0143976
7446.48	0.0142433
7520.94	0.0140866
7596.15	0.0139273
7672.11	0.0137655
7748.83	0.0136011
7826.32	0.0134342
7904.59	0.0132646
7983.63	0.0130924
8063.47	0.0129175
8144.1	0.01274
8225.54	0.0125597
8307.8	0.0123768
8390.88	0.0121911
8474.79	0.0120027
8559.53	0.0118115
8645.13	0.0116176
8731.58	0.0114209
8818.9	0.0112215
8907.09	0.0110193
8996.16	0.0108143
9086.12	0.0106065
9176.98	0.0103959
9268.75	0.0101826
9361.44	0.0099666
9455.05	0.00974784
9549.6	0.00952638
9645.1	0.00930223
9741.55	0.00907545
9838.96	0.00884605
9937.35	0.00861408
10036.7	0.0083796
10137.1	0.00814266
10238.5	0.00790331
10340.9	0.00766163
10444.3	0.00741771
10548.7	0.00717162
10654.2	0.00692346
10760.7	0.00667336
10868.3	0.00642141
10977	0.00616777
11086.8	0.00591258
11197.7	0.00565601
11309.6	0.00539822
11422.7	0.00513943
11537	0.00487985
11652.3	0.00461973
11768.9	0.00435933
11886.5	0.00409894
12005.4	0.0038389
12125.5	0.00357956
12246.7	0.00332131
12369.2	0.00306462
12492.9	0.00280996
12617.8	0.00255789
12744	0.00230903
12871.4	0.00206408
13000.1	0.00182383
13130.1	0.00158918
13261.4	0.00136119
13394.1	0.00114108
13528	0.000930302
13663.3	0.00073061
13799.9	0.000544201
13937.9	0.000373923
14077.3	0.000223718
14218.1	9.96948e-05
14360.2	1.41134e-05
