1e-06	13462.8
1.1e-06	19710.9
1.21e-06	28858.8
1.331e-06	42252.2
1.4641e-06	61861.4
1.61051e-06	90571.2
1.77156e-06	132605
1.94872e-06	194147
2.14359e-06	284251
2.35795e-06	416169
2.59374e-06	609317
2.85312e-06	892102
3.13843e-06	1.30613e+06
3.45227e-06	1.91229e+06
3.7975e-06	2.7998e+06
4.17725e-06	4.09922e+06
4.59497e-06	6.00164e+06
5.05447e-06	8.78704e+06
5.55992e-06	1.28649e+07
6.11591e-06	1.88355e+07
6.7275e-06	2.75771e+07
7.40025e-06	4.03755e+07
8.14027e-06	5.91143e+07
8.9543e-06	8.65492e+07
9.84973e-06	1.26717e+08
1.08347e-05	1.85525e+08
1.19182e-05	2.71627e+08
1.311e-05	3.97689e+08
1.4421e-05	5.82256e+08
1.58631e-05	8.52479e+08
1.74494e-05	1.24811e+09
1.91943e-05	1.82736e+09
2.11138e-05	2.67543e+09
2.32252e-05	3.91708e+09
2.55477e-05	5.73497e+09
2.81024e-05	8.39652e+09
3.09127e-05	1.22933e+10
3.40039e-05	1.79984e+10
3.74043e-05	2.63513e+10
4.11448e-05	3.85804e+10
4.52593e-05	5.64848e+10
4.97852e-05	8.26981e+10
5.47637e-05	1.21076e+11
6.02401e-05	1.77263e+11
6.62641e-05	2.59523e+11
7.28905e-05	3.79954e+11
8.01795e-05	5.56266e+11
8.81975e-05	8.14387e+11
9.70172e-05	1.19227e+12
0.000106719	1.74547e+12
0.000117391	2.5553e+12
0.00012913	3.7408e+12
0.000142043	5.47616e+12
0.000156247	8.01633e+12
0.000171872	1.17344e+13
0.000189059	1.71762e+13
0.000207965	2.51404e+13
0.000228762	3.67951e+13
0.000251638	5.38488e+13
0.000276801	7.87996e+13
0.000304482	1.15299e+14
0.00033493	1.68682e+14
0.000368423	2.46743e+14
0.000405265	3.6086e+14
0.000445792	5.27634e+14
0.000490371	7.71269e+14
0.000539408	1.12703e+15
0.000593349	1.64621e+15
0.000652683	2.40341e+15
0.000717952	3.50681e+15
0.000789747	5.11318e+15
0.000868722	7.44903e+15
0.000955594	1.08409e+16
0.00105115	1.57578e+16
0.00115627	2.28712e+16
0.0012719	3.31373e+16
0.00139908	4.79112e+16
0.00153899	6.90992e+16
0.00169289	9.93637e+16
0.00186218	1.42387e+17
0.0020484	2.03205e+17
0.00225324	2.88621e+17
0.00247856	4.07681e+17
0.00272642	5.72205e+17
0.00299906	7.97331e+17
0.00329897	1.102e+18
0.00362887	1.50928e+18
0.00399175	2.04646e+18
0.00439093	2.74471e+18
0.00483002	3.63822e+18
0.00531302	4.76261e+18
0.00584432	6.15245e+18
0.00642876	7.83777e+18
0.00707163	9.83934e+18
0.0077788	1.21631e+19
0.00855668	1.47942e+19
0.00941234	1.76919e+19
0.0103536	2.0787e+19
0.0113889	2.39841e+19
0.0125278	2.71695e+19
0.0137806	3.02259e+19
0.0151587	3.30513e+19
0.0166745	3.55789e+19
0.018342	3.77915e+19
0.0201762	3.97267e+19
0.0221938	4.14684e+19
0.0244132	4.31298e+19
0.0268545	4.48331e+19
0.02954	4.66941e+19
0.032494	4.88164e+19
0.0357434	5.12946e+19
0.0393177	5.42227e+19
0.0432495	5.77022e+19
0.0475744	6.1849e+19
0.0523319	6.67985e+19
0.057565	7.27092e+19
0.0633215	7.97666e+19
0.0696537	8.81867e+19
0.0766191	9.82204e+19
0.084281	1.10157e+20
0.0927091	1.2433e+20
0.10198	1.41118e+20
0.112178	1.60951e+20
0.123396	1.84315e+20
0.135735	2.11751e+20
0.149309	2.43857e+20
0.16424	2.8129e+20
0.180664	3.24752e+20
0.19873	3.74979e+20
0.218603	4.32726e+20
0.240463	4.98734e+20
0.26451	5.73701e+20
0.290961	6.58242e+20
0.320057	7.52843e+20
0.352063	8.57818e+20
0.387269	9.7325e+20
0.425996	1.09894e+21
0.468595	1.23437e+21
0.515455	1.37861e+21
0.567	1.53034e+21
0.6237	1.68779e+21
0.68607	1.84878e+21
0.754677	2.01073e+21
0.830145	2.17074e+21
0.91316	2.32568e+21
1.00448	2.47234e+21
1.10492	2.60762e+21
1.21542	2.72874e+21
1.33696	2.83352e+21
1.47065	2.92055e+21
1.61772	2.98946e+21
1.77949	3.04096e+21
1.95744	3.07689e+21
2.15318	3.09997e+21
2.3685	3.1134e+21
2.60535	3.12034e+21
2.86589	3.12346e+21
3.15247	3.12465e+21
3.46772	3.12501e+21
3.81449	3.1251e+21
4.19594	3.12512e+21
4.61554	3.12512e+21
5.07709	3.12512e+21
5.5848	3.12512e+21
6.14328	3.12512e+21
6.75761	3.12512e+21
7.43337	3.12512e+21
8.17671	3.12512e+21
8.99438	3.12512e+21
9.89382	3.12512e+21
10.8832	3.12512e+21
11.9715	3.12512e+21
13.1687	3.12512e+21
14.4855	3.12512e+21
15.9341	3.12512e+21
17.5275	3.12512e+21
19.2802	3.12512e+21
21.2083	3.12512e+21
23.3291	3.12512e+21
25.662	3.12512e+21
28.2282	3.12512e+21
31.051	3.12512e+21
34.1561	3.12512e+21
37.5717	3.12512e+21
41.3289	3.12512e+21
45.4618	3.12512e+21
50.008	3.12512e+21
55.0088	3.12512e+21
60.5097	3.12512e+21
66.5606	3.12512e+21
73.2167	3.12512e+21
80.5384	3.12512e+21
88.5922	3.12512e+21
97.4514	3.12512e+21
107.197	3.12501e+21
117.916	3.12479e+21
129.708	3.12443e+21
142.679	3.12381e+21
156.947	3.12282e+21
172.641	3.12115e+21
189.905	3.11854e+21
208.896	3.1145e+21
229.785	3.10846e+21
252.764	3.10071e+21
278.04	3.09237e+21
305.844	3.08861e+21
336.429	3.08733e+21
370.072	3.08622e+21
407.079	3.08508e+21
447.787	3.08373e+21
492.565	3.08213e+21
541.822	3.08013e+21
596.004	3.07748e+21
655.605	3.07408e+21
721.165	3.06937e+21
793.281	3.06321e+21
872.61	3.05492e+21
959.871	3.0433e+21
1055.86	3.02745e+21
1161.44	3.0058e+21
1277.59	2.97774e+21
1405.35	2.93981e+21
1545.88	2.8885e+21
1700.47	2.82306e+21
1870.52	2.73389e+21
2057.57	2.61986e+21
2263.32	2.48567e+21
2489.66	2.30705e+21
2738.62	2.11039e+21
3012.49	1.89012e+21
3313.73	1.6388e+21
3645.11	1.38696e+21
4009.62	1.12244e+21
4410.58	8.84948e+20
4851.64	6.71503e+20
5336.8	4.8817e+20
5870.48	3.463e+20
6457.53	2.33012e+20
7103.28	1.03978e+20
7813.61	5.28699e+19
8594.97	1.99036e+19
9454.47	4.53399e+18
