1e-06	1.28258e-38
1.1e-06	2.74932e-38
1.21e-06	5.89341e-38
1.331e-06	1.2633e-37
1.4641e-06	2.708e-37
1.61051e-06	5.80485e-37
1.77156e-06	1.24432e-36
1.94872e-06	2.66731e-36
2.14359e-06	5.71762e-36
2.35795e-06	1.22562e-35
2.59374e-06	2.62723e-35
2.85312e-06	5.6317e-35
3.13843e-06	1.20721e-34
3.45227e-06	2.58775e-34
3.7975e-06	5.54708e-34
4.17725e-06	1.18906e-33
4.59497e-06	2.54887e-33
5.05447e-06	5.46372e-33
5.55992e-06	1.1712e-32
6.11591e-06	2.51057e-32
6.7275e-06	5.38162e-32
7.40025e-06	1.1536e-31
8.14027e-06	2.47284e-31
8.9543e-06	5.30075e-31
9.84973e-06	1.13626e-30
1.08347e-05	2.43568e-30
1.19182e-05	5.2211e-30
1.311e-05	1.11919e-29
1.4421e-05	2.39908e-29
1.58631e-05	5.14264e-29
1.74494e-05	1.10237e-28
1.91943e-05	2.36303e-28
2.11138e-05	5.06535e-28
2.32252e-05	1.0858e-27
2.55477e-05	2.32746e-27
2.81024e-05	4.98898e-27
3.09127e-05	1.06938e-26
3.40039e-05	2.29214e-26
3.74043e-05	4.91294e-26
4.11448e-05	1.053e-25
4.52593e-05	2.25688e-25
4.97852e-05	4.83699e-25
5.47637e-05	1.03665e-24
6.02401e-05	2.22163e-24
6.62641e-05	4.76099e-24
7.28905e-05	1.02024e-23
8.01795e-05	2.18615e-23
8.81975e-05	4.68409e-23
9.70172e-05	1.00354e-22
0.000106719	2.14977e-22
0.000117391	4.6046e-22
0.00012913	9.86099e-22
0.000142043	2.11137e-21
0.000156247	4.51962e-21
0.000171872	9.67198e-21
0.000189059	2.06907e-20
0.000207965	4.42439e-20
0.000228762	9.45606e-20
0.000251638	2.01976e-19
0.000276801	4.3109e-19
0.000304482	9.19283e-19
0.00033493	1.95824e-18
0.000368423	4.16605e-18
0.000405265	8.84939e-18
0.000445792	1.8763e-17
0.000490371	3.9695e-17
0.000539408	8.37588e-17
0.000593349	1.76188e-16
0.000652683	3.69253e-16
0.000717952	7.70533e-16
0.000789747	1.59977e-15
0.000868722	3.30185e-15
0.000955594	6.76844e-15
0.00105115	1.37661e-14
0.00115627	2.77492e-14
0.0012719	5.53744e-14
0.00139908	1.09262e-13
0.00153899	2.12921e-13
0.00169289	4.0931e-13
0.00186218	7.75342e-13
0.0020484	1.44581e-12
0.00225324	2.6518e-12
0.00247856	4.7806e-12
0.00272642	8.4669e-12
0.00299906	1.47282e-11
0.00329897	2.51615e-11
0.00362887	4.22245e-11
0.00399175	6.96329e-11
0.00439093	1.12918e-10
0.00483002	1.80215e-10
0.00531302	2.83371e-10
0.00584432	4.39547e-10
0.00642876	6.73532e-10
0.00707163	1.02113e-09
0.0077788	1.5342e-09
0.00855668	2.28803e-09
0.00941234	3.39239e-09
0.0103536	5.00769e-09
0.0113889	7.36887e-09
0.0125278	1.08204e-08
0.0137806	1.58671e-08
0.0151587	2.32494e-08
0.0166745	3.40518e-08
0.018342	4.98627e-08
0.0201762	7.30082e-08
0.0221938	1.06893e-07
0.0244132	1.56503e-07
0.0268545	2.29137e-07
0.02954	3.35479e-07
0.032494	4.91175e-07
0.0357434	7.19129e-07
0.0393177	1.05288e-06
0.0432495	1.54152e-06
0.0475744	2.25694e-06
0.0523319	3.30438e-06
0.057565	4.83794e-06
0.0633215	7.08323e-06
0.0696537	1.03706e-05
0.0766191	1.51835e-05
0.084281	2.22302e-05
0.0927091	3.25473e-05
0.10198	4.76525e-05
0.112178	6.97681e-05
0.123396	0.000102147
0.135735	0.000149554
0.149309	0.000218962
0.16424	0.000320583
0.180664	0.000469366
0.19873	0.0006872
0.218603	0.00100613
0.240463	0.00147308
0.26451	0.00215674
0.290961	0.00315769
0.320057	0.00462319
0.352063	0.00676883
0.387269	0.00991029
0.425996	0.0145097
0.468595	0.0212439
0.515455	0.0311034
0.567	0.0455389
0.6237	0.0666743
0.68607	0.0976191
0.754677	0.142927
0.830145	0.209263
0.91316	0.30639
1.00448	0.448599
1.10492	0.656818
1.21542	0.96169
1.33696	1.40809
1.47065	2.06171
1.61772	3.01879
1.77949	4.42023
1.95744	6.4724
2.15318	9.47755
2.3685	13.8784
2.60535	20.3235
2.86589	29.763
3.15247	43.589
3.46772	63.8417
3.81449	93.5115
4.19594	136.983
4.61554	200.685
5.07709	294.051
5.5848	430.925
6.14328	631.636
6.75761	926.056
7.43337	1358.11
8.17671	1992.45
8.99438	2924.35
9.89382	4294.38
10.8832	6310.33
11.9715	9279.97
13.1687	13660.3
14.4855	20132.3
15.9341	29714
17.5275	43936.2
19.2802	65113.3
21.2083	96774.5
23.3291	144357
25.662	216355
28.2282	326306
31.051	496282
34.1561	763141
37.5717	1.18971e+06
41.3289	1.88286e+06
45.4618	3.01946e+06
50.008	4.87751e+06
55.0088	7.85452e+06
60.5097	1.24695e+07
66.5606	1.9273e+07
73.2167	2.87494e+07
80.5384	4.09637e+07
88.5922	5.54883e+07
97.4514	7.08354e+07
107.197	8.45688e+07
117.916	9.34357e+07
129.708	9.43261e+07
142.679	8.4803e+07
156.947	6.62074e+07
172.641	4.25199e+07
189.905	2.08057e+07
208.896	6.82229e+06
229.785	1.17237e+06
252.764	59664.6
278.04	66.152
305.844	0
336.429	0
370.072	0
407.079	0
447.787	0
492.565	0
541.822	0
596.004	0
655.605	0
721.165	0
793.281	0
872.61	0
959.871	0
1055.86	0
1161.44	0
1277.59	0
1405.35	0
1545.88	0
1700.47	0
1870.52	0
2057.57	0
2263.32	0
2489.66	0
2738.62	0
3012.49	0
3313.73	0
3645.11	0
4009.62	0
4410.58	0
4851.64	0
5336.8	0
5870.48	0
6457.53	0
7103.28	0
7813.61	0
8594.97	0
9454.47	0
