0.0001	1.3659e-06
0.000101	1.33905e-06
0.00010201	1.31271e-06
0.00010303	1.28673e-06
0.00010406	1.26147e-06
0.000105101	1.23646e-06
0.000106152	1.21217e-06
0.000107214	1.18836e-06
0.000108286	1.16493e-06
0.000109369	1.1419e-06
0.000110462	1.11947e-06
0.000111567	1.09732e-06
0.000112683	1.07582e-06
0.000113809	1.0546e-06
0.000114947	1.0338e-06
0.000116097	1.01348e-06
0.000117258	9.93395e-07
0.00011843	9.7386e-07
0.000119615	9.54719e-07
0.000120811	9.35882e-07
0.000122019	9.17499e-07
0.000123239	8.99347e-07
0.000124472	8.81655e-07
0.000125716	8.64257e-07
0.000126973	8.47263e-07
0.000128243	8.30596e-07
0.000129526	8.14156e-07
0.000130821	7.98115e-07
0.000132129	7.82396e-07
0.00013345	7.66975e-07
0.000134785	7.51888e-07
0.000136133	7.37074e-07
0.000137494	7.22512e-07
0.000138869	7.08325e-07
0.000140258	6.94309e-07
0.00014166	6.80699e-07
0.000143077	6.67232e-07
0.000144508	6.54115e-07
0.000145953	6.41211e-07
0.000147412	6.28599e-07
0.000148886	6.1617e-07
0.000150375	6.04062e-07
0.000151879	5.92156e-07
0.000153398	5.80487e-07
0.000154932	5.6907e-07
0.000156481	5.57816e-07
0.000158046	5.46857e-07
0.000159626	5.36076e-07
0.000161223	5.25496e-07
0.000162835	5.15163e-07
0.000164463	5.04998e-07
0.000166108	4.95052e-07
0.000167769	4.85298e-07
0.000169447	4.75743e-07
0.000171141	4.66368e-07
0.000172852	4.57161e-07
0.000174581	4.4816e-07
0.000176327	4.39316e-07
0.00017809	4.30675e-07
0.000179871	4.22182e-07
0.00018167	4.13873e-07
0.000183486	4.05716e-07
0.000185321	3.97718e-07
0.000187174	3.89892e-07
0.000189046	3.82205e-07
0.000190937	3.74672e-07
0.000192846	3.67289e-07
0.000194774	3.60053e-07
0.000196722	3.52961e-07
0.000198689	3.46e-07
0.000200676	3.39189e-07
0.000202683	3.32506e-07
0.00020471	3.25956e-07
0.000206757	3.19528e-07
0.000208825	3.13233e-07
0.000210913	3.07067e-07
0.000213022	3.01012e-07
0.000215152	2.95081e-07
0.000217304	2.89268e-07
0.000219477	2.83571e-07
0.000221672	2.77978e-07
0.000223888	2.72506e-07
0.000226127	2.67134e-07
0.000228388	2.61869e-07
0.000230672	2.56715e-07
0.000232979	2.51653e-07
0.000235309	2.46694e-07
0.000237662	2.41836e-07
0.000240038	2.37067e-07
0.000242439	2.32399e-07
0.000244863	2.27818e-07
0.000247312	2.2333e-07
0.000249785	2.18926e-07
0.000252283	2.14613e-07
0.000254806	2.10386e-07
0.000257354	2.06241e-07
0.000259927	2.02176e-07
0.000262527	1.98195e-07
0.000265152	1.94289e-07
0.000267803	1.90461e-07
0.000270481	1.86709e-07
0.000273186	1.83029e-07
0.000275918	1.79425e-07
0.000278677	1.75888e-07
0.000281464	1.72423e-07
0.000284279	1.69026e-07
0.000287121	1.65698e-07
0.000289993	1.62432e-07
0.000292893	1.59231e-07
0.000295822	1.56094e-07
0.00029878	1.53018e-07
0.000301768	1.50004e-07
0.000304785	1.47048e-07
0.000307833	1.44151e-07
0.000310911	1.41309e-07
0.00031402	1.38526e-07
0.000317161	1.35798e-07
0.000320332	1.33121e-07
0.000323536	1.305e-07
0.000326771	1.27927e-07
0.000330039	1.25409e-07
0.000333339	1.22937e-07
0.000336672	1.20515e-07
0.000340039	1.18141e-07
0.00034344	1.15813e-07
0.000346874	1.13531e-07
0.000350343	1.11295e-07
0.000353846	1.09102e-07
0.000357385	1.06952e-07
0.000360958	1.04846e-07
0.000364568	1.02779e-07
0.000368214	1.00754e-07
0.000371896	9.87702e-08
0.000375615	9.68246e-08
0.000379371	9.49167e-08
0.000383165	9.30469e-08
0.000386996	9.12141e-08
0.000390866	8.94168e-08
0.000394775	8.76556e-08
0.000398723	8.59289e-08
0.00040271	8.42364e-08
0.000406737	8.25768e-08
0.000410804	8.09503e-08
0.000414912	7.93556e-08
0.000419062	7.77924e-08
0.000423252	7.62601e-08
0.000427485	7.47578e-08
0.00043176	7.32855e-08
0.000436077	7.18415e-08
0.000440438	7.04264e-08
0.000444842	6.90397e-08
0.000449291	6.76795e-08
0.000453784	6.63467e-08
0.000458321	6.50397e-08
0.000462905	6.37588e-08
0.000467534	6.2503e-08
0.000472209	6.12723e-08
0.000476931	6.00655e-08
0.0004817	5.88825e-08
0.000486517	5.77229e-08
0.000491383	5.6586e-08
0.000496296	5.54718e-08
0.000501259	5.43795e-08
0.000506272	5.33084e-08
0.000511335	5.22589e-08
0.000516448	5.12298e-08
0.000521613	5.02212e-08
0.000526829	4.92321e-08
0.000532097	4.82627e-08
0.000537418	4.73125e-08
0.000542792	4.63811e-08
0.00054822	4.54679e-08
0.000553702	4.45727e-08
0.000559239	4.36954e-08
0.000564832	4.28352e-08
0.00057048	4.19919e-08
0.000576185	4.11654e-08
0.000581947	4.03551e-08
0.000587766	3.95608e-08
0.000593644	3.87823e-08
0.00059958	3.8019e-08
0.000605576	3.72708e-08
0.000611632	3.65373e-08
0.000617748	3.58184e-08
0.000623926	3.51135e-08
0.000630165	3.44227e-08
0.000636466	3.37455e-08
0.000642831	3.30816e-08
0.000649259	3.24308e-08
0.000655752	3.17929e-08
0.00066231	3.11676e-08
0.000668933	3.05546e-08
0.000675622	2.99537e-08
0.000682378	2.93647e-08
0.000689202	2.87873e-08
0.000696094	2.82213e-08
0.000703055	2.76664e-08
0.000710085	2.71226e-08
0.000717186	2.65895e-08
0.000724358	2.60669e-08
0.000731602	2.55547e-08
0.000738918	2.50525e-08
0.000746307	2.45602e-08
0.00075377	2.40777e-08
0.000761308	2.36048e-08
0.000768921	2.31412e-08
0.00077661	2.26867e-08
0.000784376	2.22413e-08
0.00079222	2.18046e-08
0.000800142	2.13766e-08
0.000808144	2.09571e-08
0.000816225	2.05458e-08
0.000824387	2.01427e-08
0.000832631	1.97476e-08
0.000840957	1.93603e-08
0.000849367	1.89807e-08
0.000857861	1.86085e-08
0.000866439	1.82437e-08
0.000875104	1.78862e-08
0.000883855	1.75358e-08
0.000892693	1.71923e-08
0.00090162	1.68556e-08
0.000910636	1.65256e-08
0.000919743	1.62021e-08
0.00092894	1.5885e-08
0.00093823	1.55743e-08
0.000947612	1.52697e-08
0.000957088	1.49711e-08
0.000966659	1.46785e-08
0.000976325	1.43917e-08
0.000986089	1.41106e-08
0.00099595	1.38351e-08
0.00100591	1.35651e-08
0.00101597	1.33004e-08
0.00102613	1.3041e-08
0.00103639	1.27868e-08
0.00104675	1.25377e-08
0.00105722	1.22935e-08
0.00106779	1.20541e-08
0.00107847	1.18196e-08
0.00108926	1.15897e-08
0.00110015	1.13645e-08
0.00111115	1.11437e-08
0.00112226	1.09273e-08
0.00113348	1.07153e-08
0.00114482	1.05075e-08
0.00115627	1.03039e-08
0.00116783	1.01044e-08
0.00117951	9.90884e-09
0.0011913	9.71723e-09
0.00120322	9.52947e-09
0.00121525	9.3455e-09
0.0012274	9.16522e-09
0.00123967	8.98858e-09
0.00125207	8.81549e-09
0.00126459	8.64591e-09
0.00127724	8.47975e-09
0.00129001	8.31695e-09
0.00130291	8.15746e-09
0.00131594	8.00119e-09
0.0013291	7.8481e-09
0.00134239	7.69812e-09
0.00135581	7.55119e-09
0.00136937	7.40725e-09
0.00138307	7.26626e-09
0.0013969	7.12815e-09
0.00141086	6.99287e-09
0.00142497	6.86037e-09
0.00143922	6.73058e-09
0.00145362	6.60347e-09
0.00146815	6.47898e-09
0.00148283	6.35707e-09
0.00149766	6.23768e-09
0.00151264	6.12077e-09
0.00152776	6.00629e-09
0.00154304	5.8942e-09
0.00155847	5.78446e-09
0.00157406	5.67701e-09
0.0015898	5.57183e-09
0.0016057	5.46887e-09
0.00162175	5.36808e-09
0.00163797	5.26944e-09
0.00165435	5.1729e-09
0.00167089	5.07842e-09
0.0016876	4.98597e-09
0.00170448	4.89551e-09
0.00172152	4.80701e-09
0.00173874	4.72044e-09
0.00175613	4.63575e-09
0.00177369	4.55292e-09
0.00179142	4.47192e-09
0.00180934	4.39272e-09
0.00182743	4.31529e-09
0.00184571	4.23959e-09
0.00186416	4.1656e-09
0.0018828	4.0933e-09
0.00190163	4.02265e-09
0.00192065	3.95364e-09
0.00193986	3.88623e-09
0.00195925	3.8204e-09
0.00197885	3.75613e-09
0.00199864	3.6934e-09
0.00201862	3.63218e-09
0.00203881	3.57245e-09
0.0020592	3.5142e-09
0.00207979	3.4574e-09
0.00210059	3.40204e-09
0.00212159	3.3481e-09
0.00214281	3.29556e-09
0.00216424	3.2444e-09
0.00218588	3.19462e-09
0.00220774	3.14619e-09
0.00222981	3.09911e-09
0.00225211	3.05336e-09
0.00227463	3.00893e-09
0.00229738	2.96581e-09
0.00232035	2.924e-09
0.00234356	2.88348e-09
0.00236699	2.84424e-09
0.00239066	2.80628e-09
0.00241457	2.7696e-09
0.00243871	2.7342e-09
0.0024631	2.70006e-09
0.00248773	2.66719e-09
0.00251261	2.63558e-09
0.00253774	2.60525e-09
0.00256311	2.57618e-09
0.00258874	2.54839e-09
0.00261463	2.52188e-09
0.00264078	2.49665e-09
0.00266719	2.4727e-09
0.00269386	2.45005e-09
0.0027208	2.42871e-09
0.002748	2.40867e-09
0.00277548	2.38994e-09
0.00280324	2.37253e-09
0.00283127	2.35645e-09
0.00285958	2.34168e-09
0.00288818	2.32824e-09
0.00291706	2.3161e-09
0.00294623	2.30524e-09
0.0029757	2.29565e-09
0.00300545	2.28727e-09
0.00303551	2.28004e-09
0.00306586	2.27388e-09
0.00309652	2.26867e-09
0.00312749	2.26425e-09
0.00315876	2.26044e-09
0.00319035	2.25698e-09
0.00322225	2.25358e-09
0.00325447	2.24986e-09
0.00328702	2.24538e-09
0.00331989	2.23965e-09
0.00335309	2.23212e-09
0.00338662	2.22221e-09
0.00342049	2.20934e-09
0.00345469	2.19299e-09
0.00348924	2.17275e-09
0.00352413	2.14833e-09
0.00355937	2.11969e-09
0.00359496	2.08696e-09
0.00363091	2.05051e-09
0.00366722	2.01091e-09
0.0037039	1.96886e-09
0.00374093	1.92513e-09
0.00377834	1.88052e-09
0.00381613	1.8358e-09
0.00385429	1.79166e-09
0.00389283	1.74872e-09
0.00393176	1.70749e-09
0.00397108	1.66841e-09
0.00401079	1.63181e-09
0.0040509	1.59798e-09
0.0040914	1.56714e-09
0.00413232	1.5395e-09
0.00417364	1.51521e-09
0.00421538	1.49447e-09
0.00425753	1.47743e-09
0.00430011	1.4643e-09
0.00434311	1.4553e-09
0.00438654	1.45073e-09
0.0044304	1.45091e-09
0.00447471	1.45625e-09
0.00451946	1.46725e-09
0.00456465	1.48447e-09
0.0046103	1.50856e-09
0.0046564	1.54015e-09
0.00470296	1.57971e-09
0.00474999	1.62717e-09
0.00479749	1.68117e-09
0.00484547	1.73773e-09
0.00489392	1.78848e-09
0.00494286	1.82007e-09
0.00499229	1.81807e-09
0.00504221	1.77623e-09
0.00509264	1.70221e-09
0.00514356	1.61189e-09
0.005195	1.51963e-09
0.00524695	1.43411e-09
0.00529942	1.35915e-09
0.00535241	1.29581e-09
0.00540594	1.24389e-09
0.00546	1.20275e-09
0.0055146	1.17175e-09
0.00556974	1.15037e-09
0.00562544	1.13828e-09
0.00568169	1.13534e-09
0.00573851	1.1415e-09
0.00579589	1.15661e-09
0.00585385	1.17998e-09
0.00591239	1.20955e-09
0.00597152	1.24054e-09
0.00603123	1.26431e-09
0.00609154	1.26971e-09
0.00615246	1.24941e-09
0.00621398	1.20635e-09
0.00627612	1.15176e-09
0.00633888	1.09727e-09
0.00640227	1.05047e-09
0.0064663	1.01524e-09
0.00653096	9.93474e-10
0.00659627	9.86587e-10
0.00666223	9.96471e-10
0.00672885	1.02628e-09
0.00679614	1.08112e-09
0.0068641	1.16776e-09
0.00693275	1.28747e-09
0.00700207	1.39896e-09
0.00707209	1.38337e-09
0.00714281	1.2393e-09
0.00721424	1.09067e-09
0.00728638	9.81319e-10
0.00735925	9.08945e-10
0.00743284	8.65941e-10
0.00750717	8.47157e-10
0.00758224	8.49893e-10
0.00765806	8.72338e-10
0.00773464	9.09863e-10
0.00781199	9.47156e-10
0.00789011	9.54815e-10
0.00796901	9.18097e-10
0.0080487	8.61259e-10
0.00812919	8.13617e-10
0.00821048	7.88871e-10
0.00829259	7.93381e-10
0.00837551	8.35968e-10
0.00845927	9.36983e-10
0.00854386	1.13593e-09
0.0086293	1.31274e-09
0.00871559	1.07855e-09
0.00880275	8.72192e-10
0.00889077	7.66704e-10
0.00897968	7.21756e-10
0.00906948	7.19218e-10
0.00916017	7.50415e-10
0.00925178	7.94615e-10
0.00934429	7.95919e-10
0.00943774	7.38209e-10
0.00953211	6.81425e-10
0.00962743	6.59513e-10
0.00972371	6.84542e-10
0.00982095	7.78031e-10
0.00991916	9.62103e-10
0.0100183	9.37848e-10
0.0101185	7.44871e-10
0.0102197	6.53015e-10
0.0103219	6.36223e-10
0.0104251	6.78376e-10
0.0105294	7.44853e-10
0.0106347	7.11714e-10
0.010741	6.28206e-10
0.0108484	5.97178e-10
0.0109569	6.39473e-10
0.0110665	7.81883e-10
0.0111772	7.99404e-10
0.0112889	6.24691e-10
0.0114018	5.55213e-10
0.0115158	5.66527e-10
0.011631	6.28866e-10
0.0117473	6.20486e-10
0.0118648	5.55912e-10
0.0119834	5.62184e-10
0.0121033	7.23265e-10
0.0122243	9.82004e-10
0.0123465	5.99726e-10
0.01247	5.21012e-10
0.0125947	5.54233e-10
0.0127206	5.79066e-10
0.0128478	5.0343e-10
0.0129763	4.94854e-10
0.0131061	6.20013e-10
0.0132372	6.41815e-10
0.0133695	4.94696e-10
0.0135032	5.03407e-10
0.0136383	5.83978e-10
0.0137746	4.95935e-10
0.0139124	4.89712e-10
0.0140515	6.96553e-10
0.014192	5.24679e-10
0.0143339	4.43075e-10
0.0144773	5.02169e-10
0.0146221	4.64583e-10
0.0147683	4.4962e-10
0.014916	6.89645e-10
0.0150651	4.75859e-10
0.0152158	4.33434e-10
0.0153679	4.85975e-10
0.0155216	4.11487e-10
0.0156768	5.24895e-10
0.0158336	5.04044e-10
0.0159919	4.15362e-10
0.0161518	4.85895e-10
0.0163134	3.9483e-10
0.0164765	5.23036e-10
0.0166413	4.01137e-10
0.0168077	4.02896e-10
0.0169757	4.04849e-10
0.0171455	4.38237e-10
0.017317	5.15069e-10
0.0174901	3.82617e-10
0.017665	3.98215e-10
0.0178417	3.80062e-10
0.0180201	4.36443e-10
0.0182003	3.71966e-10
0.0183823	3.76934e-10
0.0185661	4.33319e-10
0.0187518	3.58069e-10
0.0189393	3.91951e-10
0.0191287	3.41376e-10
0.01932	5.16681e-10
0.0195132	3.44171e-10
0.0197083	3.29731e-10
0.0199054	4.82225e-10
0.0201045	3.24681e-10
0.0203055	3.3842e-10
0.0205086	4.39143e-10
0.0207136	3.07199e-10
0.0209208	3.23869e-10
0.02113	7.18067e-10
0.0213413	3.18733e-10
0.0215547	2.90063e-10
0.0217702	3.44213e-10
0.0219879	3.57698e-10
0.0222078	3.58117e-10
0.0224299	2.85272e-10
0.0226542	2.86718e-10
0.0228807	3.43613e-10
0.0231095	3.17661e-10
0.0233406	4.13288e-10
0.0235741	3.11523e-10
0.0238098	3.0289e-10
0.0240479	2.64972e-10
0.0242884	2.77263e-10
0.0245313	2.66926e-10
0.0247766	2.56086e-10
0.0250243	2.58599e-10
0.0252746	2.5855e-10
0.0255273	2.47363e-10
0.0257826	2.62181e-10
0.0260404	2.57218e-10
0.0263008	2.99853e-10
0.0265638	2.88833e-10
0.0268295	3.27669e-10
0.0270978	2.57037e-10
0.0273687	2.48331e-10
0.0276424	2.37322e-10
0.0279189	2.6687e-10
0.028198	3.13249e-10
0.02848	2.27821e-10
0.0287648	2.33746e-10
0.0290525	3.23143e-10
0.029343	2.20923e-10
0.0296364	2.39367e-10
0.0299328	2.57752e-10
0.0302321	2.30623e-10
0.0305344	2.36998e-10
0.0308398	2.13695e-10
0.0311482	2.44376e-10
0.0314597	2.63068e-10
0.0317743	2.03074e-10
0.032092	2.31129e-10
0.0324129	2.12008e-10
0.032737	1.9888e-10
0.0330644	2.43888e-10
0.0333951	3.43468e-10
0.033729	2.20438e-10
0.0340663	1.93821e-10
0.034407	1.91072e-10
0.034751	1.81479e-10
0.0350985	1.89984e-10
0.0354495	1.83965e-10
0.035804	1.78187e-10
0.0361621	1.7913e-10
0.0365237	1.84894e-10
0.0368889	1.97815e-10
0.0372578	2.66595e-10
0.0376304	2.15032e-10
0.0380067	1.71208e-10
0.0383868	1.85306e-10
0.0387706	1.73387e-10
0.0391583	1.79827e-10
0.0395499	2.23992e-10
0.0399454	1.6976e-10
0.0403449	1.67732e-10
0.0407483	2.17348e-10
0.0411558	1.55128e-10
0.0415674	1.55567e-10
0.041983	1.87434e-10
0.0424029	1.78365e-10
0.0428269	2.22337e-10
0.0432552	1.71041e-10
0.0436877	2.10228e-10
0.0441246	1.66782e-10
0.0445658	1.82323e-10
0.0450115	1.41133e-10
0.0454616	1.42859e-10
0.0459162	2.03599e-10
0.0463754	1.38978e-10
0.0468391	1.65407e-10
0.0473075	1.39436e-10
0.0477806	1.81821e-10
0.0482584	1.69836e-10
0.048741	1.40875e-10
0.0492284	1.33056e-10
0.0497207	1.29129e-10
0.0502179	1.30156e-10
0.0507201	1.28168e-10
0.0512273	1.32354e-10
0.0517396	2.36757e-10
0.052257	1.41622e-10
0.0527795	1.28738e-10
0.0533073	1.29455e-10
0.0538404	1.5318e-10
0.0543788	1.15834e-10
0.0549226	1.23512e-10
0.0554718	1.4682e-10
0.0560265	1.23992e-10
0.0565868	1.32669e-10
0.0571527	1.14132e-10
0.0577242	1.16494e-10
0.0583014	1.38576e-10
0.0588844	1.20449e-10
0.0594733	1.1456e-10
0.060068	1.30387e-10
0.0606687	1.23161e-10
0.0612754	1.18339e-10
0.0618881	1.25368e-10
0.062507	1.21714e-10
0.0631321	1.02146e-10
0.0637634	1.5004e-10
0.0644011	9.81001e-11
0.0650451	1.05374e-10
0.0656955	1.61776e-10
0.0663525	1.10639e-10
0.067016	1.10772e-10
0.0676862	9.61056e-11
0.068363	1.08388e-10
0.0690466	9.55547e-11
0.0697371	1.08649e-10
0.0704345	1.26025e-10
0.0711388	1.26342e-10
0.0718502	9.45733e-11
0.0725687	9.32982e-11
0.0732944	8.94734e-11
0.0740273	1.23661e-10
0.0747676	9.77419e-11
0.0755153	1.33986e-10
0.0762705	9.13198e-11
0.0770332	8.23029e-11
0.0778035	9.8707e-11
0.0785815	1.33273e-10
0.0793673	1.17181e-10
0.080161	8.97271e-11
0.0809626	8.28477e-11
0.0817722	8.22859e-11
0.08259	9.76455e-11
0.0834159	8.48487e-11
0.08425	7.71129e-11
0.0850925	1.19827e-10
0.0859435	8.59956e-11
0.0868029	8.20517e-11
0.0876709	1.10767e-10
0.0885476	7.58791e-11
0.0894331	8.55618e-11
0.0903274	9.74234e-11
0.0912307	7.40202e-11
0.092143	7.67835e-11
0.0930644	6.91771e-11
0.0939951	6.77234e-11
0.094935	7.78286e-11
0.0958844	6.75319e-11
0.0968432	6.92571e-11
0.0978117	7.02351e-11
0.0987898	7.11677e-11
0.0997777	7.418e-11
0.100775	7.60914e-11
0.101783	6.40314e-11
0.102801	6.72159e-11
0.103829	6.2766e-11
0.104867	7.07758e-11
0.105916	6.60876e-11
0.106975	6.95467e-11
0.108045	6.04577e-11
0.109125	6.10464e-11
0.110217	7.04543e-11
0.111319	5.90226e-11
0.112432	5.97713e-11
0.113556	8.91179e-11
0.114692	6.50759e-11
0.115839	6.10113e-11
0.116997	1.20413e-10
0.118167	6.23463e-11
0.119349	6.30945e-11
0.120542	7.9098e-11
0.121748	5.26694e-11
0.122965	5.25442e-11
0.124195	7.92779e-11
0.125437	6.1941e-11
0.126691	5.00082e-11
0.127958	5.14268e-11
0.129238	5.71556e-11
0.13053	6.17718e-11
0.131835	6.11179e-11
0.133154	7.11571e-11
0.134485	5.08333e-11
0.13583	8.38904e-11
0.137188	7.91688e-11
0.13856	4.7377e-11
0.139946	4.77336e-11
0.141345	4.66894e-11
0.142759	5.66847e-11
0.144186	4.95613e-11
0.145628	4.46809e-11
0.147085	4.98572e-11
0.148555	6.91252e-11
0.150041	5.02578e-11
0.151541	4.90542e-11
0.153057	4.25191e-11
0.154587	4.09466e-11
0.156133	4.9579e-11
0.157695	4.39216e-11
0.159271	6.98406e-11
0.160864	4.49241e-11
0.162473	4.56004e-11
0.164098	6.34489e-11
0.165739	3.89613e-11
0.167396	5.78415e-11
0.16907	3.73896e-11
0.170761	5.60329e-11
0.172468	4.27228e-11
0.174193	3.78811e-11
0.175935	3.70925e-11
0.177694	3.80331e-11
0.179471	5.41221e-11
0.181266	4.65299e-11
0.183078	3.58798e-11
0.184909	3.87567e-11
0.186758	3.81187e-11
0.188626	3.69083e-11
0.190512	3.43591e-11
0.192417	3.83738e-11
0.194341	3.72205e-11
0.196285	3.31701e-11
0.198248	4.60586e-11
0.20023	3.47056e-11
0.202232	3.15959e-11
0.204255	3.66981e-11
0.206297	3.15464e-11
0.20836	3.15078e-11
0.210444	4.583e-11
0.212548	3.50233e-11
0.214674	3.64246e-11
0.216821	3.45969e-11
0.218989	4.26816e-11
0.221179	3.12201e-11
0.22339	3.39912e-11
0.225624	3.70976e-11
0.227881	2.9693e-11
0.230159	2.83159e-11
0.232461	2.77854e-11
0.234786	4.42627e-11
0.237134	2.7738e-11
0.239505	2.71024e-11
0.2419	2.80978e-11
0.244319	2.66636e-11
0.246762	2.84128e-11
0.24923	4.51002e-11
0.251722	2.56531e-11
0.254239	2.5472e-11
0.256782	3.11726e-11
0.259349	2.88483e-11
0.261943	3.31098e-11
0.264562	2.48083e-11
0.267208	2.60048e-11
0.26988	2.40514e-11
0.272579	2.36657e-11
0.275305	2.65203e-11
0.278058	3.62168e-11
0.280838	2.30555e-11
0.283647	2.57503e-11
0.286483	2.31127e-11
0.289348	2.30436e-11
0.292241	2.35011e-11
0.295164	2.43038e-11
0.298115	3.0816e-11
0.301097	2.68417e-11
0.304108	2.34346e-11
0.307149	2.41085e-11
0.31022	2.9213e-11
0.313322	2.88199e-11
0.316456	2.16836e-11
0.31962	2.02004e-11
0.322816	2.22719e-11
0.326045	3.06494e-11
0.329305	1.93421e-11
0.332598	2.2968e-11
0.335924	1.96847e-11
0.339283	1.92767e-11
0.342676	2.18664e-11
0.346103	1.81492e-11
0.349564	2.10489e-11
0.353059	2.23073e-11
0.35659	2.55006e-11
0.360156	2.47337e-11
0.363758	1.89026e-11
0.367395	1.98798e-11
0.371069	1.88718e-11
0.37478	1.97943e-11
0.378528	1.74008e-11
0.382313	1.91171e-11
0.386136	2.09191e-11
0.389997	1.68316e-11
0.393897	2.06499e-11
0.397836	1.74485e-11
0.401815	1.78344e-11
0.405833	3.48235e-11
0.409891	1.92294e-11
0.41399	1.56425e-11
0.41813	1.57917e-11
0.422311	1.6315e-11
0.426534	1.88485e-11
0.4308	1.59611e-11
0.435108	1.58397e-11
0.439459	1.50329e-11
0.443853	1.5089e-11
0.448292	1.74437e-11
0.452775	1.58326e-11
0.457303	1.48806e-11
0.461876	1.60252e-11
0.466494	1.9963e-11
0.471159	1.59959e-11
0.475871	1.49776e-11
0.48063	1.82539e-11
0.485436	1.34735e-11
0.49029	1.36131e-11
0.495193	1.65253e-11
0.500145	1.41471e-11
0.505146	1.34377e-11
0.510198	1.47623e-11
0.5153	1.4949e-11
0.520453	1.21032e-11
0.525657	1.23542e-11
0.530914	1.25408e-11
0.536223	1.16935e-11
0.541585	1.20185e-11
0.547001	1.3045e-11
0.552471	1.50119e-11
0.557996	1.39645e-11
0.563576	1.35306e-11
0.569212	1.22934e-11
0.574904	1.79179e-11
0.580653	1.30639e-11
0.586459	1.15845e-11
0.592324	1.4609e-11
0.598247	1.22364e-11
0.60423	1.21855e-11
0.610272	1.28902e-11
0.616375	1.13022e-11
0.622538	1.0504e-11
0.628764	1.25751e-11
0.635051	1.28333e-11
0.641402	1.03758e-11
0.647816	1.06718e-11
0.654294	1.15828e-11
0.660837	1.16345e-11
0.667445	1.18022e-11
0.67412	9.59427e-12
0.680861	1.33925e-11
0.68767	9.12599e-12
0.694546	1.11974e-11
0.701492	1.08445e-11
0.708507	1.36941e-11
0.715592	1.1439e-11
0.722748	1.31218e-11
0.729975	1.1475e-11
0.735599	9.14131e-12
0.761075	1.05037e-11
0.786415	1.0605e-11
0.811677	8.59941e-12
0.836868	9.01714e-12
0.861995	1.03091e-11
0.886817	7.53215e-12
0.912154	8.39716e-12
0.936806	8.09312e-12
0.961955	7.57624e-12
0.986829	6.73143e-12
1.01145	7.78355e-12
1.03618	9.43953e-12
1.06068	6.12546e-12
1.08529	5.79568e-12
1.10968	7.86617e-12
1.13419	6.20438e-12
1.15849	6.18653e-12
1.18259	5.74824e-12
1.20652	7.58254e-12
1.23056	7.22818e-12
1.25444	5.00538e-12
1.27787	5.88195e-12
1.30143	6.17585e-12
1.32512	5.85182e-12
1.34839	6.1718e-12
1.3718	4.09517e-12
1.39481	5.11783e-12
1.41796	4.05811e-12
1.44074	5.62382e-12
1.46365	4.71694e-12
1.48646	4.13294e-12
1.50893	4.11104e-12
1.53153	3.49943e-12
1.55404	4.0028e-12
1.57623	4.85911e-12
1.59856	3.47791e-12
1.62081	4.21851e-12
1.64298	3.22401e-12
1.66485	3.07151e-12
1.68687	2.99411e-12
1.7086	2.98797e-12
1.73048	3.11976e-12
1.75209	5.20033e-12
1.77384	2.78808e-12
1.79533	3.91157e-12
1.81676	4.5026e-12
1.83833	2.77838e-12
1.85966	2.53514e-12
1.88094	2.43879e-12
1.90216	4.58526e-12
1.92335	3.31607e-12
1.94448	3.6115e-12
1.96558	2.54945e-12
1.98663	2.85946e-12
2.00746	2.99482e-12
2.02826	2.24393e-12
2.04919	2.09853e-12
2.06992	2.63758e-12
2.09079	3.14179e-12
2.11145	2.93278e-12
2.13208	2.08177e-12
2.15268	2.39882e-12
2.17325	1.92194e-12
2.19363	2.27468e-12
2.21415	2.34251e-12
2.23464	2.05725e-12
2.25494	2.02777e-12
2.27522	1.89432e-12
2.29564	1.92479e-12
2.31588	2.83517e-12
2.3361	2.22019e-12
2.3563	1.74327e-12
2.37632	1.97533e-12
2.39634	2.4405e-12
2.41648	2.31243e-12
2.43646	1.63342e-12
2.45642	1.82493e-12
2.47637	1.55141e-12
2.4963	1.50194e-12
2.51622	1.99372e-12
2.53612	1.58023e-12
2.55587	1.48218e-12
2.57575	1.75263e-12
2.59548	1.76228e-12
2.6152	2.77149e-12
2.6349	1.36643e-12
2.6546	1.31662e-12
2.67429	1.72695e-12
2.69383	1.49187e-12
2.7139	1.31072e-12
2.73249	1.61587e-12
2.75228	1.36726e-12
2.77193	1.83896e-12
2.79143	1.33626e-12
2.8108	1.53004e-12
2.83004	1.74662e-12
2.85042	1.26886e-12
2.8694	1.75022e-12
2.88825	1.36774e-12
2.90822	1.12716e-12
2.92681	1.23495e-12
2.94652	1.4129e-12
2.9661	1.1986e-12
2.98555	1.11179e-12
3.00367	1.11001e-12
3.02288	1.10704e-12
3.04316	1.14017e-12
3.06212	1.07617e-12
3.08096	1.00338e-12
3.09969	9.88302e-13
3.11947	1.04764e-12
3.13797	1.45152e-12
3.1575	1.52913e-12
3.17692	1.11587e-12
3.19509	9.4519e-13
3.21428	1.43626e-12
3.23335	1.13078e-12
3.25232	1.03651e-12
3.27117	1.00757e-12
3.28992	1.10213e-12
3.30965	1.03105e-12
3.32818	1.14785e-12
3.34661	9.29185e-13
3.36601	9.50355e-13
3.38423	1.01367e-12
3.40342	1.04333e-12
3.42249	1.31162e-12
3.44147	1.37218e-12
3.46034	1.00578e-12
3.4791	1.36982e-12
3.49777	9.91737e-13
3.51634	7.98223e-13
3.53481	9.02488e-13
3.5542	1.07723e-12
3.57247	7.75319e-13
3.59166	1.339e-12
3.60974	7.81557e-13
3.62873	9.92473e-13
3.64763	8.70791e-13
3.66642	7.45219e-13
3.68512	9.97192e-13
3.70372	9.29844e-13
3.72223	1.06213e-12
3.74065	1.23381e-12
3.75898	8.1425e-13
3.77722	7.97723e-13
3.79633	7.0482e-13
3.81439	9.38807e-13
3.83331	7.3608e-13
3.85214	8.60386e-13
3.87088	7.15002e-13
3.88859	8.03e-13
3.90715	8.73904e-13
3.92563	6.69077e-13
3.94493	7.36517e-13
3.96323	6.38719e-13
3.98144	7.11136e-13
4.00048	6.55057e-13
4.01852	1.20043e-12
4.03738	6.76112e-13
4.05526	7.23892e-13
4.07395	7.18128e-13
4.09256	8.87725e-13
4.11108	6.02945e-13
4.12952	6.84874e-13
4.14787	6.51561e-13
4.16615	8.20868e-13
4.18434	6.35752e-13
4.20246	6.28633e-13
4.22135	6.82503e-13
4.23931	7.89076e-13
4.25804	6.28291e-13
4.27669	6.49158e-13
4.29442	7.15308e-13
4.31291	8.37806e-13
4.33132	6.05581e-13
4.34966	8.38145e-13
4.36792	7.022e-13
4.3861	6.84131e-13
4.40503	6.23562e-13
4.42306	7.24915e-13
4.44102	5.63776e-13
4.45971	5.85135e-13
4.47752	5.67778e-13
4.49607	6.22755e-13
4.51453	5.58928e-13
4.53293	5.39129e-13
4.55124	9.67764e-13
4.56949	5.12264e-13
4.58766	7.96882e-13
4.60576	5.46785e-13
4.62379	5.367e-13
4.64253	5.02479e-13
4.66042	5.40717e-13
4.67901	5.55008e-13
4.69753	5.59486e-13
4.71521	5.20716e-13
4.73358	5.68211e-13
4.75189	5.49948e-13
4.77012	6.71477e-13
4.78829	5.39927e-13
4.80639	5.60935e-13
4.82517	5.37681e-13
4.84313	6.68047e-13
4.86102	5.0827e-13
4.87959	5.12236e-13
4.89735	4.70096e-13
4.91578	5.21499e-13
4.93415	4.94822e-13
4.95244	6.04893e-13
4.97067	4.78124e-13
4.98883	5.19991e-13
5.00692	4.69637e-13
5.02495	5.45204e-13
5.04364	4.79854e-13
5.06154	4.81076e-13
5.08008	4.72883e-13
5.09786	5.013e-13
5.11627	5.8367e-13
5.13462	4.91561e-13
5.15221	5.48982e-13
5.17043	5.39756e-13
5.18929	5.58808e-13
5.20738	4.92241e-13
5.22541	4.31267e-13
5.24338	4.7334e-13
5.26197	4.86625e-13
5.27982	5.06411e-13
5.29828	5.22997e-13
5.31601	4.53296e-13
5.33435	4.17494e-13
5.35263	4.53512e-13
5.37084	4.81098e-13
5.389	4.23256e-13
5.40709	5.34183e-13
5.42513	4.62946e-13
5.44376	4.55937e-13
5.46168	4.63932e-13
5.47953	4.32405e-13
5.49799	3.89672e-13
5.51638	4.20415e-13
5.53471	4.58995e-13
5.55233	3.95298e-13
5.57054	4.48477e-13
5.58869	4.13789e-13
5.60743	5.89667e-13
5.62547	4.73298e-13
5.64345	4.17767e-13
5.66201	4.43751e-13
5.67987	3.94802e-13
5.69831	4.75188e-13
5.71669	5.11306e-13
5.73438	4.20279e-13
5.75264	4.01403e-13
5.77085	3.73072e-13
5.789	3.83392e-13
5.8071	3.98913e-13
5.82575	4.88394e-13
5.84373	4.16711e-13
5.86227	4.94341e-13
5.88014	5.10879e-13
5.89857	4.38769e-13
5.91633	5.92366e-13
5.93464	4.6524e-13
5.9529	4.11774e-13
5.97111	4.3388e-13
5.98925	3.70811e-13
6.00795	4.34768e-13
6.02598	4.64662e-13
6.04397	3.49581e-13
6.06249	3.50542e-13
6.08096	3.40156e-13
6.09878	3.26214e-13
6.11714	3.98324e-13
6.13545	4.73374e-13
6.1537	4.58503e-13
6.1719	3.5251e-13
6.19004	3.25158e-13
6.20871	3.75406e-13
6.22675	4.14096e-13
6.24473	3.88279e-13
6.26324	3.53846e-13
6.2817	3.7793e-13
6.29952	3.85506e-13
6.31787	3.12215e-13
6.33617	3.52173e-13
6.35441	3.41747e-13
6.37317	3.10635e-13
6.39131	4.08032e-13
6.4094	3.12741e-13
6.42799	3.45529e-13
6.44598	2.99137e-13
6.46447	3.62239e-13
6.48291	3.47632e-13
6.5013	3.78949e-13
6.51964	2.95881e-13
6.53792	3.57178e-13
6.55615	3.21145e-13
6.57434	3.13878e-13
6.59247	3.53722e-13
6.6111	3.33452e-13
6.62913	3.30931e-13
6.64766	3.40356e-13
6.66614	3.2588e-13
6.68456	3.05981e-13
6.70294	3.34643e-13
6.72126	3.7044e-13
6.73954	3.84898e-13
6.75776	3.15056e-13
6.77647	2.88972e-13
6.7946	3.10895e-13
6.81321	3.06985e-13
6.83176	2.89912e-13
6.84974	2.94903e-13
6.8682	3.08267e-13
6.88661	2.89374e-13
6.90497	3.06181e-13
6.92329	2.98922e-13
6.94207	3.05583e-13
6.96029	4.59046e-13
6.97897	3.01643e-13
6.99709	2.96431e-13
7.01568	3.03956e-13
7.03422	3.00538e-13
7.05271	2.8796e-13
7.07115	2.87472e-13
7.08954	2.92485e-13
7.10789	2.99565e-13
7.12669	2.78975e-13
7.14494	3.09365e-13
7.16365	2.73937e-13
7.18181	3.63881e-13
7.20042	3.05539e-13
7.21898	3.01745e-13
7.2375	2.75646e-13
7.25597	2.94248e-13
7.27439	2.73413e-13
7.29327	2.79139e-13
7.3116	2.99684e-13
7.33037	2.97929e-13
7.3491	3.36838e-13
7.36729	2.6288e-13
7.38593	2.91158e-13
7.40452	2.65547e-13
7.42306	2.75417e-13
7.44204	2.8465e-13
7.46049	2.67551e-13
7.47889	2.52263e-13
7.49773	2.8416e-13
7.51604	2.68121e-13
7.53479	2.85436e-13
7.55349	2.67972e-13
7.57215	3.22548e-13
7.59076	2.47614e-13
7.60932	2.68214e-13
7.62831	2.78912e-13
7.64678	2.58264e-13
7.66521	2.60042e-13
7.68407	2.78068e-13
7.70287	2.55623e-13
7.72164	2.5954e-13
7.74035	2.57264e-13
7.75902	2.45084e-13
7.77765	3.372e-13
7.79623	2.63345e-13
7.81524	2.6663e-13
7.83373	2.51398e-13
7.85264	3.16386e-13
7.8715	2.65128e-13
7.88987	3.43005e-13
7.90864	3.19136e-13
7.92783	2.68127e-13
7.94652	3.00011e-13
7.96516	2.56537e-13
7.98421	2.59352e-13
8.00277	2.25401e-13
8.02173	2.51165e-13
8.04065	2.37183e-13
8.05907	2.6086e-13
8.0779	2.32053e-13
8.09714	2.4613e-13
8.11588	2.49346e-13
8.13458	2.49495e-13
8.15368	2.276e-13
8.17229	2.66116e-13
8.1913	2.69218e-13
8.21027	2.32091e-13
8.22919	2.30568e-13
8.24807	2.37125e-13
8.26691	2.39157e-13
8.28571	2.62126e-13
8.3049	2.59628e-13
8.3236	2.59651e-13
8.34271	3.04188e-13
8.36176	2.55112e-13
8.38078	2.31815e-13
8.39975	2.32216e-13
8.41868	2.55879e-13
8.43756	2.36953e-13
8.45683	2.25289e-13
8.47563	2.22858e-13
8.49482	2.52958e-13
8.51438	2.17626e-13
8.53136	2.38145e-13
8.55254	2.28883e-13
8.56944	2.1966e-13
8.59052	2.31426e-13
8.60735	2.43963e-13
8.62834	2.45546e-13
8.64927	2.21587e-13
8.66599	2.48347e-13
8.68683	2.32806e-13
8.70348	2.23559e-13
8.72423	2.19778e-13
8.74494	2.55752e-13
8.76147	2.31469e-13
8.78209	2.28744e-13
8.79855	2.4946e-13
8.81909	2.52417e-13
8.83957	2.10717e-13
8.86001	2.14549e-13
8.87633	2.00361e-13
8.89668	2.13121e-13
8.91699	2.20864e-13
8.9332	2.22243e-13
8.95343	2.27469e-13
8.97361	2.26377e-13
8.99374	2.21263e-13
9.01383	2.08633e-13
9.02987	2.60879e-13
9.04988	2.10831e-13
9.06984	2.06093e-13
9.08976	1.97949e-13
9.10964	2.02124e-13
9.12947	2.35793e-13
9.14926	2.16133e-13
9.16506	2.06874e-13
9.18478	2.10114e-13
9.20445	2.08699e-13
9.22408	2.26815e-13
9.24367	2.121e-13
9.26321	1.93108e-13
9.28272	2.03435e-13
9.30218	2.05931e-13
9.32161	2.22056e-13
9.34099	2.10146e-13
9.36034	1.8993e-13
9.37964	2.3952e-13
9.3989	1.86433e-13
9.41813	1.99423e-13
9.43731	2.14603e-13
9.46029	2.28514e-13
9.47939	2.15112e-13
9.49845	2.19391e-13
9.51747	2.28423e-13
9.53646	1.98324e-13
9.5554	1.90499e-13
9.57431	2.007e-13
9.59696	2.08113e-13
9.61579	1.8169e-13
9.63458	2.03689e-13
9.65333	1.99135e-13
9.67579	2.00336e-13
9.69447	1.90249e-13
9.71311	1.84026e-13
9.73171	1.92588e-13
9.75399	1.84548e-13
9.77252	1.92012e-13
9.79101	1.86191e-13
9.81315	1.96663e-13
9.83156	2.10191e-13
9.84994	1.99197e-13
9.87196	2.11147e-13
9.89026	1.96742e-13
9.91218	2.25424e-13
9.93041	1.74043e-13
9.94861	1.99771e-13
9.9704	1.79266e-13
9.98853	2.18366e-13
10.0102	2.09132e-13
10.0283	1.98057e-13
10.0499	1.7967e-13
10.0679	1.83081e-13
10.0894	2.00322e-13
10.1109	1.85525e-13
10.1288	2.04463e-13
10.1502	1.7754e-13
10.168	1.84642e-13
10.1893	1.90354e-13
10.2106	1.95584e-13
10.2283	1.88005e-13
10.2495	1.97411e-13
10.2707	1.69604e-13
10.2883	1.77164e-13
10.3093	1.95661e-13
10.3304	1.67465e-13
10.3479	1.70714e-13
10.3688	1.65273e-13
10.3897	1.64992e-13
10.4106	1.57296e-13
10.4279	1.74251e-13
10.4487	1.83935e-13
10.4695	1.96539e-13
10.4902	1.66386e-13
10.5109	1.84097e-13
10.5315	1.66862e-13
10.5521	1.91129e-13
10.5692	1.86794e-13
10.5897	1.83621e-13
10.6102	1.7297e-13
10.6307	1.74903e-13
10.651	1.76241e-13
10.6714	1.89733e-13
10.6917	1.70173e-13
10.712	1.82792e-13
10.7323	1.69986e-13
10.7525	1.73764e-13
10.7726	1.58946e-13
10.7928	1.54478e-13
10.8128	1.87215e-13
10.8363	1.68915e-13
10.8555	1.80377e-13
10.8747	1.64566e-13
10.8972	1.64446e-13
10.9163	1.63106e-13
10.9386	1.81055e-13
10.9609	1.53204e-13
10.9831	1.58201e-13
11.002	1.6942e-13
11.0241	1.82188e-13
11.0461	1.82931e-13
11.0682	1.82389e-13
11.0902	1.62149e-13
11.1121	1.57056e-13
11.1341	1.64868e-13
11.1559	1.60909e-13
11.1777	1.81679e-13
11.1995	1.63729e-13
11.2212	1.66515e-13
11.2462	1.73277e-13
11.2678	1.51984e-13
11.2894	1.52741e-13
11.3142	1.674e-13
11.3357	1.59696e-13
11.3603	1.51171e-13
11.3817	1.60371e-13
11.4063	1.80528e-13
11.4276	1.72769e-13
11.4521	1.66172e-13
11.4764	1.73138e-13
11.4977	1.55992e-13
11.5219	1.50157e-13
11.5462	1.51121e-13
11.5703	1.67433e-13
11.5945	1.65143e-13
11.6186	1.86902e-13
11.6426	1.55776e-13
11.6666	1.54411e-13
11.6905	1.6865e-13
11.7144	1.60698e-13
11.7382	1.58134e-13
11.762	1.69095e-13
11.7888	1.64072e-13
11.8124	1.54763e-13
11.836	1.61305e-13
11.8627	1.50941e-13
11.8862	1.70027e-13
11.9127	1.62226e-13
11.9361	1.56503e-13
11.9625	1.54052e-13
11.9858	1.70091e-13
12.0121	1.7808e-13
12.0383	1.85998e-13
12.0645	1.72471e-13
12.0877	1.59159e-13
12.1137	1.53827e-13
12.1397	1.78716e-13
12.1656	1.63125e-13
12.1915	1.48751e-13
12.2174	1.48225e-13
12.2431	1.62849e-13
12.2689	1.42397e-13
12.2975	1.6927e-13
12.3231	1.72072e-13
12.3487	1.42696e-13
12.3742	1.59316e-13
12.4026	1.62358e-13
12.428	1.68317e-13
12.4562	1.47206e-13
12.4815	1.46741e-13
12.5095	1.50846e-13
12.5348	1.49184e-13
12.5628	1.4503e-13
12.5879	1.55315e-13
12.6158	1.68967e-13
12.6436	1.59299e-13
12.6714	1.73221e-13
12.699	1.40383e-13
12.7267	1.48494e-13
12.7543	1.61431e-13
12.7819	1.47792e-13
12.8093	1.40129e-13
12.8368	1.46645e-13
12.8641	1.43652e-13
12.8915	1.57181e-13
12.9187	1.58656e-13
12.9487	1.51021e-13
12.9758	1.54725e-13
13.0057	1.41944e-13
13.0328	1.78145e-13
13.0625	1.42374e-13
13.0895	1.44427e-13
13.1191	1.52922e-13
13.1459	1.48243e-13
13.1755	1.43758e-13
13.2049	1.60096e-13
13.2343	1.41763e-13
13.2637	1.49505e-13
13.2902	1.44186e-13
13.3195	1.46179e-13
13.3486	1.41885e-13
13.3804	1.37986e-13
13.4095	1.68021e-13
13.4384	1.4761e-13
13.4674	1.38887e-13
13.4963	1.41822e-13
13.5277	1.49167e-13
13.5565	1.40155e-13
13.5878	1.40159e-13
13.6164	1.80143e-13
13.6477	1.67023e-13
13.6762	1.45627e-13
13.7073	1.48818e-13
13.7384	1.3314e-13
13.7693	1.37536e-13
13.7976	1.51382e-13
13.8284	1.55818e-13
13.8593	1.51264e-13
13.8899	1.43516e-13
13.9232	1.3645e-13
13.9537	1.47195e-13
13.9843	1.30342e-13
14.0147	1.46932e-13
14.0451	1.39575e-13
14.078	1.4367e-13
14.1083	1.42602e-13
14.141	1.47877e-13
14.1711	1.33182e-13
14.2038	1.37946e-13
14.2363	1.39779e-13
14.2688	1.64088e-13
14.2987	1.42551e-13
14.331	1.28713e-13
14.3632	1.31978e-13
14.3954	1.323e-13
14.4276	1.4756e-13
14.4621	1.42527e-13
14.4941	1.39067e-13
14.526	1.39014e-13
14.5578	1.32389e-13
14.5921	1.38632e-13
14.6238	1.28057e-13
14.6579	1.35419e-13
14.6895	1.44215e-13
14.7234	1.35297e-13
14.7573	1.30884e-13
14.791	1.37221e-13
14.8248	1.24375e-13
14.856	1.47837e-13
14.8896	1.32528e-13
14.9255	1.30391e-13
14.9589	1.27557e-13
14.9922	1.33469e-13
15.0256	1.26613e-13
15.0611	1.35227e-13
15.0942	1.51689e-13
15.1297	1.31682e-13
15.1626	1.25451e-13
15.1979	1.515e-13
15.2331	1.33722e-13
15.2659	1.41689e-13
15.3009	1.43891e-13
15.3358	1.29489e-13
15.3707	1.41387e-13
15.4078	1.44065e-13
15.4425	1.41637e-13
15.4771	1.46014e-13
15.5117	1.28626e-13
15.5485	1.45468e-13
15.5829	1.32351e-13
15.6195	1.39299e-13
15.6537	1.35667e-13
15.6902	1.31113e-13
15.7265	1.38582e-13
15.7628	1.5524e-13
15.799	1.38892e-13
15.8351	1.28184e-13
15.8711	1.24285e-13
15.9071	1.42137e-13
15.9452	1.26818e-13
15.981	1.32853e-13
16.0189	1.3428e-13
16.0545	1.45539e-13
16.0923	1.25378e-13
16.1278	1.30715e-13
16.1653	1.395e-13
16.2028	1.28839e-13
16.2403	1.32609e-13
16.2775	1.36508e-13
16.3148	1.32613e-13
16.3542	1.33704e-13
16.3912	1.21103e-13
16.4281	1.38656e-13
16.4673	1.3053e-13
16.5062	1.33695e-13
16.5429	1.32754e-13
16.5818	1.37222e-13
16.6205	1.22057e-13
16.659	1.21695e-13
16.6976	1.30575e-13
16.736	1.40574e-13
16.7744	1.3248e-13
16.8148	1.36548e-13
16.8529	1.36881e-13
16.8931	1.38611e-13
16.9311	1.28689e-13
16.9711	1.19805e-13
17.011	1.26162e-13
17.0508	1.3796e-13
17.0907	1.4398e-13
17.1302	1.38174e-13
17.1698	1.42329e-13
17.2092	1.29192e-13
17.2507	1.33502e-13
17.2899	1.17902e-13
17.3311	1.25658e-13
17.3702	1.41399e-13
17.4112	1.31324e-13
17.4522	1.25178e-13
17.4931	1.27977e-13
17.5339	1.27195e-13
17.5765	1.22898e-13
17.617	1.29953e-13
17.6575	1.34882e-13
17.6999	1.26067e-13
17.7403	1.23258e-13
17.7824	1.1647e-13
17.8245	1.21712e-13
17.8665	1.49858e-13
17.9084	1.2112e-13
17.9501	1.38385e-13
17.9938	1.19114e-13
18.0354	1.24088e-13
18.0789	1.34065e-13
18.1203	1.18174e-13
18.1635	1.19227e-13
18.2067	1.38789e-13
18.2497	1.27763e-13
18.2927	1.24795e-13
18.3356	1.44964e-13
18.3783	1.21908e-13
18.423	1.38243e-13
18.4656	1.1781e-13
18.51	1.19814e-13
18.5542	1.27924e-13
18.5965	1.31047e-13
18.6406	1.37145e-13
18.6864	1.19261e-13
18.7303	1.25955e-13
18.774	1.17492e-13
18.8195	1.2236e-13
18.863	1.19282e-13
18.9084	1.20138e-13
18.9536	1.17577e-13
18.9987	1.26391e-13
19.0437	1.24269e-13
19.0886	1.19957e-13
19.1353	1.11976e-13
19.18	1.35325e-13
19.2264	1.36754e-13
19.2728	1.24852e-13
19.3171	1.16176e-13
19.3633	1.17241e-13
19.4111	1.15729e-13
19.457	1.23774e-13
19.5027	1.21511e-13
19.5502	1.13003e-13
19.5976	1.10174e-13
19.643	1.19694e-13
19.6902	1.1913e-13
19.7372	1.15108e-13
19.786	1.2302e-13
19.8327	1.07877e-13
19.8812	1.26663e-13
19.9278	1.12982e-13
19.9761	1.13627e-13
20.0243	1.43201e-13
20.0723	1.21108e-13
20.1202	1.20293e-13
20.1679	1.11399e-13
20.2174	1.22518e-13
20.265	1.15403e-13
20.3142	1.13206e-13
20.3633	1.1387e-13
20.4123	1.19957e-13
20.4612	1.0691e-13
20.5116	1.36392e-13
20.5602	1.18167e-13
20.6105	1.20399e-13
20.6606	1.23218e-13
20.7106	1.12784e-13
20.7605	1.09998e-13
20.8102	1.26445e-13
20.8615	1.18159e-13
20.911	1.20153e-13
20.9622	1.23618e-13
21.0132	1.18417e-13
21.0639	1.17089e-13
21.1147	1.0899e-13
21.167	1.04984e-13
21.2174	1.18589e-13
21.2695	1.0303e-13
21.3215	1.13847e-13
21.3731	1.06763e-13
21.4248	1.10427e-13
21.4763	1.13557e-13
21.5294	1.06793e-13
21.5824	1.12324e-13
21.6351	1.17153e-13
21.6878	1.1988e-13
21.7403	1.11988e-13
21.7928	1.15048e-13
21.8467	1.17671e-13
21.8988	1.12244e-13
21.9525	1.13672e-13
22.0077	1.3093e-13
22.0611	1.32178e-13
22.1142	1.23869e-13
22.169	1.20021e-13
22.2237	1.06363e-13
22.2782	1.08908e-13
22.3325	1.16842e-13
22.3866	1.10757e-13
22.4423	1.06392e-13
22.4963	1.13837e-13
22.5517	1.02838e-13
22.6086	1.07299e-13
22.6636	1.08996e-13
22.7186	1.20955e-13
22.7751	1.08991e-13
22.8314	1.08626e-13
22.8874	1.07422e-13
22.9434	1.22113e-13
23.0009	1.17352e-13
23.0567	1.12737e-13
23.1137	1.09905e-13
23.1707	1.06303e-13
23.2276	1.13325e-13
23.2858	1.08457e-13
23.3425	1.24156e-13
23.4003	1.19171e-13
23.4582	1.12384e-13
23.5159	1.1457e-13
23.5749	1.0563e-13
23.6338	1.2525e-13
23.691	1.10234e-13
23.7511	1.24054e-13
23.8096	1.05693e-13
23.8678	1.0893e-13
23.9276	1.31579e-13
23.9871	1.16268e-13
24.0465	1.12006e-13
24.1056	1.17412e-13
24.1661	1.1264e-13
24.2266	1.19655e-13
24.2869	1.16804e-13
24.3468	1.05108e-13
24.4083	1.03968e-13
24.4681	1.08171e-13
24.5293	1.03017e-13
24.5902	1.04874e-13
24.6524	1.04447e-13
24.713	1.20939e-13
24.775	1.13515e-13
24.8368	1.07854e-13
24.8998	1.161e-13
24.9613	1.09418e-13
25.024	1.04699e-13
25.0866	1.08952e-13
25.1489	1.14108e-13
25.2127	1.1109e-13
25.2763	1.12501e-13
25.3383	1.06172e-13
25.4027	1.1937e-13
25.4658	1.05111e-13
25.5302	1.05646e-13
25.5944	1.12855e-13
25.6583	1.01989e-13
25.7234	9.96451e-14
25.7885	1.14687e-13
25.8534	1.13079e-13
25.9181	1.14511e-13
25.9825	1.00158e-13
26.0483	1.08449e-13
26.1139	9.65619e-14
26.1808	1.02969e-13
26.2459	1.07219e-13
26.3124	1.11154e-13
26.3787	1.13067e-13
26.4462	1.07366e-13
26.5121	1.00712e-13
26.5792	1.13386e-13
26.6462	1.01831e-13
26.7143	9.80125e-14
26.7808	1.07117e-13
26.8472	1.11947e-13
26.9136	9.49313e-14
26.9797	1.29433e-13
27.0587	1.16396e-13
27.1245	1.09774e-13
27.1902	1.00121e-13
27.2557	1.08367e-13
27.334	1.12295e-13
27.399	9.78944e-14
27.464	1.00811e-13
27.5417	1.01725e-13
27.6064	1.08653e-13
27.6836	1.03295e-13
27.7479	1.06125e-13
27.8249	9.51138e-14
27.8888	1.08037e-13
27.9654	1.03613e-13
28.029	9.68327e-14
28.1052	9.67546e-14
28.1812	1.03223e-13
28.2442	1.00849e-13
28.3198	9.19295e-14
28.3953	9.27181e-14
28.4705	1.12102e-13
28.5453	9.53657e-14
28.6077	1.03784e-13
28.6823	9.95344e-14
28.7568	1.00983e-13
28.8311	1.16461e-13
28.905	1.16402e-13
28.9789	9.63129e-14
29.0526	1.04799e-13
29.1262	1.03567e-13
29.2115	1.09457e-13
29.2846	1.05111e-13
29.3575	9.88101e-14
29.4303	1.01418e-13
29.5027	1.0289e-13
29.5872	1.06122e-13
29.6594	1.06329e-13
29.7314	1.04217e-13
29.815	1.04871e-13
29.8866	1.18086e-13
29.97	1.03625e-13
30.0413	1.00962e-13
30.124	9.20857e-14
30.1949	9.77469e-14
30.2774	9.02245e-14
30.3598	1.12884e-13
30.4299	1.01221e-13
30.5118	1.07441e-13
30.5934	9.01372e-14
30.6748	9.70111e-14
30.7561	9.71132e-14
30.8254	1.01812e-13
30.9062	1.02335e-13
30.9868	1.00061e-13
31.0672	9.69912e-14
31.1472	9.00525e-14
31.2387	9.2284e-14
31.3184	1.03496e-13
31.3979	1.06486e-13
31.4771	9.59255e-14
31.5562	9.67833e-14
31.6464	9.92321e-14
31.7252	9.6236e-14
31.8036	9.83564e-14
31.8931	1.03966e-13
31.9712	9.31324e-14
32.0602	9.26629e-14
32.1379	1.06713e-13
32.2264	8.81279e-14
32.3036	8.95536e-14
32.3918	9.95386e-14
32.4796	9.08124e-14
32.5671	8.85093e-14
32.6436	9.02217e-14
32.7308	9.26526e-14
32.8178	9.60747e-14
32.9043	9.42445e-14
32.9908	9.12904e-14
33.0771	9.77343e-14
33.1633	9.29901e-14
33.2491	9.41329e-14
33.3345	8.92255e-14
33.4306	9.4794e-14
33.5157	9.96951e-14
33.6006	8.73113e-14
33.6958	1.06997e-13
33.7803	9.10715e-14
33.8645	8.99614e-14
33.9591	9.29934e-14
34.0427	8.73365e-14
34.1368	1.00683e-13
34.2307	9.92003e-14
34.3138	8.88402e-14
34.4069	1.03088e-13
34.5	1.01656e-13
34.5928	9.66342e-14
34.6854	9.94199e-14
34.7775	9.58427e-14
34.8696	8.86914e-14
34.9614	9.12293e-14
35.053	1.03508e-13
35.1441	9.1848e-14
35.2353	1.08424e-13
35.3262	9.47556e-14
35.4269	8.94397e-14
35.517	9.01631e-14
35.6072	9.13702e-14
35.7071	9.84247e-14
35.7968	8.99854e-14
35.896	8.68314e-14
35.9951	9.12458e-14
36.084	9.28307e-14
36.1826	8.80887e-14
36.2807	9.03538e-14
36.3789	8.4684e-14
36.4766	9.81983e-14
36.5742	8.55134e-14
36.6712	8.54787e-14
36.7682	8.30306e-14
36.865	8.94432e-14
36.9613	1.05353e-13
37.0575	8.54067e-14
37.1631	9.45454e-14
37.2588	1.01537e-13
37.3542	9.40087e-14
37.4589	9.29071e-14
37.5539	8.91745e-14
37.658	8.7579e-14
37.7617	9.1131e-14
37.856	1.04965e-13
37.9594	9.77988e-14
38.0622	8.79239e-14
38.165	9.34523e-14
38.2675	8.41132e-14
38.3697	8.98166e-14
38.4716	9.03697e-14
38.5733	8.90354e-14
38.6839	8.19122e-14
38.7848	8.71901e-14
38.8857	9.04933e-14
38.9956	9.25605e-14
39.0957	8.82212e-14
39.2048	8.60264e-14
39.3046	8.23459e-14
39.4132	8.95097e-14
39.5213	8.57495e-14
39.6293	8.29828e-14
39.737	9.52924e-14
39.8442	8.49282e-14
39.9513	9.93605e-14
40.0582	8.07659e-14
40.1645	9.43573e-14
40.2707	8.68163e-14
40.3855	8.0158e-14
40.4912	8.63222e-14
40.6053	9.7634e-14
40.7104	8.65794e-14
40.8239	8.47954e-14
40.9282	8.7234e-14
41.0413	8.67648e-14
41.1539	8.48819e-14
41.266	7.86102e-14
41.378	8.44436e-14
41.4897	9.25285e-14
41.601	1.00303e-13
41.7122	8.57441e-14
41.8315	8.84681e-14
41.9418	8.99289e-14
42.052	8.41395e-14
42.1705	8.0766e-14
42.2883	8.22071e-14
42.3976	8.0782e-14
42.515	7.88623e-14
42.6318	8.0025e-14
42.7487	8.03352e-14
42.8652	8.31389e-14
42.981	8.16037e-14
43.0969	8.68245e-14
43.2125	8.14251e-14
43.3357	8.46399e-14
43.4505	8.14083e-14
43.5733	8.21416e-14
43.6873	8.21079e-14
43.8095	7.52319e-14
43.9309	9.02097e-14
44.0523	7.48095e-14
44.1653	8.05726e-14
44.286	8.30603e-14
44.4144	8.36435e-14
44.5345	7.75789e-14
44.654	8.5442e-14
44.7735	7.7521e-14
44.9003	8.10962e-14
45.0191	8.28559e-14
45.1454	7.87772e-14
45.2712	8.7276e-14
45.397	8.59015e-14
45.522	8.78537e-14
45.647	8.30662e-14
45.7716	9.00419e-14
45.8957	8.00527e-14
46.0197	7.9018e-14
46.1507	8.35655e-14
46.274	8.79514e-14
46.4047	8.11823e-14
46.527	8.20261e-14
46.6569	8.91326e-14
46.7862	8.04877e-14
46.9155	9.88607e-14
47.044	9.49274e-14
47.1725	8.28752e-14
47.3081	8.19724e-14
47.4357	8.13068e-14
47.5631	7.59986e-14
47.6974	7.97891e-14
47.8317	8.48586e-14
47.9577	8.14456e-14
48.0911	7.63398e-14
48.2239	7.39716e-14
48.3568	8.17372e-14
48.4961	8.02832e-14
48.6281	7.61251e-14
48.7594	8.84305e-14
48.898	7.89584e-14
49.0362	8.15568e-14
49.1663	9.5911e-14
49.3038	7.74988e-14
49.4406	8.12865e-14
49.5771	7.97296e-14
49.7131	8.07732e-14
49.8562	8.21268e-14
49.9914	8.64539e-14
50.1336	7.94544e-14
50.2682	7.58511e-14
50.4093	9.04306e-14
50.5503	7.98866e-14
50.6907	7.98561e-14
50.831	7.59897e-14
50.9706	7.80532e-14
51.117	8.21787e-14
51.256	8.66101e-14
51.4016	8.521e-14
51.5396	7.53233e-14
51.6844	7.75658e-14
51.8287	7.783e-14
51.9724	7.6843e-14
52.116	7.71197e-14
52.2659	7.6866e-14
52.4087	8.15186e-14
52.5576	7.69415e-14
52.6997	7.0303e-14
52.8478	7.74871e-14
52.9955	7.9285e-14
53.1431	7.11355e-14
53.2966	7.9128e-14
53.4433	7.68858e-14
53.5895	9.02011e-14
53.7417	7.93997e-14
53.8938	7.4383e-14
54.0452	7.04649e-14
54.1963	9.60387e-14
54.3471	7.56271e-14
54.4972	8.71148e-14
54.6474	7.67061e-14
54.8031	7.52481e-14
54.9584	7.38863e-14
55.1138	7.73911e-14
55.2618	8.17503e-14
55.4223	7.34283e-14
55.5763	7.58065e-14
55.7295	8.1058e-14
55.8885	7.12081e-14
56.0413	7.40925e-14
56.1995	7.20126e-14
56.3573	7.7911e-14
56.5151	6.97343e-14
56.6783	7.84304e-14
56.8347	7.09007e-14
56.9971	7.21053e-14
57.153	7.81739e-14
57.3143	7.18208e-14
57.4754	7.38747e-14
57.6361	7.52433e-14
57.8022	7.67994e-14
57.9619	7.72366e-14
58.1271	7.02851e-14
58.2922	7.43133e-14
58.4505	7.3933e-14
58.6204	7.637e-14
58.7838	8.00128e-14
58.9472	8.06245e-14
59.1156	7.26857e-14
59.2836	7.47167e-14
59.4453	7.15954e-14
59.6183	7.0535e-14
59.785	7.47717e-14
59.9514	7.32437e-14
60.123	7.36703e-14
60.2883	7.25098e-14
60.4589	6.98246e-14
60.629	6.71777e-14
60.8046	7.38755e-14
60.9741	6.98239e-14
61.1486	6.99864e-14
61.317	8.4342e-14
61.4905	7.18349e-14
61.6635	8.13537e-14
61.8419	7.22353e-14
62.014	7.42174e-14
62.1914	6.38852e-14
62.3685	6.7813e-14
62.5448	6.64842e-14
62.7207	7.53588e-14
62.896	6.92016e-14
63.0764	7.09413e-14
63.2509	7.63949e-14
63.4303	7.50315e-14
63.6094	7.55542e-14
63.7934	7.0121e-14
63.9712	7.06403e-14
64.1544	7.05836e-14
64.3368	7.69324e-14
64.5188	6.77824e-14
64.7002	7.02605e-14
64.8811	6.83322e-14
65.0671	6.88161e-14
65.252	6.84071e-14
65.437	8.26156e-14
65.6213	6.77871e-14
65.805	7.7486e-14
65.9938	7.02918e-14
66.1819	6.9427e-14
66.3696	6.70454e-14
66.5566	7.55906e-14
66.7431	6.61551e-14
66.9342	7.03872e-14
67.1249	6.65618e-14
67.3153	7.34144e-14
67.505	8.22391e-14
67.6993	7.20211e-14
67.8881	7.49398e-14
68.081	6.92516e-14
68.2739	6.98978e-14
68.4713	6.77351e-14
68.6631	6.70828e-14
68.859	6.38943e-14
69.0547	7.03749e-14
69.25	6.43052e-14
69.4442	7.32246e-14
69.6436	6.38507e-14
69.8422	6.43805e-14
70.04	7.2554e-14
70.2375	7.23959e-14
70.4397	7.13216e-14
70.6407	7.23639e-14
70.8415	6.61806e-14
71.0415	6.57667e-14
71.2412	6.73695e-14
71.4451	6.32009e-14
71.6486	7.37172e-14
71.8513	7.48837e-14
72.0537	7.76043e-14
72.2602	7.70318e-14
72.4664	6.22342e-14
72.6717	6.72628e-14
72.8767	6.34645e-14
73.0857	6.35075e-14
73.2944	7.04204e-14
73.5023	7.16676e-14
73.7093	6.84421e-14
73.9213	6.49729e-14
74.1271	7.90111e-14
74.3422	7.0783e-14
74.5521	6.50712e-14
74.7612	6.63657e-14
74.9743	6.60149e-14
75.187	6.17533e-14
75.404	6.9051e-14
75.6154	6.43415e-14
75.8308	7.42967e-14
76.0457	6.5695e-14
76.2645	6.38025e-14
76.4782	6.3473e-14
76.6962	6.35878e-14
76.9134	7.53771e-14
77.1343	6.66589e-14
77.3548	6.64953e-14
77.5745	6.92378e-14
77.7937	6.74237e-14
78.0122	6.57802e-14
78.2347	6.85589e-14
78.4567	6.76686e-14
78.6823	6.74377e-14
78.903	7.39722e-14
79.1273	6.58904e-14
79.3508	6.72155e-14
79.5783	6.20925e-14
79.8054	6.47858e-14
80.0317	6.46667e-14
80.2575	5.88101e-14
80.4867	6.35607e-14
80.7155	6.70467e-14
80.9438	6.26673e-14
81.1708	6.42798e-14
81.4022	5.88754e-14
81.6327	6.09761e-14
81.8667	6.27567e-14
82.0961	5.93042e-14
82.329	6.12105e-14
82.5653	6.52406e-14
82.797	6.25137e-14
83.032	6.78188e-14
83.2662	6.02562e-14
83.5044	6.08254e-14
83.7416	6.3712e-14
83.9787	6.78018e-14
84.2143	6.49551e-14
84.4416	5.85476e-14
84.693	6.03724e-14
84.9434	7.20584e-14
85.1934	6.1401e-14
85.4007	6.18729e-14
85.6497	6.58845e-14
85.8976	5.94097e-14
86.1444	5.67874e-14
86.3908	6.21779e-14
86.6365	6.61951e-14
86.8813	6.89508e-14
87.1256	6.04019e-14
87.3693	6.65533e-14
87.6122	6.26681e-14
87.8543	7.26612e-14
88.0959	5.89083e-14
88.3771	6.3183e-14
88.6173	6.17032e-14
88.8568	6.03747e-14
89.095	5.60328e-14
89.373	6.22233e-14
89.61	7.64109e-14
89.8469	6.46367e-14
90.1226	6.03552e-14
90.3576	5.85907e-14
90.6317	6.1023e-14
90.8651	6.6152e-14
91.1377	5.83524e-14
91.4095	6.11164e-14
91.6412	5.46267e-14
91.911	6.43789e-14
92.1804	5.82693e-14
92.4104	6.07385e-14
92.6779	5.78977e-14
92.9451	5.86031e-14
93.211	6.12641e-14
93.4762	6.49353e-14
93.7406	6.6067e-14
94.0045	5.63014e-14
94.2674	6.24817e-14
94.5295	5.70778e-14
94.7912	5.60767e-14
95.0518	6.24145e-14
95.312	6.17872e-14
95.5713	6.10143e-14
95.8668	6.42137e-14
96.1247	5.87691e-14
96.3817	6.03325e-14
96.675	6.19473e-14
96.9307	6.36602e-14
97.222	5.82107e-14
97.4756	5.77762e-14
97.7292	6.10663e-14
98.0184	6.26592e-14
98.306	5.92941e-14
98.5575	6.18015e-14
98.844	5.83915e-14
99.1293	6.43802e-14
99.3785	5.92566e-14
99.6626	6.03359e-14
99.9456	6.0756e-14
100.228	5.87399e-14
100.509	6.11236e-14
100.79	5.62775e-14
101.07	5.82889e-14
101.349	5.71003e-14
101.627	5.94652e-14
101.905	5.86361e-14
102.182	5.7513e-14
102.458	5.55842e-14
102.767	5.70274e-14
103.042	5.38752e-14
103.315	6.03609e-14
103.623	5.44184e-14
103.894	5.92706e-14
104.199	5.81891e-14
104.471	6.73193e-14
104.774	5.47062e-14
105.042	5.77089e-14
105.345	5.65501e-14
105.645	5.63257e-14
105.912	5.83121e-14
106.211	5.72562e-14
106.51	6.1175e-14
106.807	5.5702e-14
107.104	6.47153e-14
107.399	5.73067e-14
107.694	6.07499e-14
107.988	6.18568e-14
108.282	5.51409e-14
108.574	5.71003e-14
108.866	6.46386e-14
109.156	5.86623e-14
109.447	6.03809e-14
109.768	5.67685e-14
110.056	5.4455e-14
110.343	5.85666e-14
110.662	6.48265e-14
110.948	6.46341e-14
111.265	5.53995e-14
111.549	5.42208e-14
111.864	5.50164e-14
112.178	5.55459e-14
112.491	5.9535e-14
112.772	6.5197e-14
113.083	5.67124e-14
113.394	5.58757e-14
113.704	5.7012e-14
114.012	5.79327e-14
114.32	5.5154e-14
114.627	5.7692e-14
114.934	5.95769e-14
115.239	5.51717e-14
115.543	5.9987e-14
115.877	5.86839e-14
116.18	5.69209e-14
116.481	5.88261e-14
116.813	5.60542e-14
117.112	5.64487e-14
117.442	5.35425e-14
117.74	5.46212e-14
118.068	5.82438e-14
118.364	5.88741e-14
118.69	5.51439e-14
119.015	5.40912e-14
119.338	5.55135e-14
119.661	5.88543e-14
119.954	5.89482e-14
120.274	5.38696e-14
120.594	5.27108e-14
120.942	6.14524e-14
121.261	5.04477e-14
121.579	5.27516e-14
121.895	5.44768e-14
122.21	5.94218e-14
122.553	5.09725e-14
122.867	5.45369e-14
123.209	5.10474e-14
123.52	5.77544e-14
123.86	5.41489e-14
124.169	5.76169e-14
124.507	5.85344e-14
124.816	5.73331e-14
125.151	5.50503e-14
125.486	5.33587e-14
125.82	4.98036e-14
126.152	5.43463e-14
126.484	5.06849e-14
126.815	5.73452e-14
127.145	5.09813e-14
127.474	5.19152e-14
127.802	5.21633e-14
128.157	5.98296e-14
128.483	5.09498e-14
128.807	5.24153e-14
129.159	5.65576e-14
129.483	4.9536e-14
129.832	5.54652e-14
130.154	6.00614e-14
130.501	5.35026e-14
130.848	4.86546e-14
131.166	6.26211e-14
131.511	5.07478e-14
131.855	5.28744e-14
132.197	5.27949e-14
132.538	5.50368e-14
132.879	5.59277e-14
133.219	4.94461e-14
133.557	5.54953e-14
133.895	5.47461e-14
134.258	5.08865e-14
134.593	4.97642e-14
134.954	5.88688e-14
135.288	5.25128e-14
135.621	5.39979e-14
135.979	4.96129e-14
136.335	5.35064e-14
136.665	6.02162e-14
137.02	5.99232e-14
137.373	4.88266e-14
137.726	5.35928e-14
138.078	5.44949e-14
138.428	4.78508e-14
138.778	4.84419e-14
139.126	5.89113e-14
139.474	4.77727e-14
139.821	5.29986e-14
140.191	4.83349e-14
140.535	4.7429e-14
140.878	6.01946e-14
141.246	5.10003e-14
141.587	5.34259e-14
141.952	4.87913e-14
142.316	5.46622e-14
142.655	5.28275e-14
143.017	5.02706e-14
143.378	4.99216e-14
143.738	4.90756e-14
144.097	4.97835e-14
144.455	4.78038e-14
144.811	4.91871e-14
145.167	5.0248e-14
145.546	5.07554e-14
145.899	5.41219e-14
146.251	5.39831e-14
146.627	4.99532e-14
146.977	5.22721e-14
147.35	5.42003e-14
147.699	5.12906e-14
148.07	4.71605e-14
148.44	5.98972e-14
148.785	5.07836e-14
149.153	4.81249e-14
149.519	5.62067e-14
149.885	5.3629e-14
150.25	4.93916e-14
150.613	4.94559e-14
150.999	5.0963e-14
151.359	4.59629e-14
151.72	4.71838e-14
152.102	5.11541e-14
152.46	5.13337e-14
152.839	4.91942e-14
153.195	4.9846e-14
153.572	5.03952e-14
153.949	4.73692e-14
154.302	5.21997e-14
154.675	5.45709e-14
155.049	5.36407e-14
155.42	5.1299e-14
155.791	5.20311e-14
156.161	4.80703e-14
156.551	5.07167e-14
156.918	4.93072e-14
157.285	5.38586e-14
157.672	4.88446e-14
158.036	4.70522e-14
158.421	5.01597e-14
158.783	5.04782e-14
159.165	4.75772e-14
159.546	5.43224e-14
159.926	4.84388e-14
160.306	4.81099e-14
160.684	4.61845e-14
161.061	5.79708e-14
161.436	4.78051e-14
161.81	4.97132e-14
162.183	4.95859e-14
162.556	4.98801e-14
162.948	4.56882e-14
163.318	5.33757e-14
163.708	4.65494e-14
164.096	4.50711e-14
164.462	4.94694e-14
164.848	5.22335e-14
165.233	4.88522e-14
165.617	5.14836e-14
166	4.87304e-14
166.381	5.16479e-14
166.761	4.66074e-14
167.14	4.95512e-14
167.517	4.50723e-14
167.914	4.83179e-14
168.29	4.84476e-14
168.685	5.18109e-14
169.057	4.84063e-14
169.45	4.9012e-14
169.841	4.82043e-14
170.21	4.83993e-14
170.598	5.30279e-14
170.985	4.73272e-14
171.372	5.27376e-14
171.756	4.73975e-14
172.16	4.89738e-14
172.542	4.75782e-14
172.923	5.03231e-14
173.322	5.05271e-14
173.701	4.77073e-14
174.097	5.06174e-14
174.474	5.55146e-14
174.868	5.16569e-14
175.261	5.047e-14
175.653	4.7589e-14
176.043	5.18092e-14
176.433	4.73986e-14
176.821	5.2161e-14
177.207	4.73692e-14
177.592	5.27059e-14
177.996	5.27969e-14
178.379	4.97723e-14
178.779	5.27727e-14
179.159	4.61758e-14
179.558	4.88124e-14
179.954	4.92114e-14
180.349	4.85293e-14
180.744	4.64489e-14
181.136	4.65101e-14
181.527	4.57498e-14
181.917	4.81632e-14
182.306	4.69083e-14
182.712	4.83056e-14
183.098	4.66288e-14
183.501	4.73801e-14
183.885	4.82292e-14
184.285	4.98321e-14
184.684	5.06809e-14
185.083	5.07329e-14
185.459	4.52885e-14
185.873	4.92601e-14
186.267	4.63524e-14
186.659	4.65713e-14
187.05	5.29365e-14
187.458	5.22926e-14
187.846	4.80677e-14
188.25	5.39554e-14
188.636	4.84043e-14
189.039	4.8445e-14
189.439	4.82744e-14
189.839	5.39265e-14
190.236	4.95022e-14
190.632	4.58914e-14
191.027	4.67561e-14
191.42	4.99462e-14
191.831	5.15399e-14
192.221	4.5444e-14
192.629	4.44696e-14
193.016	4.74485e-14
193.419	4.50633e-14
193.822	4.59873e-14
194.224	4.53972e-14
194.623	4.80823e-14
195.021	4.52994e-14
195.417	5.12389e-14
195.813	4.82629e-14
196.225	5.05684e-14
196.616	4.62188e-14
197.024	4.4935e-14
197.413	4.74101e-14
197.819	4.93808e-14
198.222	4.54749e-14
198.624	4.68578e-14
199.024	4.63048e-14
199.424	4.71192e-14
199.821	4.44186e-14
200.235	4.711e-14
200.629	4.47871e-14
201.038	4.72392e-14
201.43	5.06438e-14
201.837	4.90612e-14
202.241	4.79554e-14
202.646	5.2062e-14
203.047	4.57649e-14
203.447	5.3982e-14
203.847	4.49733e-14
204.261	5.14064e-14
204.656	4.38447e-14
205.067	4.3952e-14
205.459	5.08369e-14
205.867	4.55587e-14
206.272	4.6932e-14
206.677	4.87081e-14
207.079	4.65684e-14
207.482	4.31925e-14
207.881	4.81911e-14
208.294	4.49977e-14
208.691	4.67112e-14
209.101	4.56854e-14
209.51	5.01114e-14
209.902	4.63013e-14
210.308	5.17184e-14
210.712	4.49062e-14
211.114	5.09036e-14
211.531	4.47897e-14
211.931	4.71115e-14
212.344	4.66245e-14
212.74	5.36871e-14
213.151	4.6899e-14
213.559	4.97682e-14
213.95	4.60204e-14
214.355	4.73851e-14
214.773	4.62925e-14
215.175	4.74627e-14
215.576	4.37275e-14
215.989	4.99376e-14
216.387	4.85319e-14
216.796	4.87266e-14
217.204	4.99337e-14
217.612	4.61021e-14
218.017	4.66218e-14
218.421	4.74988e-14
218.823	4.4184e-14
219.222	5.20219e-14
219.637	5.06006e-14
220.032	5.32006e-14
220.443	4.61397e-14
220.851	4.6747e-14
221.258	4.43219e-14
221.663	4.54985e-14
222.066	4.49139e-14
222.467	4.84068e-14
222.882	5.0074e-14
223.28	4.53614e-14
223.69	5.32604e-14
224.1	5.20358e-14
224.494	4.88976e-14
224.899	4.66853e-14
225.303	4.73412e-14
225.719	4.63434e-14
226.12	4.49152e-14
226.519	4.82799e-14
226.931	4.66677e-14
227.341	4.65778e-14
227.733	5.18332e-14
228.14	5.0925e-14
228.545	4.89425e-14
228.948	4.67213e-14
229.362	4.93938e-14
229.761	4.7581e-14
230.174	4.58753e-14
230.569	4.92135e-14
230.976	5.07958e-14
231.383	4.37309e-14
231.788	4.50238e-14
232.19	4.69494e-14
232.591	4.61289e-14
232.991	5.25104e-14
233.402	5.06908e-14
233.798	4.87794e-14
234.206	5.10123e-14
234.598	4.99354e-14
235.002	4.6898e-14
235.406	5.17347e-14
235.806	5.30375e-14
236.218	4.64963e-14
236.616	4.61039e-14
237.012	5.60068e-14
237.418	4.84044e-14
237.825	4.98605e-14
238.215	4.95053e-14
238.617	4.92044e-14
239.018	5.21533e-14
239.416	4.75488e-14
239.827	5.27804e-14
240.222	4.64763e-14
240.615	4.52067e-14
241.02	5.24963e-14
241.41	4.76109e-14
241.811	4.79216e-14
242.211	4.80804e-14
242.611	5.13712e-14
243.006	5.14942e-14
243.401	5.16577e-14
243.794	4.98976e-14
244.198	4.85632e-14
244.588	5.17141e-14
244.988	4.99537e-14
245.374	4.99689e-14
245.772	5.44354e-14
246.168	4.52597e-14
246.563	5.57612e-14
246.954	5.26547e-14
247.345	5.31374e-14
247.735	4.85178e-14
248.136	4.48752e-14
248.522	4.61685e-14
248.918	5.03931e-14
249.301	4.72501e-14
249.695	5.5254e-14
250.075	4.49507e-14
250.466	4.74126e-14
250.855	5.52506e-14
251.241	5.42029e-14
251.627	4.89171e-14
252.012	4.721e-14
252.395	4.99681e-14
252.776	5.24097e-14
253.155	4.95723e-14
253.534	5.00584e-14
253.912	5.04657e-14
254.286	4.92923e-14
254.66	5.89142e-14
255.033	4.92265e-14
255.404	4.8628e-14
255.894	4.95081e-14
256.262	5.09239e-14
256.628	5.44636e-14
256.995	5.67453e-14
257.357	5.97357e-14
257.722	5.40492e-14
258.082	5.30024e-14
258.442	5.18995e-14
258.801	5.12469e-14
259.157	5.27766e-14
259.632	4.8368e-14
259.987	5.27102e-14
260.342	5.40202e-14
260.694	4.79745e-14
261.045	5.59715e-14
261.395	4.9298e-14
261.745	5.38804e-14
262.093	5.21201e-14
262.554	5.47537e-14
262.901	5.43741e-14
263.244	5.71909e-14
263.588	5.31358e-14
263.932	5.27106e-14
264.272	5.13437e-14
264.613	5.1112e-14
264.952	4.88566e-14
265.404	4.93311e-14
265.742	5.3091e-14
266.078	5.16121e-14
266.413	5.68602e-14
266.747	5.17314e-14
267.083	5.46297e-14
267.414	5.11672e-14
267.746	5.21724e-14
268.078	5.81021e-14
268.409	5.64945e-14
268.738	5.55163e-14
269.177	5.38538e-14
269.505	5.83395e-14
269.832	5.45002e-14
270.158	5.67341e-14
270.485	5.53941e-14
270.81	6.01767e-14
271.135	5.54022e-14
271.459	6.22299e-14
271.781	5.03966e-14
272.104	5.3012e-14
272.427	5.55924e-14
272.748	5.42012e-14
273.069	5.55136e-14
273.389	5.73335e-14
273.71	6.22166e-14
273.922	6.00631e-14
274.241	5.68578e-14
274.56	5.88939e-14
274.88	5.89856e-14
275.197	5.57703e-14
275.515	5.94418e-14
275.831	6.13956e-14
276.044	5.83488e-14
276.36	6.86216e-14
276.676	5.48368e-14
276.992	6.25533e-14
277.204	5.67134e-14
277.52	5.33311e-14
277.836	5.53212e-14
278.152	5.43121e-14
278.363	5.38797e-14
278.677	5.96745e-14
278.888	5.20586e-14
279.205	5.68079e-14
279.52	6.75891e-14
279.732	6.00406e-14
280.047	6.71188e-14
280.258	5.70617e-14
280.575	5.78897e-14
280.788	6.35255e-14
280.999	5.65008e-14
281.316	5.6743e-14
281.531	5.66517e-14
281.743	6.28967e-14
282.06	6.30603e-14
282.275	5.43543e-14
282.49	7.21941e-14
282.707	5.83435e-14
283.024	6.49679e-14
283.241	5.90833e-14
283.458	6.15623e-14
283.676	5.55929e-14
283.894	5.92765e-14
284.113	6.78818e-14
284.333	6.11464e-14
284.551	6.77579e-14
284.774	6.32321e-14
284.893	5.78436e-14
285.116	6.1512e-14
285.339	6.70193e-14
285.562	6.07507e-14
285.688	6.44691e-14
285.912	5.8206e-14
286.139	6.50843e-14
286.266	6.19508e-14
286.493	6.54753e-14
286.621	6.32751e-14
286.852	5.88676e-14
286.983	6.08764e-14
287.213	6.074e-14
287.348	6.0702e-14
287.48	7.255e-14
287.616	7.18268e-14
287.853	7.16718e-14
287.989	6.57389e-14
288.127	5.953e-14
288.269	6.50792e-14
288.408	6.27536e-14
288.55	6.61402e-14
288.694	7.09107e-14
288.838	7.06937e-14
288.886	7.04706e-14
289.033	6.45825e-14
289.182	6.91705e-14
289.233	6.14022e-14
289.384	6.50413e-14
289.536	6.80939e-14
289.592	7.17578e-14
289.746	6.43138e-14
289.805	6.20751e-14
289.866	6.35607e-14
290.024	6.18653e-14
290.087	6.60191e-14
290.152	6.12435e-14
290.217	6.33953e-14
290.284	6.28354e-14
290.352	6.3694e-14
290.423	6.77855e-14
290.495	6.91665e-14
290.567	6.46506e-14
290.642	6.70539e-14
290.718	6.32793e-14
290.699	6.65184e-14
290.778	7.24986e-14
290.762	7.35628e-14
290.844	6.80889e-14
290.831	6.73032e-14
290.916	6.81068e-14
290.905	6.71494e-14
290.995	6.88285e-14
290.989	6.61814e-14
290.985	6.64417e-14
290.995	6.88285e-14
293.905	6.94799e-14
296.844	7.52126e-14
299.813	7.26429e-14
302.811	8.03612e-14
305.839	7.93729e-14
308.898	8.38232e-14
311.987	8.47656e-14
315.106	8.90114e-14
318.257	1.11164e-13
321.44	8.02068e-14
324.654	8.99697e-14
327.901	9.91562e-14
331.18	1.00978e-13
334.492	1.04576e-13
337.837	9.31328e-14
341.215	1.03593e-13
344.627	1.02399e-13
348.073	1.04236e-13
351.554	1.15485e-13
355.07	9.52404e-14
358.62	1.07675e-13
362.207	1.2644e-13
365.829	1.08718e-13
369.487	1.05233e-13
373.182	1.09665e-13
376.914	1.12697e-13
380.683	1.09178e-13
384.49	1.12197e-13
388.335	1.1568e-13
392.218	1.15954e-13
396.14	1.1646e-13
400.101	1.26404e-13
404.103	1.07438e-13
408.144	1.14481e-13
412.225	1.2965e-13
416.347	1.28599e-13
420.511	1.18878e-13
424.716	1.23059e-13
428.963	1.27598e-13
433.253	1.19601e-13
437.585	1.17988e-13
441.961	1.20376e-13
446.381	1.36372e-13
450.844	1.18472e-13
455.353	1.39414e-13
459.906	1.12938e-13
464.505	1.26455e-13
469.15	1.5284e-13
473.842	1.2524e-13
478.58	1.24029e-13
483.366	1.3487e-13
488.2	1.47823e-13
493.082	1.25503e-13
498.013	1.29787e-13
502.993	1.36805e-13
508.023	1.33226e-13
513.103	1.33348e-13
518.234	1.53811e-13
523.416	1.39459e-13
528.65	1.28131e-13
533.937	1.29492e-13
539.276	1.40761e-13
544.669	1.42491e-13
550.116	1.32471e-13
555.617	1.44101e-13
561.173	1.42889e-13
566.785	1.45019e-13
572.453	1.56442e-13
578.177	1.52741e-13
583.959	1.48271e-13
589.799	1.48982e-13
595.697	1.41498e-13
601.654	1.5152e-13
607.67	1.48329e-13
613.747	1.39408e-13
619.884	1.55273e-13
626.083	1.41027e-13
632.344	1.39847e-13
638.667	1.45103e-13
645.054	1.38171e-13
651.505	1.57156e-13
658.02	1.55023e-13
664.6	1.35979e-13
671.246	1.57237e-13
677.958	1.53056e-13
684.738	1.54155e-13
691.585	1.39852e-13
698.501	1.57242e-13
705.486	1.63842e-13
712.541	1.47438e-13
719.666	1.50841e-13
726.863	1.59076e-13
734.132	1.68804e-13
741.473	1.58494e-13
748.888	1.57389e-13
756.377	1.71919e-13
763.94	1.61204e-13
771.58	1.55143e-13
779.296	1.61444e-13
787.089	1.61797e-13
794.959	1.65228e-13
802.909	1.84787e-13
810.938	1.61734e-13
819.047	1.84988e-13
827.238	1.62307e-13
835.51	1.90187e-13
843.865	1.74587e-13
852.304	1.86493e-13
860.827	2.06861e-13
869.435	1.71323e-13
878.13	1.87132e-13
886.911	1.70995e-13
895.78	1.8317e-13
904.738	1.98564e-13
913.785	1.65051e-13
922.923	1.81831e-13
932.152	2.06707e-13
941.474	1.98379e-13
950.889	1.71473e-13
960.398	1.83093e-13
970.002	1.85824e-13
979.702	1.74677e-13
989.499	1.81746e-13
999.394	2.1722e-13
1009.39	1.87602e-13
1019.48	2.191e-13
1029.68	1.85437e-13
1039.97	1.92899e-13
1050.37	2.07729e-13
1060.88	2.26105e-13
1071.49	1.88113e-13
1082.2	2.03259e-13
1093.02	1.95172e-13
1103.95	1.90305e-13
1114.99	2.01157e-13
1126.14	1.98914e-13
1137.4	1.94934e-13
1148.78	1.83224e-13
1160.26	1.98034e-13
1171.87	2.146e-13
1183.59	1.94696e-13
1195.42	2.04669e-13
1207.38	2.00387e-13
1219.45	2.15472e-13
1231.64	2.14276e-13
1243.96	2.14454e-13
1256.4	2.50208e-13
1268.96	2.2491e-13
1281.65	2.26047e-13
1294.47	2.14563e-13
1307.42	2.05067e-13
1320.49	2.18373e-13
1333.69	2.09894e-13
1347.03	2.10313e-13
1360.5	2.11062e-13
1374.11	2.19677e-13
1387.85	2.29519e-13
1401.73	2.21794e-13
1415.74	2.57782e-13
1429.9	2.53731e-13
1444.2	2.27255e-13
1458.64	2.36838e-13
1473.23	2.22183e-13
1487.96	2.52035e-13
1502.84	2.63604e-13
1517.87	2.75868e-13
1533.05	2.29201e-13
1548.38	2.64636e-13
1563.86	2.56724e-13
1579.5	2.60718e-13
1595.3	2.75975e-13
1611.25	2.46675e-13
1627.36	2.68101e-13
1643.63	2.75297e-13
1660.07	2.3238e-13
1676.67	2.50001e-13
1693.44	2.51557e-13
1710.37	2.45626e-13
1727.48	2.43212e-13
1744.75	2.96287e-13
1762.2	2.67024e-13
1779.82	2.66493e-13
1797.62	2.92709e-13
1815.6	2.93699e-13
1833.75	2.70366e-13
1852.09	2.61046e-13
1870.61	2.96548e-13
1889.32	2.84161e-13
1908.21	2.83703e-13
1927.29	2.77943e-13
1946.56	2.94575e-13
1966.03	2.88683e-13
1985.69	3.02415e-13
2005.55	3.05776e-13
2025.6	3.20389e-13
2045.86	2.90192e-13
2066.32	3.46078e-13
2086.98	3.09241e-13
2107.85	2.97592e-13
2128.93	3.38919e-13
2150.22	3.01951e-13
2171.72	3.27048e-13
2193.44	3.59375e-13
2215.37	3.35968e-13
2237.52	3.36455e-13
2259.9	3.41948e-13
2282.5	3.35108e-13
2305.32	3.2844e-13
2328.38	3.47345e-13
2351.66	3.36701e-13
2375.18	3.67849e-13
2398.93	3.34397e-13
2422.92	3.77447e-13
2447.15	3.40979e-13
2471.62	3.5091e-13
2496.34	3.677e-13
2521.3	3.7239e-13
2546.51	3.87426e-13
2571.98	3.60423e-13
2597.7	3.43119e-13
2623.67	3.72566e-13
2649.91	4.08255e-13
2676.41	3.86779e-13
2703.17	3.80491e-13
2730.21	4.0726e-13
2757.51	4.17583e-13
2785.08	3.72208e-13
2812.93	4.11002e-13
2841.06	4.25722e-13
2869.47	4.22123e-13
2898.17	4.09841e-13
2927.15	4.57933e-13
2956.42	3.90298e-13
2985.99	4.55262e-13
3015.85	4.31232e-13
3046	4.17962e-13
3076.46	4.84883e-13
3107.23	4.01307e-13
3138.3	4.75834e-13
3169.68	4.4097e-13
3201.38	4.67497e-13
3233.39	4.72174e-13
3265.73	4.73701e-13
3298.39	4.77489e-13
3331.37	5.01052e-13
3364.68	4.6492e-13
3398.33	5.1543e-13
3432.31	4.89779e-13
3466.64	5.11593e-13
3501.3	5.45591e-13
3536.32	5.45471e-13
3571.68	5.24118e-13
3607.4	5.13806e-13
3643.47	5.05852e-13
3679.9	5.44847e-13
3716.7	5.28791e-13
3753.87	5.63379e-13
3791.41	5.1594e-13
3829.32	5.51208e-13
3867.62	5.80444e-13
3906.29	5.65758e-13
3945.36	6.19979e-13
3984.81	6.08683e-13
4024.66	5.9936e-13
4064.9	6.48274e-13
4105.55	6.37672e-13
4146.61	6.41896e-13
4188.07	5.80169e-13
4229.96	6.00667e-13
4272.25	5.99788e-13
4314.98	6.30345e-13
4358.13	7.00395e-13
4401.71	7.44736e-13
4445.73	7.10565e-13
4490.18	6.64229e-13
4535.08	6.93647e-13
4580.44	6.85194e-13
4626.24	6.97156e-13
4672.5	8.09639e-13
4719.23	8.22223e-13
4766.42	7.01709e-13
4814.08	7.31417e-13
4862.22	7.94184e-13
4910.85	7.94712e-13
4959.95	7.81335e-13
5009.55	7.3808e-13
5059.65	8.16023e-13
5110.25	7.7627e-13
5161.35	8.5192e-13
5212.96	8.2149e-13
5265.09	1.09804e-12
5317.74	9.64311e-13
5370.92	9.18964e-13
5424.63	9.38823e-13
5478.88	9.23645e-13
5533.66	9.28356e-13
5589	9.10163e-13
5644.89	9.30685e-13
5701.34	9.52562e-13
5758.35	9.49734e-13
5815.94	1.0157e-12
5874.1	9.92981e-13
5932.84	1.02274e-12
5992.17	1.0626e-12
6052.09	1.08458e-12
6112.61	1.10855e-12
6173.73	1.12662e-12
6235.47	1.14531e-12
6297.83	1.14294e-12
6360.8	1.33215e-12
6424.41	1.13864e-12
6488.66	1.29276e-12
6553.54	1.22042e-12
6619.08	1.41322e-12
6685.27	1.4876e-12
6752.12	1.37205e-12
6819.64	1.44979e-12
6887.84	1.54727e-12
6956.72	1.4599e-12
7026.29	1.58969e-12
7096.55	1.53023e-12
7167.51	1.56654e-12
7239.19	1.50687e-12
7311.58	1.50855e-12
7384.7	1.53176e-12
7458.54	1.79599e-12
7533.13	1.5175e-12
7608.46	1.75969e-12
7684.55	1.51315e-12
7761.39	1.6268e-12
7839	1.64354e-12
7917.39	1.86661e-12
7996.57	1.79468e-12
8076.53	1.82781e-12
8157.3	1.78808e-12
8238.87	1.97782e-12
8321.26	1.83313e-12
8404.47	2.02556e-12
8488.52	2.05522e-12
8573.4	1.92175e-12
8659.14	2.19223e-12
8745.73	2.02856e-12
8833.19	2.15558e-12
8921.52	2.10011e-12
9010.73	2.39416e-12
9100.84	2.74089e-12
9191.85	2.52844e-12
9283.77	2.55858e-12
9376.61	2.92686e-12
9470.37	2.63591e-12
9565.08	2.41999e-12
9660.73	2.64675e-12
9757.33	2.64889e-12
9854.91	3.06093e-12
9953.46	2.91455e-12
10053	2.74098e-12
10153.5	3.043e-12
10255.1	3.91888e-12
10357.6	3.13742e-12
10461.2	3.28164e-12
10565.8	3.13564e-12
10671.5	3.22698e-12
10778.2	3.53924e-12
10885.9	3.78368e-12
10994.8	3.57382e-12
11104.8	3.8276e-12
11215.8	4.03492e-12
11328	4.25231e-12
11441.2	4.22332e-12
11555.7	3.96526e-12
11671.2	4.25947e-12
11787.9	4.76703e-12
11905.8	4.88252e-12
12024.9	5.11686e-12
12145.1	4.62303e-12
12266.6	4.9957e-12
12389.2	5.39464e-12
12513.1	5.13137e-12
12638.2	5.51523e-12
12764.6	5.19497e-12
12892.3	6.01729e-12
13021.2	5.96611e-12
13151.4	6.31048e-12
13282.9	6.01132e-12
13415.8	6.37485e-12
13549.9	6.23113e-12
13685.4	6.91115e-12
13822.3	8.79468e-12
13960.5	7.71319e-12
14100.1	8.18645e-12
14241.1	7.64806e-12
14383.5	8.26699e-12
14527.3	8.18612e-12
14672.6	8.52305e-12
14819.3	8.9279e-12
14967.5	9.21377e-12
15117.2	9.6287e-12
15268.4	1.07649e-11
15421.1	1.07541e-11
15575.3	1.07776e-11
15731	1.11107e-11
15888.3	1.05511e-11
16047.2	1.1559e-11
16207.7	1.16479e-11
16369.8	1.24393e-11
16533.5	1.25044e-11
16698.8	1.32662e-11
16865.8	1.42132e-11
17034.4	1.41816e-11
17204.8	1.51674e-11
17376.8	1.62663e-11
17550.6	1.64889e-11
17726.1	1.85229e-11
17903.4	1.70289e-11
18082.4	1.81826e-11
18263.2	2.22342e-11
18445.9	1.78284e-11
18630.3	1.96837e-11
18816.6	2.01715e-11
19004.8	2.12572e-11
19194.8	2.30225e-11
19386.8	2.62574e-11
19580.7	2.56098e-11
19776.5	2.40335e-11
19974.2	2.92359e-11
20174	2.70098e-11
20375.7	2.76117e-11
20579.5	2.87341e-11
20785.3	3.07025e-11
20993.1	3.21477e-11
21203	3.4573e-11
21415.1	3.26298e-11
21629.2	3.85069e-11
21845.5	3.66247e-11
22064	4.02051e-11
22284.6	4.45738e-11
22507.5	4.22578e-11
22732.5	5.13867e-11
22959.9	4.95407e-11
23189.5	5.04975e-11
23421.4	4.6984e-11
23655.6	5.71501e-11
23892.1	5.65517e-11
24131	6.21887e-11
24372.4	6.39857e-11
24616.1	6.98499e-11
24862.2	6.9908e-11
25110.9	7.7762e-11
25362	7.22937e-11
25615.6	7.64005e-11
25871.7	8.85807e-11
26130.5	8.98734e-11
26391.8	9.3939e-11
26655.7	9.26178e-11
26922.2	1.0245e-10
27191.5	1.17235e-10
27463.4	1.11875e-10
27738	1.1594e-10
28015.4	1.59456e-10
28295.6	1.43948e-10
28578.5	1.28677e-10
28864.3	1.43833e-10
29152.9	1.48767e-10
29444.5	1.62233e-10
29738.9	1.65826e-10
30036.3	1.85942e-10
30336.7	2.15797e-10
30640	2.10881e-10
30946.4	2.23874e-10
31255.9	2.60182e-10
31568.4	2.52257e-10
31884.1	2.73623e-10
32203	2.58644e-10
32525	3.31954e-10
32850.3	3.29442e-10
33178.8	3.27888e-10
33510.5	3.58229e-10
33845.7	4.06728e-10
34184.1	3.90291e-10
34525.9	4.50072e-10
34871.2	5.1161e-10
35219.9	4.74218e-10
35572.1	5.48339e-10
35927.8	5.67247e-10
36287.1	6.01832e-10
36650	6.782e-10
37016.5	6.50344e-10
37386.7	8.32634e-10
37760.5	8.00192e-10
38138.1	8.98725e-10
38519.5	9.88097e-10
38904.7	1.02894e-09
39293.8	1.07839e-09
39686.7	1.29282e-09
40083.6	1.21124e-09
40484.4	1.30069e-09
40889.2	1.49594e-09
41298.1	1.79916e-09
41711.1	1.83798e-09
42128.2	1.81794e-09
42549.5	1.89331e-09
42975	2.43823e-09
43404.7	2.59733e-09
43838.8	2.63695e-09
44277.2	2.7564e-09
44720	3.35162e-09
45167.2	3.36082e-09
45618.8	4.00453e-09
46075	4.05877e-09
46535.8	4.32812e-09
47001.1	5.52115e-09
47471.1	4.78892e-09
47945.8	5.63613e-09
48425.3	6.80893e-09
48909.6	6.99571e-09
49398.6	7.35961e-09
49892.6	8.64415e-09
50391.6	8.57778e-09
50895.5	9.31683e-09
51404.4	1.17355e-08
51918.5	1.13479e-08
52437.7	1.31864e-08
52962	1.41849e-08
53491.7	1.60415e-08
54026.6	1.7049e-08
54566.8	1.89813e-08
55112.5	2.31966e-08
55663.6	2.49715e-08
56220.3	3.10012e-08
56782.5	3.20466e-08
57350.3	3.2015e-08
57923.8	3.29135e-08
58503	4.065e-08
59088.1	4.57935e-08
59679	5.34832e-08
60275.7	6.16514e-08
60878.5	6.00699e-08
61487.3	7.13726e-08
62102.2	9.00183e-08
62723.2	9.13496e-08
63350.4	9.4356e-08
63983.9	1.26246e-07
64623.8	1.14906e-07
65270	1.4612e-07
65922.7	1.61036e-07
66581.9	1.80448e-07
67247.7	1.96212e-07
67920.2	2.24171e-07
68599.4	2.98094e-07
69285.4	3.01465e-07
69978.3	3.93071e-07
70678	4.44202e-07
71384.8	5.52664e-07
72098.7	4.9706e-07
72819.7	6.23105e-07
73547.9	6.46472e-07
74283.3	8.46492e-07
75026.2	9.44966e-07
75776.4	1.04462e-06
76534.2	1.221e-06
77299.5	1.30079e-06
78072.5	1.63108e-06
78853.3	1.73201e-06
79641.8	2.38519e-06
80438.2	2.45935e-06
81242.6	2.95252e-06
82055	4.41358e-06
82875.6	3.56512e-06
83704.3	4.38107e-06
84541.4	5.77141e-06
85386.8	5.94658e-06
86240.6	7.31385e-06
87103.1	9.35437e-06
87974.1	1.04548e-05
88853.8	1.26646e-05
89742.4	1.38751e-05
90639.8	1.98957e-05
91546.2	2.35363e-05
92461.6	2.34803e-05
93386.3	2.84634e-05
94320.1	3.18402e-05
95263.3	4.08656e-05
96216	4.49058e-05
97178.1	5.93073e-05
98149.9	6.76055e-05
99131.4	9.21306e-05
