3.16E-04	3.47E-06	1.30E-06	8.04E-07
3.24E-04	3.31E-06	1.25E-06	7.67E-07
3.31E-04	3.16E-06	1.19E-06	7.33E-07
3.39E-04	3.02E-06	1.13E-06	6.99E-07
3.47E-04	2.88E-06	1.08E-06	6.67E-07
3.55E-04	2.75E-06	1.03E-06	6.37E-07
3.64E-04	2.62E-06	9.87E-07	6.08E-07
3.72E-04	2.50E-06	9.42E-07	5.81E-07
3.81E-04	2.39E-06	8.99E-07	5.54E-07
3.90E-04	2.28E-06	8.58E-07	5.29E-07
3.99E-04	2.18E-06	8.19E-07	5.05E-07
4.08E-04	2.08E-06	7.82E-07	4.82E-07
4.18E-04	1.98E-06	7.47E-07	4.60E-07
4.28E-04	1.89E-06	7.13E-07	4.39E-07
4.38E-04	1.81E-06	6.80E-07	4.19E-07
4.48E-04	1.73E-06	6.49E-07	4.00E-07
4.59E-04	1.65E-06	6.20E-07	3.82E-07
4.70E-04	1.57E-06	5.92E-07	3.65E-07
4.81E-04	1.50E-06	5.65E-07	3.48E-07
4.92E-04	1.43E-06	5.39E-07	3.32E-07
5.04E-04	1.37E-06	5.15E-07	3.17E-07
5.15E-04	1.31E-06	4.91E-07	3.03E-07
5.27E-04	1.25E-06	4.69E-07	2.89E-07
5.40E-04	1.19E-06	4.48E-07	2.76E-07
5.53E-04	1.14E-06	4.27E-07	2.63E-07
5.66E-04	1.08E-06	4.08E-07	2.51E-07
5.79E-04	1.03E-06	3.89E-07	2.40E-07
5.93E-04	9.87E-07	3.72E-07	2.29E-07
6.06E-04	9.42E-07	3.55E-07	2.19E-07
6.21E-04	9.00E-07	3.39E-07	2.09E-07
6.35E-04	8.59E-07	3.23E-07	1.99E-07
6.50E-04	8.20E-07	3.08E-07	1.90E-07
6.66E-04	7.82E-07	2.94E-07	1.81E-07
6.81E-04	7.47E-07	2.81E-07	1.73E-07
6.97E-04	7.13E-07	2.68E-07	1.65E-07
7.14E-04	6.81E-07	2.56E-07	1.58E-07
7.31E-04	6.50E-07	2.44E-07	1.51E-07
7.48E-04	6.20E-07	2.33E-07	1.44E-07
7.65E-04	5.92E-07	2.23E-07	1.37E-07
7.83E-04	5.65E-07	2.13E-07	1.31E-07
8.02E-04	5.39E-07	2.03E-07	1.25E-07
8.21E-04	5.15E-07	1.94E-07	1.19E-07
8.40E-04	4.91E-07	1.85E-07	1.14E-07
8.60E-04	4.69E-07	1.77E-07	1.09E-07
8.80E-04	4.48E-07	1.69E-07	1.04E-07
9.01E-04	4.27E-07	1.61E-07	9.91E-08
9.22E-04	4.08E-07	1.54E-07	9.46E-08
9.44E-04	3.89E-07	1.47E-07	9.03E-08
9.66E-04	3.72E-07	1.40E-07	8.62E-08
9.88E-04	3.55E-07	1.34E-07	8.23E-08
1.01E-03	3.39E-07	1.27E-07	7.86E-08
1.04E-03	3.23E-07	1.22E-07	7.50E-08
1.06E-03	3.09E-07	1.16E-07	7.16E-08
1.08E-03	2.95E-07	1.11E-07	6.83E-08
1.11E-03	2.81E-07	1.06E-07	6.52E-08
1.14E-03	2.68E-07	1.01E-07	6.23E-08
1.16E-03	2.56E-07	9.64E-08	5.94E-08
1.19E-03	2.45E-07	9.21E-08	5.67E-08
1.22E-03	2.33E-07	8.79E-08	5.42E-08
1.25E-03	2.23E-07	8.39E-08	5.17E-08
1.28E-03	2.13E-07	8.01E-08	4.94E-08
1.31E-03	2.03E-07	7.64E-08	4.71E-08
1.34E-03	1.94E-07	7.30E-08	4.50E-08
1.37E-03	1.85E-07	6.97E-08	4.29E-08
1.40E-03	1.77E-07	6.65E-08	4.10E-08
1.43E-03	1.69E-07	6.35E-08	3.91E-08
1.47E-03	1.61E-07	6.06E-08	3.74E-08
1.50E-03	1.54E-07	5.78E-08	3.57E-08
1.54E-03	1.47E-07	5.52E-08	3.40E-08
1.57E-03	1.40E-07	5.27E-08	3.25E-08
1.61E-03	1.34E-07	5.03E-08	3.10E-08
1.65E-03	1.28E-07	4.80E-08	2.96E-08
1.69E-03	1.22E-07	4.59E-08	2.83E-08
1.73E-03	1.16E-07	4.38E-08	2.70E-08
1.77E-03	1.11E-07	4.18E-08	2.58E-08
1.81E-03	1.06E-07	3.99E-08	2.46E-08
1.85E-03	1.01E-07	3.81E-08	2.35E-08
1.90E-03	9.65E-08	3.64E-08	2.24E-08
1.94E-03	9.21E-08	3.47E-08	2.14E-08
1.99E-03	8.80E-08	3.32E-08	2.04E-08
2.03E-03	8.40E-08	3.17E-08	1.95E-08
2.08E-03	8.01E-08	3.02E-08	1.86E-08
2.13E-03	7.65E-08	2.89E-08	1.78E-08
2.18E-03	7.30E-08	2.76E-08	1.70E-08
2.23E-03	6.97E-08	2.63E-08	1.62E-08
2.28E-03	6.66E-08	2.51E-08	1.55E-08
2.34E-03	6.35E-08	2.40E-08	1.48E-08
2.39E-03	6.07E-08	2.29E-08	1.41E-08
2.45E-03	5.79E-08	2.19E-08	1.35E-08
2.51E-03	5.53E-08	2.09E-08	1.29E-08
2.57E-03	5.28E-08	2.00E-08	1.23E-08
2.63E-03	5.04E-08	1.91E-08	1.18E-08
2.69E-03	4.81E-08	1.82E-08	1.12E-08
2.75E-03	4.59E-08	1.74E-08	1.07E-08
2.82E-03	4.39E-08	1.66E-08	1.03E-08
2.88E-03	4.19E-08	1.59E-08	9.81E-09
2.95E-03	4.00E-08	1.52E-08	9.38E-09
3.02E-03	3.82E-08	1.45E-08	8.96E-09
3.09E-03	3.64E-08	1.39E-08	8.57E-09
3.16E-03	3.48E-08	1.33E-08	8.19E-09
3.24E-03	3.32E-08	1.27E-08	7.84E-09
3.31E-03	3.17E-08	1.21E-08	7.49E-09
3.39E-03	3.03E-08	1.16E-08	7.17E-09
3.47E-03	2.89E-08	1.11E-08	6.86E-09
3.55E-03	2.76E-08	1.06E-08	6.57E-09
3.64E-03	2.64E-08	1.01E-08	6.29E-09
3.72E-03	2.52E-08	9.71E-09	6.02E-09
3.81E-03	2.41E-08	9.29E-09	5.77E-09
3.90E-03	2.30E-08	8.90E-09	5.53E-09
3.99E-03	2.20E-08	8.53E-09	5.30E-09
4.08E-03	2.10E-08	8.17E-09	5.08E-09
4.18E-03	2.01E-08	7.83E-09	4.88E-09
4.28E-03	1.92E-08	7.51E-09	4.68E-09
4.38E-03	1.83E-08	7.21E-09	4.50E-09
4.48E-03	1.75E-08	6.92E-09	4.32E-09
4.59E-03	1.68E-08	6.65E-09	4.16E-09
4.70E-03	1.60E-08	6.39E-09	4.00E-09
4.81E-03	1.53E-08	6.14E-09	3.86E-09
4.92E-03	1.47E-08	5.92E-09	3.72E-09
5.04E-03	1.40E-08	5.70E-09	3.59E-09
5.15E-03	1.34E-08	5.50E-09	3.47E-09
5.27E-03	1.28E-08	5.30E-09	3.36E-09
5.40E-03	1.23E-08	5.13E-09	3.25E-09
5.53E-03	1.18E-08	4.96E-09	3.16E-09
5.66E-03	1.13E-08	4.81E-09	3.07E-09
5.79E-03	1.08E-08	4.66E-09	2.99E-09
5.93E-03	1.04E-08	4.53E-09	2.92E-09
6.06E-03	9.94E-09	4.42E-09	2.85E-09
6.21E-03	9.54E-09	4.31E-09	2.80E-09
6.35E-03	9.16E-09	4.21E-09	2.75E-09
6.50E-03	8.80E-09	4.13E-09	2.71E-09
6.66E-03	8.46E-09	4.06E-09	2.69E-09
6.81E-03	8.13E-09	4.01E-09	2.67E-09
6.97E-03	7.83E-09	3.96E-09	2.66E-09
7.14E-03	7.54E-09	3.93E-09	2.65E-09
7.31E-03	7.28E-09	3.92E-09	2.66E-09
7.48E-03	7.02E-09	3.91E-09	2.66E-09
7.65E-03	6.79E-09	3.92E-09	2.67E-09
7.83E-03	6.57E-09	3.93E-09	2.67E-09
8.02E-03	6.37E-09	3.94E-09	2.65E-09
8.21E-03	6.18E-09	3.94E-09	2.60E-09
8.40E-03	6.01E-09	3.91E-09	2.53E-09
8.60E-03	5.85E-09	3.84E-09	2.44E-09
8.80E-03	5.71E-09	3.74E-09	2.34E-09
9.01E-03	5.59E-09	3.61E-09	2.24E-09
9.22E-03	5.48E-09	3.45E-09	2.14E-09
9.44E-03	5.39E-09	3.30E-09	2.06E-09
9.66E-03	5.32E-09	3.17E-09	2.00E-09
9.88E-03	5.26E-09	3.05E-09	1.95E-09
1.01E-02	5.22E-09	2.95E-09	1.91E-09
1.04E-02	5.20E-09	2.88E-09	1.88E-09
1.06E-02	5.20E-09	2.82E-09	1.84E-09
1.08E-02	5.21E-09	2.77E-09	1.80E-09
1.11E-02	5.22E-09	2.72E-09	1.76E-09
1.14E-02	5.23E-09	2.67E-09	1.72E-09
1.16E-02	5.23E-09	2.60E-09	1.68E-09
1.19E-02	5.19E-09	2.53E-09	1.67E-09
1.22E-02	5.10E-09	2.48E-09	1.68E-09
1.25E-02	4.95E-09	2.47E-09	1.69E-09
1.28E-02	4.77E-09	2.48E-09	1.64E-09
1.31E-02	4.57E-09	2.49E-09	1.53E-09
1.34E-02	4.37E-09	2.43E-09	1.41E-09
1.37E-02	4.19E-09	2.27E-09	1.33E-09
1.40E-02	4.04E-09	2.09E-09	1.31E-09
1.43E-02	3.91E-09	1.96E-09	1.39E-09
1.47E-02	3.82E-09	1.94E-09	1.57E-09
1.50E-02	3.74E-09	2.05E-09	1.56E-09
1.54E-02	3.68E-09	2.30E-09	1.29E-09
1.57E-02	3.61E-09	2.32E-09	1.13E-09
1.61E-02	3.53E-09	1.92E-09	1.11E-09
1.65E-02	3.44E-09	1.67E-09	1.25E-09
1.69E-02	3.36E-09	1.63E-09	1.46E-09
1.73E-02	3.30E-09	1.83E-09	1.20E-09
1.77E-02	3.28E-09	2.15E-09	1.02E-09
1.81E-02	3.29E-09	1.79E-09	1.02E-09
1.85E-02	3.30E-09	1.51E-09	1.13E-09
1.90E-02	3.21E-09	1.50E-09	1.12E-09
1.94E-02	2.99E-09	1.65E-09	1.03E-09
1.99E-02	2.75E-09	1.66E-09	9.48E-10
2.03E-02	2.60E-09	1.53E-09	9.03E-10
2.08E-02	2.58E-09	1.41E-09	1.08E-09
2.13E-02	2.74E-09	1.33E-09	1.03E-09
2.18E-02	3.09E-09	1.57E-09	7.88E-10
2.23E-02	3.04E-09	1.56E-09	9.51E-10
2.28E-02	2.51E-09	1.17E-09	9.49E-10
2.34E-02	2.20E-09	1.37E-09	7.83E-10
2.39E-02	2.18E-09	1.43E-09	8.71E-10
2.45E-02	2.47E-09	1.15E-09	7.78E-10
2.51E-02	2.86E-09	1.29E-09	8.05E-10
2.57E-02	2.33E-09	1.15E-09	8.10E-10
2.63E-02	2.00E-09	1.19E-09	6.78E-10
2.69E-02	2.01E-09	1.19E-09	9.67E-10
2.75E-02	2.21E-09	1.01E-09	6.35E-10
2.82E-02	2.19E-09	1.36E-09	8.28E-10
2.88E-02	2.02E-09	9.48E-10	6.44E-10
2.95E-02	1.85E-09	1.20E-09	7.01E-10
3.02E-02	1.77E-09	9.49E-10	6.01E-10
3.09E-02	2.15E-09	1.03E-09	8.14E-10
3.16E-02	1.98E-09	8.97E-10	6.23E-10
3.24E-02	1.54E-09	1.21E-09	5.51E-10
3.31E-02	1.91E-09	8.96E-10	6.06E-10
3.39E-02	1.82E-09	8.11E-10	5.82E-10
3.47E-02	1.54E-09	9.13E-10	4.95E-10
3.55E-02	1.70E-09	8.45E-10	5.22E-10
3.64E-02	1.52E-09	7.34E-10	5.26E-10
3.72E-02	1.58E-09	7.96E-10	5.93E-10
3.81E-02	1.59E-09	7.89E-10	5.73E-10
3.90E-02	1.32E-09	8.85E-10	5.68E-10
3.99E-02	1.99E-09	8.33E-10	5.77E-10
4.08E-02	1.23E-09	8.18E-10	5.36E-10
4.18E-02	1.63E-09	8.14E-10	4.48E-10
4.28E-02	1.27E-09	7.56E-10	4.50E-10
4.38E-02	1.38E-09	6.61E-10	4.42E-10
4.48E-02	1.17E-09	6.68E-10	4.31E-10
4.59E-02	1.56E-09	6.55E-10	4.27E-10
4.70E-02	1.25E-09	6.36E-10	4.37E-10
4.81E-02	1.09E-09	6.29E-10	4.18E-10
4.92E-02	1.17E-09	6.40E-10	4.08E-10
5.04E-02	1.16E-09	6.12E-10	3.89E-10
5.15E-02	9.71E-10	5.97E-10	3.86E-10
5.27E-02	9.98E-10	5.74E-10	3.79E-10
5.40E-02	1.02E-09	5.70E-10	3.72E-10
5.53E-02	1.14E-09	5.57E-10	3.61E-10
5.66E-02	1.13E-09	5.47E-10	3.49E-10
5.79E-02	1.13E-09	5.31E-10	3.39E-10
5.93E-02	1.17E-09	5.15E-10	3.31E-10
6.06E-02	1.09E-09	5.00E-10	3.23E-10
6.21E-02	8.80E-10	4.89E-10	3.16E-10
6.35E-02	8.80E-10	4.77E-10	3.10E-10
6.50E-02	8.65E-10	4.67E-10	3.03E-10
6.66E-02	8.45E-10	4.57E-10	2.96E-10
6.81E-02	8.40E-10	4.47E-10	2.90E-10
6.97E-02	8.59E-10	4.36E-10	2.84E-10
7.14E-02	8.26E-10	4.28E-10	2.77E-10
7.31E-02	8.05E-10	4.19E-10	2.70E-10
7.48E-02	7.62E-10	4.09E-10	2.64E-10
7.65E-02	7.56E-10	3.99E-10	2.58E-10
7.83E-02	7.44E-10	3.89E-10	2.52E-10
8.02E-02	7.23E-10	3.81E-10	2.46E-10
8.21E-02	7.07E-10	3.72E-10	2.41E-10
8.40E-02	6.84E-10	3.64E-10	2.35E-10
8.60E-02	6.64E-10	3.55E-10	2.30E-10
8.80E-02	6.50E-10	3.47E-10	2.24E-10
9.01E-02	6.34E-10	3.39E-10	2.19E-10
9.22E-02	6.19E-10	3.31E-10	2.14E-10
9.44E-02	6.06E-10	3.24E-10	2.09E-10
9.66E-02	5.93E-10	3.16E-10	2.04E-10
9.88E-02	5.79E-10	3.09E-10	2.00E-10
1.01E-01	5.67E-10	3.02E-10	1.95E-10
1.04E-01	5.55E-10	2.95E-10	1.91E-10
1.06E-01	5.42E-10	2.88E-10	1.86E-10
1.08E-01	5.29E-10	2.82E-10	1.82E-10
1.11E-01	5.16E-10	2.75E-10	1.78E-10
1.14E-01	5.05E-10	2.69E-10	1.74E-10
1.16E-01	4.93E-10	2.63E-10	1.70E-10
1.19E-01	4.82E-10	2.57E-10	1.66E-10
1.22E-01	4.71E-10	2.51E-10	1.62E-10
1.25E-01	4.60E-10	2.45E-10	1.58E-10
1.28E-01	4.50E-10	2.39E-10	1.55E-10
1.31E-01	4.39E-10	2.34E-10	1.51E-10
1.34E-01	4.29E-10	2.28E-10	1.48E-10
1.37E-01	4.19E-10	2.23E-10	1.44E-10
1.40E-01	4.10E-10	2.18E-10	1.41E-10
1.43E-01	4.00E-10	2.13E-10	1.38E-10
1.47E-01	3.91E-10	2.08E-10	1.34E-10
1.50E-01	3.82E-10	2.03E-10	1.31E-10
1.54E-01	3.73E-10	1.99E-10	1.28E-10
1.57E-01	3.65E-10	1.94E-10	1.25E-10
1.61E-01	3.56E-10	1.90E-10	1.23E-10
1.65E-01	3.48E-10	1.85E-10	1.20E-10
1.69E-01	3.40E-10	1.81E-10	1.17E-10
1.73E-01	3.32E-10	1.77E-10	1.14E-10
1.77E-01	3.25E-10	1.73E-10	1.12E-10
1.81E-01	3.17E-10	1.69E-10	1.09E-10
1.85E-01	3.10E-10	1.65E-10	1.07E-10
1.90E-01	3.03E-10	1.61E-10	1.04E-10
1.94E-01	2.96E-10	1.57E-10	1.02E-10
1.99E-01	2.89E-10	1.54E-10	9.94E-11
2.03E-01	2.82E-10	1.50E-10	9.71E-11
2.08E-01	2.76E-10	1.47E-10	9.49E-11
2.13E-01	2.69E-10	1.43E-10	9.27E-11
2.18E-01	2.63E-10	1.40E-10	9.06E-11
2.23E-01	2.57E-10	1.37E-10	8.85E-11
2.28E-01	2.51E-10	1.34E-10	8.65E-11
2.34E-01	2.46E-10	1.31E-10	8.45E-11
2.39E-01	2.40E-10	1.28E-10	8.25E-11
2.45E-01	2.34E-10	1.25E-10	8.06E-11
2.51E-01	2.29E-10	1.22E-10	7.88E-11
2.57E-01	2.24E-10	1.19E-10	7.70E-11
2.63E-01	2.19E-10	1.16E-10	7.52E-11
2.69E-01	2.14E-10	1.14E-10	7.35E-11
2.75E-01	2.09E-10	1.11E-10	7.18E-11
2.82E-01	2.04E-10	1.08E-10	7.01E-11
2.88E-01	1.99E-10	1.06E-10	6.85E-11
2.95E-01	1.95E-10	1.04E-10	6.69E-11
3.02E-01	1.90E-10	1.01E-10	6.54E-11
3.09E-01	1.86E-10	9.88E-11	6.39E-11
3.16E-01	1.81E-10	9.66E-11	6.24E-11
3.20E-01	1.79E-10	9.55E-11	6.17E-11
3.24E-01	1.77E-10	9.44E-11	6.10E-11
3.27E-01	1.75E-10	9.33E-11	6.03E-11
3.31E-01	1.73E-10	9.22E-11	5.96E-11
3.35E-01	1.71E-10	9.11E-11	5.89E-11
3.39E-01	1.69E-10	9.01E-11	5.82E-11
3.43E-01	1.67E-10	8.90E-11	5.75E-11
3.47E-01	1.65E-10	8.80E-11	5.69E-11
3.51E-01	1.63E-10	8.70E-11	5.62E-11
3.55E-01	1.62E-10	8.60E-11	5.56E-11
3.59E-01	1.60E-10	8.50E-11	5.49E-11
3.64E-01	1.58E-10	8.40E-11	5.43E-11
3.68E-01	1.56E-10	8.30E-11	5.37E-11
3.72E-01	1.54E-10	8.21E-11	5.30E-11
3.76E-01	1.52E-10	8.11E-11	5.24E-11
3.81E-01	1.51E-10	8.02E-11	5.18E-11
3.85E-01	1.49E-10	7.92E-11	5.12E-11
3.90E-01	1.47E-10	7.83E-11	5.06E-11
3.94E-01	1.45E-10	7.74E-11	5.00E-11
3.99E-01	1.44E-10	7.65E-11	4.95E-11
4.04E-01	1.42E-10	7.56E-11	4.89E-11
4.08E-01	1.41E-10	7.48E-11	4.83E-11
4.13E-01	1.39E-10	7.39E-11	4.78E-11
4.18E-01	1.37E-10	7.31E-11	4.72E-11
4.23E-01	1.36E-10	7.22E-11	4.67E-11
4.28E-01	1.34E-10	7.14E-11	4.61E-11
4.33E-01	1.33E-10	7.05E-11	4.56E-11
4.38E-01	1.31E-10	6.97E-11	4.51E-11
4.43E-01	1.30E-10	6.89E-11	4.46E-11
4.48E-01	1.28E-10	6.81E-11	4.40E-11
4.53E-01	1.27E-10	6.73E-11	4.35E-11
4.59E-01	1.25E-10	6.66E-11	4.30E-11
4.64E-01	1.24E-10	6.58E-11	4.25E-11
4.70E-01	1.22E-10	6.50E-11	4.20E-11
4.75E-01	1.21E-10	6.43E-11	4.16E-11
4.81E-01	1.19E-10	6.35E-11	4.11E-11
4.86E-01	1.18E-10	6.28E-11	4.06E-11
4.92E-01	1.17E-10	6.21E-11	4.01E-11
4.98E-01	1.15E-10	6.14E-11	3.97E-11
5.04E-01	1.14E-10	6.07E-11	3.92E-11
5.09E-01	1.13E-10	5.99E-11	3.88E-11
5.15E-01	1.11E-10	5.93E-11	3.83E-11
5.21E-01	1.10E-10	5.86E-11	3.79E-11
5.27E-01	1.09E-10	5.79E-11	3.74E-11
5.34E-01	1.08E-10	5.72E-11	3.70E-11
5.40E-01	1.06E-10	5.66E-11	3.66E-11
5.46E-01	1.05E-10	5.59E-11	3.61E-11
5.53E-01	1.04E-10	5.53E-11	3.57E-11
5.59E-01	1.03E-10	5.46E-11	3.53E-11
5.66E-01	1.01E-10	5.40E-11	3.49E-11
5.72E-01	1.00E-10	5.34E-11	3.45E-11
5.79E-01	9.91E-11	5.28E-11	3.41E-11
5.86E-01	9.80E-11	5.21E-11	3.37E-11
5.93E-01	9.69E-11	5.15E-11	3.33E-11
5.99E-01	9.57E-11	5.09E-11	3.29E-11
6.06E-01	9.46E-11	5.04E-11	3.25E-11
6.14E-01	9.35E-11	4.98E-11	3.22E-11
6.21E-01	9.24E-11	4.92E-11	3.18E-11
6.28E-01	9.14E-11	4.86E-11	3.14E-11
6.35E-01	9.03E-11	4.81E-11	3.11E-11
6.43E-01	8.93E-11	4.75E-11	3.07E-11
6.50E-01	8.82E-11	4.70E-11	3.04E-11
6.58E-01	8.72E-11	4.64E-11	3.00E-11
6.66E-01	8.62E-11	4.59E-11	2.97E-11
6.73E-01	8.52E-11	4.53E-11	2.93E-11
6.81E-01	8.42E-11	4.48E-11	2.90E-11
6.89E-01	8.33E-11	4.43E-11	2.86E-11
6.97E-01	8.23E-11	4.38E-11	2.83E-11
7.05E-01	8.13E-11	4.33E-11	2.80E-11
7.14E-01	8.04E-11	4.28E-11	2.77E-11
7.22E-01	7.95E-11	4.23E-11	2.73E-11
7.31E-01	7.86E-11	4.18E-11	2.70E-11
7.39E-01	7.76E-11	4.13E-11	2.67E-11
7.48E-01	7.68E-11	4.08E-11	2.64E-11
7.56E-01	7.59E-11	4.04E-11	2.61E-11
7.65E-01	7.50E-11	3.99E-11	2.58E-11
7.74E-01	7.41E-11	3.94E-11	2.55E-11
7.83E-01	7.33E-11	3.90E-11	2.52E-11
7.92E-01	7.24E-11	3.85E-11	2.49E-11
8.02E-01	7.16E-11	3.81E-11	2.46E-11
8.11E-01	7.07E-11	3.77E-11	2.43E-11
8.21E-01	6.99E-11	3.72E-11	2.41E-11
8.30E-01	6.91E-11	3.68E-11	2.38E-11
8.40E-01	6.83E-11	3.64E-11	2.35E-11
8.50E-01	6.75E-11	3.59E-11	2.32E-11
8.60E-01	6.68E-11	3.55E-11	2.30E-11
8.70E-01	6.60E-11	3.51E-11	2.27E-11
8.80E-01	6.52E-11	3.47E-11	2.24E-11
8.90E-01	6.45E-11	3.43E-11	2.22E-11
9.01E-01	6.37E-11	3.39E-11	2.19E-11
9.11E-01	6.30E-11	3.35E-11	2.17E-11
9.22E-01	6.23E-11	3.31E-11	2.14E-11
9.33E-01	6.15E-11	3.27E-11	2.12E-11
9.44E-01	6.08E-11	3.24E-11	2.09E-11
9.55E-01	6.01E-11	3.20E-11	2.07E-11
9.66E-01	5.94E-11	3.16E-11	2.04E-11
9.77E-01	5.87E-11	3.13E-11	2.02E-11
9.88E-01	5.81E-11	3.09E-11	2.00E-11
1.00E+00	5.81E-11	3.09E-11	2.00E-11
1.02E+00	5.67E-11	3.02E-11	1.95E-11
1.05E+00	5.54E-11	2.95E-11	1.91E-11
1.07E+00	5.41E-11	2.88E-11	1.86E-11
1.10E+00	5.29E-11	2.82E-11	1.82E-11
1.12E+00	5.17E-11	2.75E-11	1.78E-11
1.15E+00	5.05E-11	2.69E-11	1.74E-11
1.18E+00	4.93E-11	2.62E-11	1.70E-11
1.20E+00	4.82E-11	2.56E-11	1.66E-11
1.23E+00	4.71E-11	2.51E-11	1.62E-11
1.26E+00	4.60E-11	2.45E-11	1.58E-11
1.29E+00	4.49E-11	2.39E-11	1.55E-11
1.32E+00	4.39E-11	2.34E-11	1.51E-11
1.35E+00	4.29E-11	2.28E-11	1.48E-11
1.38E+00	4.19E-11	2.23E-11	1.44E-11
1.42E+00	4.09E-11	2.18E-11	1.41E-11
1.45E+00	4.00E-11	2.13E-11	1.38E-11
1.48E+00	3.91E-11	2.08E-11	1.34E-11
1.52E+00	3.82E-11	2.03E-11	1.31E-11
1.56E+00	3.73E-11	1.98E-11	1.28E-11
1.59E+00	3.64E-11	1.94E-11	1.25E-11
1.63E+00	3.56E-11	1.89E-11	1.22E-11
1.67E+00	3.48E-11	1.85E-11	1.20E-11
1.71E+00	3.40E-11	1.81E-11	1.17E-11
1.75E+00	3.32E-11	1.77E-11	1.14E-11
1.79E+00	3.24E-11	1.73E-11	1.12E-11
1.83E+00	3.17E-11	1.69E-11	1.09E-11
1.87E+00	3.09E-11	1.65E-11	1.06E-11
1.92E+00	3.02E-11	1.61E-11	1.04E-11
1.96E+00	2.95E-11	1.57E-11	1.02E-11
2.01E+00	2.88E-11	1.53E-11	9.92E-12
2.06E+00	2.82E-11	1.50E-11	9.69E-12
2.10E+00	2.75E-11	1.46E-11	9.47E-12
2.15E+00	2.69E-11	1.43E-11	9.25E-12
2.21E+00	2.63E-11	1.40E-11	9.04E-12
2.26E+00	2.57E-11	1.37E-11	8.83E-12
2.31E+00	2.51E-11	1.33E-11	8.62E-12
2.36E+00	2.45E-11	1.30E-11	8.42E-12
2.42E+00	2.39E-11	1.27E-11	8.23E-12
2.48E+00	2.34E-11	1.24E-11	8.04E-12
2.54E+00	2.28E-11	1.21E-11	7.85E-12
2.60E+00	2.23E-11	1.19E-11	7.67E-12
2.66E+00	2.18E-11	1.16E-11	7.49E-12
2.72E+00	2.13E-11	1.13E-11	7.32E-12
2.78E+00	2.08E-11	1.11E-11	7.15E-12
2.85E+00	2.03E-11	1.08E-11	6.98E-12
2.92E+00	1.98E-11	1.06E-11	6.82E-12
2.98E+00	1.94E-11	1.03E-11	6.66E-12
3.05E+00	1.89E-11	1.01E-11	6.51E-12
3.13E+00	1.85E-11	9.83E-12	6.36E-12
3.20E+00	1.80E-11	9.60E-12	6.21E-12
3.27E+00	1.76E-11	9.38E-12	6.06E-12
3.35E+00	1.72E-11	9.16E-12	5.92E-12
3.43E+00	1.68E-11	8.94E-12	5.78E-12
3.51E+00	1.64E-11	8.73E-12	5.64E-12
3.59E+00	1.60E-11	8.52E-12	5.51E-12
3.68E+00	1.56E-11	8.31E-12	5.37E-12
3.76E+00	1.52E-11	8.11E-12	5.24E-12
3.85E+00	1.49E-11	7.91E-12	5.11E-12
3.94E+00	1.45E-11	7.71E-12	4.98E-12
4.04E+00	1.41E-11	7.51E-12	4.85E-12
4.13E+00	1.37E-11	7.31E-12	4.72E-12
4.23E+00	1.34E-11	7.11E-12	4.59E-12
4.33E+00	1.30E-11	6.89E-12	4.46E-12
4.43E+00	1.26E-11	6.69E-12	4.33E-12
4.53E+00	1.22E-11	6.47E-12	4.19E-12
4.64E+00	1.17E-11	6.25E-12	4.04E-12
4.75E+00	1.13E-11	6.03E-12	3.90E-12
4.86E+00	1.09E-11	5.79E-12	3.74E-12
4.98E+00	1.05E-11	5.56E-12	3.60E-12
5.09E+00	9.99E-12	5.31E-12	3.43E-12
5.21E+00	9.55E-12	5.08E-12	3.29E-12
5.34E+00	9.12E-12	4.85E-12	3.14E-12
5.46E+00	8.68E-12	4.62E-12	2.98E-12
5.59E+00	8.21E-12	4.37E-12	2.83E-12
5.72E+00	7.76E-12	4.13E-12	2.67E-12
5.86E+00	7.35E-12	3.91E-12	2.53E-12
5.99E+00	6.96E-12	3.70E-12	2.39E-12
6.14E+00	6.57E-12	3.50E-12	2.26E-12
6.28E+00	6.21E-12	3.31E-12	2.14E-12
6.43E+00	5.88E-12	3.13E-12	2.02E-12
6.58E+00	5.53E-12	2.94E-12	1.90E-12
6.73E+00	5.22E-12	2.78E-12	1.80E-12
6.89E+00	4.94E-12	2.63E-12	1.70E-12
7.05E+00	4.66E-12	2.48E-12	1.60E-12
7.22E+00	4.39E-12	2.34E-12	1.51E-12
7.39E+00	4.18E-12	2.22E-12	1.44E-12
7.56E+00	3.95E-12	2.10E-12	1.36E-12
7.74E+00	3.73E-12	1.98E-12	1.28E-12
7.92E+00	3.54E-12	1.89E-12	1.22E-12
8.11E+00	3.37E-12	1.79E-12	1.16E-12
8.30E+00	3.19E-12	1.70E-12	1.10E-12
8.50E+00	2.99E-12	1.59E-12	1.03E-12
8.70E+00	2.86E-12	1.52E-12	9.84E-13
8.90E+00	2.76E-12	1.47E-12	9.48E-13
9.11E+00	2.63E-12	1.40E-12	9.04E-13
9.33E+00	2.49E-12	1.33E-12	8.57E-13
9.55E+00	2.36E-12	1.26E-12	8.13E-13
9.77E+00	2.26E-12	1.20E-12	7.76E-13
1.00E+01	2.19E-12	1.16E-12	7.52E-13
1.00E+01	2.10E-12	1.09E-12	7.55E-13
1.02E+01	1.98E-12	1.03E-12	7.29E-13
1.05E+01	1.90E-12	9.88E-13	7.00E-13
1.07E+01	1.84E-12	9.54E-13	6.76E-13
1.10E+01	1.79E-12	9.32E-13	6.61E-13
1.12E+01	1.74E-12	9.03E-13	6.40E-13
1.15E+01	1.70E-12	8.84E-13	6.27E-13
1.18E+01	1.65E-12	8.60E-13	6.09E-13
1.20E+01	1.62E-12	8.42E-13	5.97E-13
1.23E+01	1.59E-12	8.24E-13	5.84E-13
1.26E+01	1.54E-12	8.02E-13	5.69E-13
1.29E+01	1.50E-12	7.80E-13	5.52E-13
1.32E+01	1.48E-12	7.67E-13	5.44E-13
1.35E+01	1.44E-12	7.49E-13	5.31E-13
1.38E+01	1.42E-12	7.37E-13	5.22E-13
1.42E+01	1.38E-12	7.17E-13	5.08E-13
1.45E+01	1.36E-12	7.07E-13	5.01E-13
1.48E+01	1.33E-12	6.91E-13	4.90E-13
1.52E+01	1.31E-12	6.79E-13	4.81E-13
1.56E+01	1.28E-12	6.67E-13	4.72E-13
1.59E+01	1.26E-12	6.53E-13	4.63E-13
1.63E+01	1.24E-12	6.42E-13	4.55E-13
1.67E+01	1.21E-12	6.30E-13	4.46E-13
1.71E+01	1.19E-12	6.20E-13	4.39E-13
1.75E+01	1.17E-12	6.07E-13	4.31E-13
1.79E+01	1.15E-12	5.97E-13	4.23E-13
1.83E+01	1.13E-12	5.86E-13	4.15E-13
1.87E+01	1.11E-12	5.77E-13	4.09E-13
1.92E+01	1.09E-12	5.66E-13	4.01E-13
1.96E+01	1.07E-12	5.58E-13	3.95E-13
2.01E+01	1.05E-12	5.48E-13	3.89E-13
2.06E+01	1.04E-12	5.40E-13	3.83E-13
2.10E+01	1.02E-12	5.31E-13	3.76E-13
2.15E+01	1.00E-12	5.22E-13	3.70E-13
2.21E+01	9.89E-13	5.14E-13	3.64E-13
2.26E+01	9.74E-13	5.06E-13	3.59E-13
2.31E+01	9.58E-13	4.98E-13	3.53E-13
2.36E+01	9.43E-13	4.90E-13	3.47E-13
2.42E+01	9.28E-13	4.82E-13	3.42E-13
2.48E+01	9.14E-13	4.75E-13	3.37E-13
2.54E+01	9.00E-13	4.68E-13	3.32E-13
2.60E+01	8.86E-13	4.61E-13	3.26E-13
2.66E+01	8.73E-13	4.54E-13	3.21E-13
2.72E+01	8.61E-13	4.48E-13	3.17E-13
2.78E+01	8.47E-13	4.40E-13	3.12E-13
2.85E+01	8.36E-13	4.35E-13	3.08E-13
2.92E+01	8.20E-13	4.26E-13	3.02E-13
2.98E+01	8.10E-13	4.21E-13	2.98E-13
3.05E+01	7.97E-13	4.14E-13	2.94E-13
3.13E+01	7.86E-13	4.09E-13	2.90E-13
3.20E+01	7.75E-13	4.03E-13	2.85E-13
3.27E+01	7.64E-13	3.97E-13	2.82E-13
3.35E+01	7.53E-13	3.91E-13	2.77E-13
3.43E+01	7.43E-13	3.86E-13	2.74E-13
3.51E+01	7.31E-13	3.80E-13	2.69E-13
3.59E+01	7.21E-13	3.75E-13	2.65E-13
3.68E+01	7.11E-13	3.69E-13	2.62E-13
3.76E+01	7.01E-13	3.65E-13	2.58E-13
3.85E+01	6.91E-13	3.59E-13	2.55E-13
3.94E+01	6.82E-13	3.54E-13	2.51E-13
4.04E+01	6.72E-13	3.49E-13	2.48E-13
4.13E+01	6.63E-13	3.44E-13	2.44E-13
4.23E+01	6.54E-13	3.40E-13	2.41E-13
4.33E+01	6.45E-13	3.35E-13	2.38E-13
4.43E+01	6.36E-13	3.31E-13	2.34E-13
4.53E+01	6.27E-13	3.26E-13	2.31E-13
4.64E+01	6.19E-13	3.22E-13	2.28E-13
4.75E+01	6.10E-13	3.17E-13	2.25E-13
4.86E+01	6.02E-13	3.13E-13	2.22E-13
4.98E+01	5.94E-13	3.09E-13	2.19E-13
5.09E+01	5.86E-13	3.05E-13	2.16E-13
5.21E+01	5.78E-13	3.01E-13	2.13E-13
5.34E+01	5.71E-13	2.97E-13	2.10E-13
5.46E+01	5.63E-13	2.93E-13	2.07E-13
5.59E+01	5.56E-13	2.89E-13	2.05E-13
5.72E+01	5.49E-13	2.85E-13	2.02E-13
5.86E+01	5.41E-13	2.81E-13	1.99E-13
5.99E+01	5.34E-13	2.78E-13	1.97E-13
6.14E+01	5.27E-13	2.74E-13	1.94E-13
6.28E+01	5.21E-13	2.71E-13	1.92E-13
6.43E+01	5.14E-13	2.67E-13	1.89E-13
6.58E+01	5.08E-13	2.64E-13	1.87E-13
6.73E+01	5.01E-13	2.60E-13	1.85E-13
6.89E+01	4.95E-13	2.57E-13	1.82E-13
7.05E+01	4.89E-13	2.54E-13	1.80E-13
7.22E+01	4.83E-13	2.51E-13	1.78E-13
7.39E+01	4.77E-13	2.48E-13	1.76E-13
7.56E+01	4.71E-13	2.45E-13	1.73E-13
7.74E+01	4.65E-13	2.42E-13	1.71E-13
7.92E+01	4.59E-13	2.39E-13	1.69E-13
8.11E+01	4.54E-13	2.36E-13	1.67E-13
8.30E+01	4.48E-13	2.33E-13	1.65E-13
8.50E+01	4.43E-13	2.30E-13	1.63E-13
8.70E+01	4.37E-13	2.27E-13	1.61E-13
8.90E+01	4.32E-13	2.25E-13	1.59E-13
9.11E+01	4.27E-13	2.22E-13	1.57E-13
9.33E+01	4.22E-13	2.19E-13	1.56E-13
9.55E+01	4.17E-13	2.17E-13	1.54E-13
9.77E+01	4.12E-13	2.14E-13	1.52E-13
1.00E+02	4.08E-13	2.12E-13	1.50E-13
