-3.50000000E+00	-5.46006E+00	-5.8845376E+00	-6.09475E+00	0.00000E+00
-3.48989899E+00	-5.48027E+00	-5.9047395E+00	-6.11495E+00	0.00000E+00
-3.47979798E+00	-5.50047E+00	-5.9249415E+00	-6.13515E+00	0.00000E+00
-3.46969697E+00	-5.52067E+00	-5.9451434E+00	-6.15535E+00	0.00000E+00
-3.45959596E+00	-5.54087E+00	-5.9653454E+00	-6.17556E+00	0.00000E+00
-3.44949495E+00	-5.56107E+00	-5.9855473E+00	-6.19576E+00	0.00000E+00
-3.43939394E+00	-5.58128E+00	-6.0057492E+00	-6.21596E+00	0.00000E+00
-3.42929293E+00	-5.60148E+00	-6.0259511E+00	-6.23616E+00	0.00000E+00
-3.41919192E+00	-5.62168E+00	-6.0461530E+00	-6.25636E+00	0.00000E+00
-3.40909091E+00	-5.64188E+00	-6.0663549E+00	-6.27657E+00	0.00000E+00
-3.39898990E+00	-5.66208E+00	-6.0865567E+00	-6.29677E+00	0.00000E+00
-3.38888889E+00	-5.68229E+00	-6.1067586E+00	-6.31697E+00	0.00000E+00
-3.37878788E+00	-5.70249E+00	-6.1269604E+00	-6.33717E+00	0.00000E+00
-3.36868687E+00	-5.72269E+00	-6.1471622E+00	-6.35737E+00	0.00000E+00
-3.35858586E+00	-5.74289E+00	-6.1673640E+00	-6.37757E+00	0.00000E+00
-3.34848485E+00	-5.76309E+00	-6.1875658E+00	-6.39778E+00	0.00000E+00
-3.33838384E+00	-5.78330E+00	-6.2077676E+00	-6.41798E+00	0.00000E+00
-3.32828283E+00	-5.80350E+00	-6.2279693E+00	-6.43818E+00	0.00000E+00
-3.31818182E+00	-5.82370E+00	-6.2481710E+00	-6.45838E+00	0.00000E+00
-3.30808081E+00	-5.84390E+00	-6.2683727E+00	-6.47858E+00	0.00000E+00
-3.29797980E+00	-5.86410E+00	-6.2885743E+00	-6.49878E+00	0.00000E+00
-3.28787879E+00	-5.88431E+00	-6.3087759E+00	-6.51899E+00	0.00000E+00
-3.27777778E+00	-5.90451E+00	-6.3289775E+00	-6.53919E+00	0.00000E+00
-3.26767677E+00	-5.92471E+00	-6.3491790E+00	-6.55939E+00	0.00000E+00
-3.25757576E+00	-5.94491E+00	-6.3693804E+00	-6.57959E+00	0.00000E+00
-3.24747475E+00	-5.96511E+00	-6.3895818E+00	-6.59979E+00	0.00000E+00
-3.23737374E+00	-5.98532E+00	-6.4097832E+00	-6.61999E+00	0.00000E+00
-3.22727273E+00	-6.00552E+00	-6.4299845E+00	-6.64019E+00	0.00000E+00
-3.21717172E+00	-6.02572E+00	-6.4501857E+00	-6.66040E+00	0.00000E+00
-3.20707071E+00	-6.04592E+00	-6.4703868E+00	-6.68060E+00	0.00000E+00
-3.19696970E+00	-6.06612E+00	-6.4905878E+00	-6.70080E+00	0.00000E+00
-3.18686869E+00	-6.08632E+00	-6.5107888E+00	-6.72100E+00	0.00000E+00
-3.17676768E+00	-6.10653E+00	-6.5309896E+00	-6.74120E+00	0.00000E+00
-3.16666667E+00	-6.12673E+00	-6.5511903E+00	-6.76140E+00	0.00000E+00
-3.15656566E+00	-6.14693E+00	-6.5713909E+00	-6.78160E+00	0.00000E+00
-3.14646465E+00	-6.16713E+00	-6.5915914E+00	-6.80180E+00	0.00000E+00
-3.13636364E+00	-6.18733E+00	-6.6117917E+00	-6.82200E+00	0.00000E+00
-3.12626263E+00	-6.20753E+00	-6.6319918E+00	-6.84220E+00	0.00000E+00
-3.11616162E+00	-6.22774E+00	-6.6521918E+00	-6.86240E+00	0.00000E+00
-3.10606061E+00	-6.24794E+00	-6.6723916E+00	-6.88260E+00	0.00000E+00
-3.09595960E+00	-6.26814E+00	-6.6925911E+00	-6.90280E+00	0.00000E+00
-3.08585859E+00	-6.28834E+00	-6.7127904E+00	-6.92300E+00	0.00000E+00
-3.07575758E+00	-6.30854E+00	-6.7329894E+00	-6.94319E+00	0.00000E+00
-3.06565657E+00	-6.32874E+00	-6.7531882E+00	-6.96339E+00	0.00000E+00
-3.05555556E+00	-6.34894E+00	-6.7733866E+00	-6.98359E+00	0.00000E+00
-3.04545455E+00	-6.36914E+00	-6.7935846E+00	-7.00379E+00	0.00000E+00
-3.03535354E+00	-6.38935E+00	-6.8137823E+00	-7.02398E+00	0.00000E+00
-3.02525253E+00	-6.40955E+00	-6.8339796E+00	-7.04418E+00	0.00000E+00
-3.01515152E+00	-6.42975E+00	-6.8541764E+00	-7.06438E+00	0.00000E+00
-3.00505051E+00	-6.44995E+00	-6.8743726E+00	-7.08457E+00	0.00000E+00
-2.99494949E+00	-6.47015E+00	-6.8945684E+00	-7.10476E+00	0.00000E+00
-2.98484848E+00	-6.49035E+00	-6.9147635E+00	-7.12496E+00	0.00000E+00
-2.97474747E+00	-6.51055E+00	-6.9349579E+00	-7.14515E+00	0.00000E+00
-2.96464646E+00	-6.53075E+00	-6.9551516E+00	-7.16534E+00	0.00000E+00
-2.95454545E+00	-6.55095E+00	-6.9753445E+00	-7.18553E+00	0.00000E+00
-2.94444444E+00	-6.57115E+00	-6.9955365E+00	-7.20572E+00	0.00000E+00
-2.93434343E+00	-6.59135E+00	-7.0157275E+00	-7.22591E+00	0.00000E+00
-2.92424242E+00	-6.61155E+00	-7.0359174E+00	-7.24610E+00	0.00000E+00
-2.91414141E+00	-6.63174E+00	-7.0561062E+00	-7.26629E+00	0.00000E+00
-2.90404040E+00	-6.65194E+00	-7.0762936E+00	-7.28647E+00	0.00000E+00
-2.89393939E+00	-6.67214E+00	-7.0964797E+00	-7.30665E+00	0.00000E+00
-2.88383838E+00	-6.69234E+00	-7.1166642E+00	-7.32683E+00	0.00000E+00
-2.87373737E+00	-6.71254E+00	-7.1368470E+00	-7.34701E+00	0.00000E+00
-2.86363636E+00	-6.73273E+00	-7.1570279E+00	-7.36719E+00	0.00000E+00
-2.85353535E+00	-6.75293E+00	-7.1772067E+00	-7.38736E+00	0.00000E+00
-2.84343434E+00	-6.77312E+00	-7.1973833E+00	-7.40753E+00	0.00000E+00
-2.83333333E+00	-6.79332E+00	-7.2175574E+00	-7.42770E+00	0.00000E+00
-2.82323232E+00	-6.81351E+00	-7.2377288E+00	-7.44787E+00	0.00000E+00
-2.81313131E+00	-6.83371E+00	-7.2578972E+00	-7.46803E+00	0.00000E+00
-2.80303030E+00	-6.85390E+00	-7.2780623E+00	-7.48819E+00	0.00000E+00
-2.79292929E+00	-6.87409E+00	-7.2982238E+00	-7.50834E+00	0.00000E+00
-2.78282828E+00	-6.89428E+00	-7.3183814E+00	-7.52849E+00	0.00000E+00
-2.77272727E+00	-6.91447E+00	-7.3385346E+00	-7.54863E+00	0.00000E+00
-2.76262626E+00	-6.93466E+00	-7.3586831E+00	-7.56877E+00	0.00000E+00
-2.75252525E+00	-6.95485E+00	-7.3788263E+00	-7.58890E+00	0.00000E+00
-2.74242424E+00	-6.97503E+00	-7.3989639E+00	-7.60902E+00	0.00000E+00
-2.73232323E+00	-6.99522E+00	-7.4190951E+00	-7.62914E+00	0.00000E+00
-2.72222222E+00	-7.01540E+00	-7.4392194E+00	-7.64925E+00	0.00000E+00
-2.71212121E+00	-7.03558E+00	-7.4593361E+00	-7.66935E+00	0.00000E+00
-2.70202020E+00	-7.05576E+00	-7.4794445E+00	-7.68943E+00	0.00000E+00
-2.69191919E+00	-7.07594E+00	-7.4995438E+00	-7.70951E+00	0.00000E+00
-2.68181818E+00	-7.09611E+00	-7.5196330E+00	-7.72958E+00	0.00000E+00
-2.67171717E+00	-7.11628E+00	-7.5397113E+00	-7.74963E+00	0.00000E+00
-2.66161616E+00	-7.13645E+00	-7.5597774E+00	-7.76967E+00	0.00000E+00
-2.65151515E+00	-7.15662E+00	-7.5798303E+00	-7.78969E+00	0.00000E+00
-2.64141414E+00	-7.17678E+00	-7.5998686E+00	-7.80969E+00	0.00000E+00
-2.63131313E+00	-7.19693E+00	-7.6198909E+00	-7.82968E+00	0.00000E+00
-2.62121212E+00	-7.21709E+00	-7.6398957E+00	-7.84964E+00	0.00000E+00
-2.61111111E+00	-7.23723E+00	-7.6598812E+00	-7.86958E+00	0.00000E+00
-2.60101010E+00	-7.25738E+00	-7.6798456E+00	-7.88949E+00	0.00000E+00
-2.59090909E+00	-7.27751E+00	-7.6997867E+00	-7.90938E+00	0.00000E+00
-2.58080808E+00	-7.29764E+00	-7.7197023E+00	-7.92924E+00	0.00000E+00
-2.57070707E+00	-7.31777E+00	-7.7395899E+00	-7.94906E+00	0.00000E+00
-2.56060606E+00	-7.33788E+00	-7.7594467E+00	-7.96884E+00	0.00000E+00
-2.55050505E+00	-7.35799E+00	-7.7792698E+00	-7.98858E+00	0.00000E+00
-2.54040404E+00	-7.37809E+00	-7.7990558E+00	-8.00828E+00	0.00000E+00
-2.53030303E+00	-7.39818E+00	-7.8188010E+00	-8.02793E+00	0.00000E+00
-2.52020202E+00	-7.41826E+00	-7.8385015E+00	-8.04753E+00	0.00000E+00
-2.51010101E+00	-7.43832E+00	-7.8581528E+00	-8.06706E+00	0.00000E+00
-2.50000000E+00	-7.45837E+00	-7.8777502E+00	-8.08653E+00	0.00000E+00
-2.48989899E+00	-7.47841E+00	-7.8972882E+00	-8.10593E+00	0.00000E+00
-2.47979798E+00	-7.49843E+00	-7.9167610E+00	-8.12525E+00	0.00000E+00
-2.46969697E+00	-7.51843E+00	-7.9361621E+00	-8.14448E+00	0.00000E+00
-2.45959596E+00	-7.53842E+00	-7.9554846E+00	-8.16361E+00	0.00000E+00
-2.44949495E+00	-7.55838E+00	-7.9747205E+00	-8.18264E+00	0.00000E+00
-2.43939394E+00	-7.57832E+00	-7.9938613E+00	-8.20156E+00	0.00000E+00
-2.42929293E+00	-7.59823E+00	-8.0128974E+00	-8.22035E+00	0.00000E+00
-2.41919192E+00	-7.61811E+00	-8.0318186E+00	-8.23900E+00	0.00000E+00
-2.40909091E+00	-7.63797E+00	-8.0506132E+00	-8.25749E+00	0.00000E+00
-2.39898990E+00	-7.65779E+00	-8.0692687E+00	-8.27582E+00	0.00000E+00
-2.38888889E+00	-7.67757E+00	-8.0877709E+00	-8.29395E+00	0.00000E+00
-2.37878788E+00	-7.69731E+00	-8.1061046E+00	-8.31189E+00	0.00000E+00
-2.36868687E+00	-7.71701E+00	-8.1242528E+00	-8.32959E+00	0.00000E+00
-2.35858586E+00	-7.73665E+00	-8.1421965E+00	-8.34705E+00	0.00000E+00
-2.34848485E+00	-7.75624E+00	-8.1599152E+00	-8.36424E+00	0.00000E+00
-2.33838384E+00	-7.77578E+00	-8.1773858E+00	-8.38112E+00	0.00000E+00
-2.32828283E+00	-7.79524E+00	-8.1945829E+00	-8.39766E+00	0.00000E+00
-2.31818182E+00	-7.81464E+00	-8.2114786E+00	-8.41384E+00	0.00000E+00
-2.30808081E+00	-7.83395E+00	-8.2280418E+00	-8.42961E+00	0.00000E+00
-2.29797980E+00	-7.85318E+00	-8.2442380E+00	-8.44493E+00	0.00000E+00
-2.28787879E+00	-7.87231E+00	-8.2600293E+00	-8.45975E+00	0.00000E+00
-2.27777778E+00	-7.89133E+00	-8.2753732E+00	-8.47403E+00	0.00000E+00
-2.26767677E+00	-7.91024E+00	-8.2902231E+00	-8.48770E+00	0.00000E+00
-2.25757576E+00	-7.92902E+00	-8.3045272E+00	-8.50070E+00	0.00000E+00
-2.24747475E+00	-7.94766E+00	-8.3182281E+00	-8.51296E+00	0.00000E+00
-2.23737374E+00	-7.96615E+00	-8.3312624E+00	-8.52440E+00	0.00000E+00
-2.22727273E+00	-7.98447E+00	-8.3435604E+00	-8.53495E+00	0.00000E+00
-2.21717172E+00	-8.00260E+00	-8.3550453E+00	-8.54450E+00	0.00000E+00
-2.20707071E+00	-8.02052E+00	-8.3656337E+00	-8.55296E+00	0.00000E+00
-2.19696970E+00	-8.03821E+00	-8.3752353E+00	-8.56024E+00	0.00000E+00
-2.18686869E+00	-8.05566E+00	-8.3837548E+00	-8.56624E+00	0.00000E+00
-2.17676768E+00	-8.07283E+00	-8.3910936E+00	-8.57087E+00	0.00000E+00
-2.16666667E+00	-8.08969E+00	-8.3971552E+00	-8.57407E+00	0.00000E+00
-2.15656566E+00	-8.10622E+00	-8.4018540E+00	-8.57585E+00	0.00000E+00
-2.14646465E+00	-8.12238E+00	-8.4051302E+00	-8.57629E+00	0.00000E+00
-2.13636364E+00	-8.13813E+00	-8.4069760E+00	-8.57564E+00	0.00000E+00
-2.12626263E+00	-8.15342E+00	-8.4074765E+00	-8.57440E+00	0.00000E+00
-2.11616162E+00	-8.16822E+00	-8.4068727E+00	-8.57340E+00	0.00000E+00
-2.10606061E+00	-8.18247E+00	-8.4056467E+00	-8.57385E+00	0.00000E+00
-2.09595960E+00	-8.19611E+00	-8.4046119E+00	-8.57716E+00	0.00000E+00
-2.08585859E+00	-8.20907E+00	-8.4049512E+00	-8.58458E+00	0.00000E+00
-2.07575758E+00	-8.22129E+00	-8.4080886E+00	-8.59662E+00	0.00000E+00
-2.06565657E+00	-8.23269E+00	-8.4152931E+00	-8.61269E+00	0.00000E+00
-2.05555556E+00	-8.24319E+00	-8.4271127E+00	-8.63132E+00	0.00000E+00
-2.04545455E+00	-8.25269E+00	-8.4430147E+00	-8.65069E+00	0.00000E+00
-2.03535354E+00	-8.26109E+00	-8.4615555E+00	-8.66918E+00	0.00000E+00
-2.02525253E+00	-8.26831E+00	-8.4809312E+00	-8.68560E+00	0.00000E+00
-2.01515152E+00	-8.27424E+00	-8.4994968E+00	-8.69930E+00	0.00000E+00
-2.00505051E+00	-8.27880E+00	-8.5160423E+00	-8.71019E+00	0.00000E+00
-1.99494949E+00	-8.28193E+00	-8.5298825E+00	-8.71877E+00	0.00000E+00
-1.98484848E+00	-8.28364E+00	-8.5408944E+00	-8.72621E+00	0.00000E+00
-1.97474747E+00	-8.28402E+00	-8.5495702E+00	-8.73406E+00	0.00000E+00
-1.96464646E+00	-8.28333E+00	-8.5570344E+00	-8.74356E+00	0.00000E+00
-1.95454545E+00	-8.28208E+00	-8.5648269E+00	-8.75469E+00	0.00000E+00
-1.94444444E+00	-8.28112E+00	-8.5742299E+00	-8.76573E+00	0.00000E+00
-1.93434343E+00	-8.28167E+00	-8.5853053E+00	-8.77392E+00	0.00000E+00
-1.92424242E+00	-8.28516E+00	-8.5964131E+00	-8.77686E+00	0.00000E+00
-1.91414141E+00	-8.29281E+00	-8.6048044E+00	-8.77467E+00	0.00000E+00
-1.90404040E+00	-8.30508E+00	-8.6080352E+00	-8.77316E+00	0.00000E+00
-1.89393939E+00	-8.32132E+00	-8.6060248E+00	-8.78449E+00	0.00000E+00
-1.88383838E+00	-8.34002E+00	-8.6042251E+00	-8.81445E+00	0.00000E+00
-1.87373737E+00	-8.35939E+00	-8.6146609E+00	-8.85093E+00	0.00000E+00
-1.86363636E+00	-8.37780E+00	-8.6438647E+00	-8.87721E+00	0.00000E+00
-1.85353535E+00	-8.39410E+00	-8.6804515E+00	-8.88165E+00	0.00000E+00
-1.84343434E+00	-8.40765E+00	-8.7075330E+00	-8.85605E+00	0.00000E+00
-1.83333333E+00	-8.41840E+00	-8.7132560E+00	-8.80456E+00	0.00000E+00
-1.82323232E+00	-8.42690E+00	-8.6892574E+00	-8.80615E+00	0.00000E+00
-1.81313131E+00	-8.43432E+00	-8.6381446E+00	-8.88865E+00	0.00000E+00
-1.80303030E+00	-8.44223E+00	-8.6344178E+00	-8.94762E+00	0.00000E+00
-1.79292929E+00	-8.45182E+00	-8.7158596E+00	-8.95548E+00	0.00000E+00
-1.78282828E+00	-8.46300E+00	-8.7770317E+00	-8.90360E+00	0.00000E+00
-1.77272727E+00	-8.47397E+00	-8.7875961E+00	-8.83587E+00	0.00000E+00
-1.76262626E+00	-8.48194E+00	-8.7387315E+00	-8.92008E+00	0.00000E+00
-1.75252525E+00	-8.48459E+00	-8.6671345E+00	-8.99032E+00	0.00000E+00
-1.74242424E+00	-8.48224E+00	-8.7461393E+00	-8.99055E+00	0.00000E+00
-1.73232323E+00	-8.48105E+00	-8.8197472E+00	-8.94882E+00	0.00000E+00
-1.72222222E+00	-8.49332E+00	-8.8231428E+00	-8.95112E+00	0.00000E+00
-1.71212121E+00	-8.52401E+00	-8.7817679E+00	-8.98605E+00	0.00000E+00
-1.70202020E+00	-8.56035E+00	-8.7807266E+00	-9.02309E+00	0.00000E+00
-1.69191919E+00	-8.58576E+00	-8.8156238E+00	-9.04421E+00	0.00000E+00
-1.68181818E+00	-8.58888E+00	-8.8522894E+00	-8.96597E+00	0.00000E+00
-1.67171717E+00	-8.56164E+00	-8.8759635E+00	-8.98592E+00	0.00000E+00
-1.66161616E+00	-8.50995E+00	-8.8040088E+00	-9.10350E+00	0.00000E+00
-1.65151515E+00	-8.51711E+00	-8.8075688E+00	-9.02187E+00	0.00000E+00
-1.64141414E+00	-8.60037E+00	-8.9332759E+00	-9.02285E+00	0.00000E+00
-1.63131313E+00	-8.65703E+00	-8.8622113E+00	-9.10640E+00	0.00000E+00
-1.62121212E+00	-8.66211E+00	-8.8440851E+00	-9.05976E+00	0.00000E+00
-1.61111111E+00	-8.60717E+00	-8.9386894E+00	-9.10909E+00	0.00000E+00
-1.60101010E+00	-8.54416E+00	-8.8898947E+00	-9.09427E+00	0.00000E+00
-1.59090909E+00	-8.63295E+00	-8.9400004E+00	-9.09149E+00	0.00000E+00
-1.58080808E+00	-8.69967E+00	-8.9249547E+00	-9.16847E+00	0.00000E+00
-1.57070707E+00	-8.69672E+00	-8.9233079E+00	-9.01446E+00	0.00000E+00
-1.56060606E+00	-8.65489E+00	-8.9963479E+00	-9.19724E+00	0.00000E+00
-1.55050505E+00	-8.66053E+00	-8.8662690E+00	-9.08203E+00	0.00000E+00
-1.54040404E+00	-8.69543E+00	-9.0229672E+00	-9.19116E+00	0.00000E+00
-1.53030303E+00	-8.73284E+00	-8.9192942E+00	-9.15415E+00	0.00000E+00
-1.52020202E+00	-8.75110E+00	-9.0228011E+00	-9.22102E+00	0.00000E+00
-1.51010101E+00	-8.66657E+00	-8.9855874E+00	-9.08930E+00	0.00000E+00
-1.50000000E+00	-8.70334E+00	-9.0471814E+00	-9.20581E+00	0.00000E+00
-1.48989899E+00	-8.81220E+00	-8.9188446E+00	-9.25889E+00	0.00000E+00
-1.47979798E+00	-8.71984E+00	-9.0477263E+00	-9.21767E+00	0.00000E+00
-1.46969697E+00	-8.74037E+00	-9.0908489E+00	-9.23531E+00	0.00000E+00
-1.45959596E+00	-8.81254E+00	-9.0396781E+00	-9.30557E+00	0.00000E+00
-1.44949495E+00	-8.76920E+00	-9.0730511E+00	-9.28236E+00	0.00000E+00
-1.43939394E+00	-8.81678E+00	-9.1343922E+00	-9.27869E+00	0.00000E+00
-1.42929293E+00	-8.80267E+00	-9.0991692E+00	-9.22680E+00	0.00000E+00
-1.41919192E+00	-8.79897E+00	-9.1027804E+00	-9.24197E+00	0.00000E+00
-1.40909091E+00	-8.87893E+00	-9.0532269E+00	-9.24530E+00	0.00000E+00
-1.39898990E+00	-8.70139E+00	-9.0795074E+00	-9.23880E+00	0.00000E+00
-1.38888889E+00	-8.90921E+00	-9.0874203E+00	-9.27068E+00	0.00000E+00
-1.37878788E+00	-8.78685E+00	-9.0894978E+00	-9.34871E+00	0.00000E+00
-1.36868687E+00	-8.89768E+00	-9.1213010E+00	-9.34651E+00	0.00000E+00
-1.35858586E+00	-8.86156E+00	-9.1796690E+00	-9.35436E+00	0.00000E+00
-1.34848485E+00	-8.93302E+00	-9.1753063E+00	-9.36595E+00	0.00000E+00
-1.33838384E+00	-8.80590E+00	-9.1836425E+00	-9.36943E+00	0.00000E+00
-1.32828283E+00	-8.90140E+00	-9.1965740E+00	-9.35992E+00	0.00000E+00
-1.31818182E+00	-8.96381E+00	-9.2014401E+00	-9.37834E+00	0.00000E+00
-1.30808081E+00	-8.93356E+00	-9.1937738E+00	-9.38929E+00	0.00000E+00
-1.29797980E+00	-8.93471E+00	-9.2133381E+00	-9.41017E+00	0.00000E+00
-1.28787879E+00	-9.01273E+00	-9.2238507E+00	-9.41334E+00	0.00000E+00
-1.27777778E+00	-9.00074E+00	-9.2412474E+00	-9.42141E+00	0.00000E+00
-1.26767677E+00	-8.99173E+00	-9.2444046E+00	-9.42943E+00	0.00000E+00
-1.25757576E+00	-8.94340E+00	-9.2539091E+00	-9.44301E+00	0.00000E+00
-1.24747475E+00	-8.94779E+00	-9.2621014E+00	-9.45704E+00	0.00000E+00
-1.23737374E+00	-8.94661E+00	-9.2745695E+00	-9.46992E+00	0.00000E+00
-1.22727273E+00	-8.93144E+00	-9.2881373E+00	-9.47956E+00	0.00000E+00
-1.21717172E+00	-8.96127E+00	-9.3008562E+00	-9.49044E+00	0.00000E+00
-1.20707071E+00	-9.05534E+00	-9.3107471E+00	-9.49985E+00	0.00000E+00
-1.19696970E+00	-9.05562E+00	-9.3216969E+00	-9.50929E+00	0.00000E+00
-1.18686869E+00	-9.06315E+00	-9.3302269E+00	-9.51881E+00	0.00000E+00
-1.17676768E+00	-9.07329E+00	-9.3399658E+00	-9.52943E+00	0.00000E+00
-1.16666667E+00	-9.07570E+00	-9.3496750E+00	-9.53806E+00	0.00000E+00
-1.15656566E+00	-9.06613E+00	-9.3603079E+00	-9.54731E+00	0.00000E+00
-1.14646465E+00	-9.08289E+00	-9.3688144E+00	-9.55762E+00	0.00000E+00
-1.13636364E+00	-9.09429E+00	-9.3781800E+00	-9.56860E+00	0.00000E+00
-1.12626263E+00	-9.11784E+00	-9.3883339E+00	-9.57891E+00	0.00000E+00
-1.11616162E+00	-9.12139E+00	-9.3993539E+00	-9.58862E+00	0.00000E+00
-1.10606061E+00	-9.12826E+00	-9.4096333E+00	-9.59876E+00	0.00000E+00
-1.09595960E+00	-9.14107E+00	-9.4192541E+00	-9.60865E+00	0.00000E+00
-1.08585859E+00	-9.15071E+00	-9.4294002E+00	-9.61873E+00	0.00000E+00
-1.07575758E+00	-9.16498E+00	-9.4393105E+00	-9.62869E+00	0.00000E+00
-1.06565657E+00	-9.17766E+00	-9.4493486E+00	-9.63878E+00	0.00000E+00
-1.05555556E+00	-9.18704E+00	-9.4593352E+00	-9.64893E+00	0.00000E+00
-1.04545455E+00	-9.19785E+00	-9.4694638E+00	-9.65908E+00	0.00000E+00
-1.03535354E+00	-9.20820E+00	-9.4796273E+00	-9.66923E+00	0.00000E+00
-1.02525253E+00	-9.21734E+00	-9.4897738E+00	-9.67937E+00	0.00000E+00
-1.01515152E+00	-9.22676E+00	-9.4999090E+00	-9.68951E+00	0.00000E+00
-1.00505051E+00	-9.23733E+00	-9.5100460E+00	-9.69963E+00	0.00000E+00
-9.94949495E-01	-9.24622E+00	-9.5201862E+00	-9.70972E+00	0.00000E+00
-9.84848485E-01	-9.25543E+00	-9.5303147E+00	-9.71980E+00	0.00000E+00
-9.74747475E-01	-9.26588E+00	-9.5404139E+00	-9.72991E+00	0.00000E+00
-9.64646465E-01	-9.27674E+00	-9.5504924E+00	-9.74002E+00	0.00000E+00
-9.54545455E-01	-9.28706E+00	-9.5605959E+00	-9.75011E+00	0.00000E+00
-9.44444444E-01	-9.29692E+00	-9.5707040E+00	-9.76022E+00	0.00000E+00
-9.34343434E-01	-9.30704E+00	-9.5807963E+00	-9.77031E+00	0.00000E+00
-9.24242424E-01	-9.31693E+00	-9.5909029E+00	-9.78042E+00	0.00000E+00
-9.14141414E-01	-9.32704E+00	-9.6009996E+00	-9.79052E+00	0.00000E+00
-9.04040404E-01	-9.33699E+00	-9.6111032E+00	-9.80062E+00	0.00000E+00
-8.93939394E-01	-9.34705E+00	-9.6212041E+00	-9.81072E+00	0.00000E+00
-8.83838384E-01	-9.35719E+00	-9.6313045E+00	-9.82082E+00	0.00000E+00
-8.73737374E-01	-9.36734E+00	-9.6414049E+00	-9.83092E+00	0.00000E+00
-8.63636364E-01	-9.37749E+00	-9.6515061E+00	-9.84102E+00	0.00000E+00
-8.53535354E-01	-9.38763E+00	-9.6616071E+00	-9.85112E+00	0.00000E+00
-8.43434343E-01	-9.39777E+00	-9.6717084E+00	-9.86122E+00	0.00000E+00
-8.33333333E-01	-9.40788E+00	-9.6818094E+00	-9.87132E+00	0.00000E+00
-8.23232323E-01	-9.41796E+00	-9.6919103E+00	-9.88143E+00	0.00000E+00
-8.13131313E-01	-9.42804E+00	-9.7020114E+00	-9.89153E+00	0.00000E+00
-8.03030303E-01	-9.43816E+00	-9.7121123E+00	-9.90163E+00	0.00000E+00
-7.92929293E-01	-9.44826E+00	-9.7222133E+00	-9.91173E+00	0.00000E+00
-7.82828283E-01	-9.45835E+00	-9.7323144E+00	-9.92183E+00	0.00000E+00
-7.72727273E-01	-9.46846E+00	-9.7424154E+00	-9.93193E+00	0.00000E+00
-7.62626263E-01	-9.47856E+00	-9.7525164E+00	-9.94203E+00	0.00000E+00
-7.52525253E-01	-9.48866E+00	-9.7626174E+00	-9.95213E+00	0.00000E+00
-7.42424242E-01	-9.49876E+00	-9.7727184E+00	-9.96223E+00	0.00000E+00
-7.32323232E-01	-9.50886E+00	-9.7828194E+00	-9.97233E+00	0.00000E+00
-7.22222222E-01	-9.51896E+00	-9.7929204E+00	-9.98244E+00	0.00000E+00
-7.12121212E-01	-9.52906E+00	-9.8030214E+00	-9.99254E+00	0.00000E+00
-7.02020202E-01	-9.53916E+00	-9.8131224E+00	-1.00026E+01	0.00000E+00
-6.91919192E-01	-9.54927E+00	-9.8232234E+00	-1.00127E+01	0.00000E+00
-6.81818182E-01	-9.55937E+00	-9.8333244E+00	-1.00228E+01	0.00000E+00
-6.71717172E-01	-9.56947E+00	-9.8434254E+00	-1.00329E+01	0.00000E+00
-6.61616162E-01	-9.57957E+00	-9.8535265E+00	-1.00430E+01	0.00000E+00
-6.51515152E-01	-9.58967E+00	-9.8636275E+00	-1.00531E+01	0.00000E+00
-6.41414141E-01	-9.59977E+00	-9.8737285E+00	-1.00632E+01	0.00000E+00
-6.31313131E-01	-9.60987E+00	-9.8838295E+00	-1.00733E+01	0.00000E+00
-6.21212121E-01	-9.61997E+00	-9.8939305E+00	-1.00834E+01	0.00000E+00
-6.11111111E-01	-9.63007E+00	-9.9040315E+00	-1.00935E+01	0.00000E+00
-6.01010101E-01	-9.64017E+00	-9.9141325E+00	-1.01036E+01	0.00000E+00
-5.90909091E-01	-9.65028E+00	-9.9242335E+00	-1.01137E+01	0.00000E+00
-5.80808081E-01	-9.66038E+00	-9.9343345E+00	-1.01238E+01	0.00000E+00
-5.70707071E-01	-9.67048E+00	-9.9444356E+00	-1.01340E+01	0.00000E+00
-5.60606061E-01	-9.68058E+00	-9.9545366E+00	-1.01441E+01	0.00000E+00
-5.50505051E-01	-9.69068E+00	-9.9646376E+00	-1.01542E+01	0.00000E+00
-5.40404040E-01	-9.70078E+00	-9.9747386E+00	-1.01643E+01	0.00000E+00
-5.30303030E-01	-9.71088E+00	-9.9848396E+00	-1.01744E+01	0.00000E+00
-5.20202020E-01	-9.72098E+00	-9.9949406E+00	-1.01845E+01	0.00000E+00
-5.10101010E-01	-9.73108E+00	-1.0005042E+01	-1.01946E+01	0.00000E+00
-5.00000000E-01	-9.74118E+00	-1.0015143E+01	-1.02047E+01	0.00000E+00
-4.94949495E-01	-9.74623E+00	-1.0020193E+01	-1.02097E+01	0.00000E+00
-4.89898990E-01	-9.75129E+00	-1.0025244E+01	-1.02148E+01	0.00000E+00
-4.84848485E-01	-9.75634E+00	-1.0030294E+01	-1.02198E+01	0.00000E+00
-4.79797980E-01	-9.76139E+00	-1.0035345E+01	-1.02249E+01	0.00000E+00
-4.74747475E-01	-9.76644E+00	-1.0040395E+01	-1.02299E+01	0.00000E+00
-4.69696970E-01	-9.77149E+00	-1.0045446E+01	-1.02350E+01	0.00000E+00
-4.64646465E-01	-9.77654E+00	-1.0050496E+01	-1.02400E+01	0.00000E+00
-4.59595960E-01	-9.78159E+00	-1.0055547E+01	-1.02451E+01	0.00000E+00
-4.54545455E-01	-9.78664E+00	-1.0060597E+01	-1.02501E+01	0.00000E+00
-4.49494949E-01	-9.79169E+00	-1.0065648E+01	-1.02552E+01	0.00000E+00
-4.44444444E-01	-9.79674E+00	-1.0070698E+01	-1.02602E+01	0.00000E+00
-4.39393939E-01	-9.80179E+00	-1.0075749E+01	-1.02653E+01	0.00000E+00
-4.34343434E-01	-9.80684E+00	-1.0080799E+01	-1.02703E+01	0.00000E+00
-4.29292929E-01	-9.81189E+00	-1.0085850E+01	-1.02754E+01	0.00000E+00
-4.24242424E-01	-9.81694E+00	-1.0090900E+01	-1.02804E+01	0.00000E+00
-4.19191919E-01	-9.82199E+00	-1.0095951E+01	-1.02855E+01	0.00000E+00
-4.14141414E-01	-9.82704E+00	-1.0101001E+01	-1.02905E+01	0.00000E+00
-4.09090909E-01	-9.83209E+00	-1.0106052E+01	-1.02956E+01	0.00000E+00
-4.04040404E-01	-9.83714E+00	-1.0111102E+01	-1.03006E+01	0.00000E+00
-3.98989899E-01	-9.84219E+00	-1.0116153E+01	-1.03057E+01	0.00000E+00
-3.93939394E-01	-9.84724E+00	-1.0121203E+01	-1.03107E+01	0.00000E+00
-3.88888889E-01	-9.85230E+00	-1.0126254E+01	-1.03158E+01	0.00000E+00
-3.83838384E-01	-9.85735E+00	-1.0131304E+01	-1.03208E+01	0.00000E+00
-3.78787879E-01	-9.86240E+00	-1.0136355E+01	-1.03259E+01	0.00000E+00
-3.73737374E-01	-9.86745E+00	-1.0141405E+01	-1.03309E+01	0.00000E+00
-3.68686869E-01	-9.87250E+00	-1.0146456E+01	-1.03360E+01	0.00000E+00
-3.63636364E-01	-9.87755E+00	-1.0151506E+01	-1.03410E+01	0.00000E+00
-3.58585859E-01	-9.88260E+00	-1.0156557E+01	-1.03461E+01	0.00000E+00
-3.53535354E-01	-9.88765E+00	-1.0161607E+01	-1.03511E+01	0.00000E+00
-3.48484848E-01	-9.89270E+00	-1.0166658E+01	-1.03562E+01	0.00000E+00
-3.43434343E-01	-9.89775E+00	-1.0171708E+01	-1.03612E+01	0.00000E+00
-3.38383838E-01	-9.90280E+00	-1.0176759E+01	-1.03663E+01	0.00000E+00
-3.33333333E-01	-9.90785E+00	-1.0181809E+01	-1.03713E+01	0.00000E+00
-3.28282828E-01	-9.91290E+00	-1.0186860E+01	-1.03764E+01	0.00000E+00
-3.23232323E-01	-9.91795E+00	-1.0191910E+01	-1.03814E+01	0.00000E+00
-3.18181818E-01	-9.92300E+00	-1.0196961E+01	-1.03865E+01	0.00000E+00
-3.13131313E-01	-9.92805E+00	-1.0202011E+01	-1.03915E+01	0.00000E+00
-3.08080808E-01	-9.93310E+00	-1.0207062E+01	-1.03966E+01	0.00000E+00
-3.03030303E-01	-9.93815E+00	-1.0212112E+01	-1.04016E+01	0.00000E+00
-2.97979798E-01	-9.94320E+00	-1.0217163E+01	-1.04067E+01	0.00000E+00
-2.92929293E-01	-9.94825E+00	-1.0222213E+01	-1.04117E+01	0.00000E+00
-2.87878788E-01	-9.95331E+00	-1.0227264E+01	-1.04168E+01	0.00000E+00
-2.82828283E-01	-9.95836E+00	-1.0232314E+01	-1.04218E+01	0.00000E+00
-2.77777778E-01	-9.96341E+00	-1.0237365E+01	-1.04269E+01	0.00000E+00
-2.72727273E-01	-9.96846E+00	-1.0242415E+01	-1.04319E+01	0.00000E+00
-2.67676768E-01	-9.97351E+00	-1.0247466E+01	-1.04370E+01	0.00000E+00
-2.62626263E-01	-9.97856E+00	-1.0252516E+01	-1.04420E+01	0.00000E+00
-2.57575758E-01	-9.98361E+00	-1.0257567E+01	-1.04471E+01	0.00000E+00
-2.52525253E-01	-9.98866E+00	-1.0262617E+01	-1.04521E+01	0.00000E+00
-2.47474747E-01	-9.99371E+00	-1.0267668E+01	-1.04572E+01	0.00000E+00
-2.42424242E-01	-9.99876E+00	-1.0272718E+01	-1.04622E+01	0.00000E+00
-2.37373737E-01	-1.00038E+01	-1.0277769E+01	-1.04673E+01	0.00000E+00
-2.32323232E-01	-1.00089E+01	-1.0282819E+01	-1.04723E+01	0.00000E+00
-2.27272727E-01	-1.00139E+01	-1.0287870E+01	-1.04774E+01	0.00000E+00
-2.22222222E-01	-1.00190E+01	-1.0292920E+01	-1.04824E+01	0.00000E+00
-2.17171717E-01	-1.00240E+01	-1.0297971E+01	-1.04875E+01	0.00000E+00
-2.12121212E-01	-1.00291E+01	-1.0303021E+01	-1.04925E+01	0.00000E+00
-2.07070707E-01	-1.00341E+01	-1.0308072E+01	-1.04976E+01	0.00000E+00
-2.02020202E-01	-1.00392E+01	-1.0313122E+01	-1.05026E+01	0.00000E+00
-1.96969697E-01	-1.00442E+01	-1.0318173E+01	-1.05077E+01	0.00000E+00
-1.91919192E-01	-1.00493E+01	-1.0323223E+01	-1.05127E+01	0.00000E+00
-1.86868687E-01	-1.00543E+01	-1.0328274E+01	-1.05178E+01	0.00000E+00
-1.81818182E-01	-1.00594E+01	-1.0333324E+01	-1.05228E+01	0.00000E+00
-1.76767677E-01	-1.00644E+01	-1.0338375E+01	-1.05279E+01	0.00000E+00
-1.71717172E-01	-1.00695E+01	-1.0343425E+01	-1.05329E+01	0.00000E+00
-1.66666667E-01	-1.00745E+01	-1.0348476E+01	-1.05380E+01	0.00000E+00
-1.61616162E-01	-1.00796E+01	-1.0353526E+01	-1.05430E+01	0.00000E+00
-1.56565657E-01	-1.00846E+01	-1.0358577E+01	-1.05481E+01	0.00000E+00
-1.51515152E-01	-1.00897E+01	-1.0363627E+01	-1.05531E+01	0.00000E+00
-1.46464646E-01	-1.00947E+01	-1.0368678E+01	-1.05582E+01	0.00000E+00
-1.41414141E-01	-1.00998E+01	-1.0373728E+01	-1.05632E+01	0.00000E+00
-1.36363636E-01	-1.01048E+01	-1.0378779E+01	-1.05683E+01	0.00000E+00
-1.31313131E-01	-1.01099E+01	-1.0383829E+01	-1.05733E+01	0.00000E+00
-1.26262626E-01	-1.01149E+01	-1.0388880E+01	-1.05784E+01	0.00000E+00
-1.21212121E-01	-1.01200E+01	-1.0393930E+01	-1.05834E+01	0.00000E+00
-1.16161616E-01	-1.01250E+01	-1.0398981E+01	-1.05885E+01	0.00000E+00
-1.11111111E-01	-1.01301E+01	-1.0404032E+01	-1.05935E+01	0.00000E+00
-1.06060606E-01	-1.01351E+01	-1.0409082E+01	-1.05986E+01	0.00000E+00
-1.01010101E-01	-1.01402E+01	-1.0414133E+01	-1.06036E+01	0.00000E+00
-9.59595960E-02	-1.01452E+01	-1.0419183E+01	-1.06087E+01	0.00000E+00
-9.09090909E-02	-1.01503E+01	-1.0424234E+01	-1.06137E+01	0.00000E+00
-8.58585859E-02	-1.01553E+01	-1.0429284E+01	-1.06188E+01	0.00000E+00
-8.08080808E-02	-1.01604E+01	-1.0434335E+01	-1.06238E+01	0.00000E+00
-7.57575758E-02	-1.01654E+01	-1.0439385E+01	-1.06289E+01	0.00000E+00
-7.07070707E-02	-1.01705E+01	-1.0444436E+01	-1.06340E+01	0.00000E+00
-6.56565657E-02	-1.01755E+01	-1.0449486E+01	-1.06390E+01	0.00000E+00
-6.06060606E-02	-1.01806E+01	-1.0454537E+01	-1.06441E+01	0.00000E+00
-5.55555556E-02	-1.01856E+01	-1.0459587E+01	-1.06491E+01	0.00000E+00
-5.05050505E-02	-1.01907E+01	-1.0464638E+01	-1.06542E+01	0.00000E+00
-4.54545455E-02	-1.01957E+01	-1.0469688E+01	-1.06592E+01	0.00000E+00
-4.04040404E-02	-1.02008E+01	-1.0474739E+01	-1.06643E+01	0.00000E+00
-3.53535354E-02	-1.02058E+01	-1.0479789E+01	-1.06693E+01	0.00000E+00
-3.03030303E-02	-1.02109E+01	-1.0484840E+01	-1.06744E+01	0.00000E+00
-2.52525253E-02	-1.02159E+01	-1.0489890E+01	-1.06794E+01	0.00000E+00
-2.02020202E-02	-1.02210E+01	-1.0494941E+01	-1.06845E+01	0.00000E+00
-1.51515152E-02	-1.02260E+01	-1.0499991E+01	-1.06895E+01	0.00000E+00
-1.01010101E-02	-1.02311E+01	-1.0505042E+01	-1.06946E+01	0.00000E+00
-5.05050505E-03	-1.02361E+01	-1.0510092E+01	-1.06996E+01	0.00000E+00
0.00000E+00	-1.02361E+01	-1.05101E+01	-1.06996E+01	0.00000E+00
1.01010E-02	-1.02462E+01	-1.05202E+01	-1.07097E+01	0.00000E+00
2.02020E-02	-1.02564E+01	-1.05303E+01	-1.07198E+01	0.00000E+00
3.03030E-02	-1.02665E+01	-1.05404E+01	-1.07299E+01	0.00000E+00
4.04040E-02	-1.02766E+01	-1.05505E+01	-1.07401E+01	0.00000E+00
5.05051E-02	-1.02867E+01	-1.05607E+01	-1.07502E+01	0.00000E+00
6.06061E-02	-1.02968E+01	-1.05708E+01	-1.07603E+01	0.00000E+00
7.07071E-02	-1.03069E+01	-1.05809E+01	-1.07704E+01	0.00000E+00
8.08081E-02	-1.03170E+01	-1.05910E+01	-1.07805E+01	0.00000E+00
9.09091E-02	-1.03272E+01	-1.06011E+01	-1.07906E+01	0.00000E+00
1.01010E-01	-1.03373E+01	-1.06112E+01	-1.08008E+01	0.00000E+00
1.11111E-01	-1.03474E+01	-1.06214E+01	-1.08109E+01	0.00000E+00
1.21212E-01	-1.03575E+01	-1.06315E+01	-1.08210E+01	0.00000E+00
1.31313E-01	-1.03676E+01	-1.06416E+01	-1.08311E+01	0.00000E+00
1.41414E-01	-1.03778E+01	-1.06517E+01	-1.08412E+01	0.00000E+00
1.51515E-01	-1.03879E+01	-1.06618E+01	-1.08514E+01	0.00000E+00
1.61616E-01	-1.03980E+01	-1.06720E+01	-1.08615E+01	0.00000E+00
1.71717E-01	-1.04081E+01	-1.06821E+01	-1.08716E+01	0.00000E+00
1.81818E-01	-1.04183E+01	-1.06922E+01	-1.08817E+01	0.00000E+00
1.91919E-01	-1.04284E+01	-1.07023E+01	-1.08919E+01	0.00000E+00
2.02020E-01	-1.04385E+01	-1.07125E+01	-1.09020E+01	0.00000E+00
2.12121E-01	-1.04486E+01	-1.07226E+01	-1.09121E+01	0.00000E+00
2.22222E-01	-1.04588E+01	-1.07327E+01	-1.09223E+01	0.00000E+00
2.32323E-01	-1.04689E+01	-1.07429E+01	-1.09324E+01	0.00000E+00
2.42424E-01	-1.04790E+01	-1.07530E+01	-1.09425E+01	0.00000E+00
2.52525E-01	-1.04892E+01	-1.07631E+01	-1.09527E+01	0.00000E+00
2.62626E-01	-1.04993E+01	-1.07733E+01	-1.09628E+01	0.00000E+00
2.72727E-01	-1.05095E+01	-1.07834E+01	-1.09729E+01	0.00000E+00
2.82828E-01	-1.05196E+01	-1.07936E+01	-1.09831E+01	0.00000E+00
2.92929E-01	-1.05297E+01	-1.08037E+01	-1.09932E+01	0.00000E+00
3.03030E-01	-1.05399E+01	-1.08139E+01	-1.10034E+01	0.00000E+00
3.13131E-01	-1.05500E+01	-1.08240E+01	-1.10135E+01	0.00000E+00
3.23232E-01	-1.05602E+01	-1.08342E+01	-1.10237E+01	0.00000E+00
3.33333E-01	-1.05703E+01	-1.08443E+01	-1.10338E+01	0.00000E+00
3.43434E-01	-1.05805E+01	-1.08545E+01	-1.10440E+01	0.00000E+00
3.53535E-01	-1.05907E+01	-1.08646E+01	-1.10541E+01	0.00000E+00
3.63636E-01	-1.06008E+01	-1.08748E+01	-1.10643E+01	0.00000E+00
3.73737E-01	-1.06110E+01	-1.08849E+01	-1.10745E+01	0.00000E+00
3.83838E-01	-1.06212E+01	-1.08951E+01	-1.10846E+01	0.00000E+00
3.93939E-01	-1.06313E+01	-1.09053E+01	-1.10948E+01	0.00000E+00
4.04040E-01	-1.06415E+01	-1.09155E+01	-1.11050E+01	0.00000E+00
4.14141E-01	-1.06517E+01	-1.09256E+01	-1.11152E+01	0.00000E+00
4.24242E-01	-1.06619E+01	-1.09358E+01	-1.11253E+01	0.00000E+00
4.34343E-01	-1.06721E+01	-1.09460E+01	-1.11355E+01	0.00000E+00
4.44444E-01	-1.06822E+01	-1.09562E+01	-1.11457E+01	0.00000E+00
4.54545E-01	-1.06925E+01	-1.09664E+01	-1.11559E+01	0.00000E+00
4.64646E-01	-1.07027E+01	-1.09766E+01	-1.11661E+01	0.00000E+00
4.74747E-01	-1.07129E+01	-1.09868E+01	-1.11764E+01	0.00000E+00
4.84848E-01	-1.07231E+01	-1.09971E+01	-1.11866E+01	0.00000E+00
4.94949E-01	-1.07334E+01	-1.10073E+01	-1.11968E+01	0.00000E+00
5.05051E-01	-1.07436E+01	-1.10176E+01	-1.12071E+01	0.00000E+00
5.15152E-01	-1.07539E+01	-1.10279E+01	-1.12174E+01	0.00000E+00
5.25253E-01	-1.07643E+01	-1.10382E+01	-1.12277E+01	0.00000E+00
5.35354E-01	-1.07746E+01	-1.10486E+01	-1.12381E+01	0.00000E+00
5.45455E-01	-1.07850E+01	-1.10590E+01	-1.12485E+01	0.00000E+00
5.55556E-01	-1.07956E+01	-1.10695E+01	-1.12591E+01	0.00000E+00
5.65657E-01	-1.08062E+01	-1.10802E+01	-1.12697E+01	0.00000E+00
5.75758E-01	-1.08170E+01	-1.10910E+01	-1.12805E+01	0.00000E+00
5.85859E-01	-1.08279E+01	-1.11019E+01	-1.12914E+01	0.00000E+00
5.95960E-01	-1.08391E+01	-1.11131E+01	-1.13026E+01	0.00000E+00
6.06061E-01	-1.08506E+01	-1.11245E+01	-1.13141E+01	0.00000E+00
6.16162E-01	-1.08624E+01	-1.11363E+01	-1.13258E+01	0.00000E+00
6.26263E-01	-1.08744E+01	-1.11484E+01	-1.13379E+01	0.00000E+00
6.36364E-01	-1.08876E+01	-1.11615E+01	-1.13510E+01	0.00000E+00
6.46465E-01	-1.09005E+01	-1.11744E+01	-1.13639E+01	0.00000E+00
6.56566E-01	-1.09149E+01	-1.11888E+01	-1.13783E+01	0.00000E+00
6.66667E-01	-1.09304E+01	-1.12043E+01	-1.13939E+01	0.00000E+00
6.76768E-01	-1.09455E+01	-1.12195E+01	-1.14090E+01	0.00000E+00
6.86869E-01	-1.09632E+01	-1.12372E+01	-1.14267E+01	0.00000E+00
6.96970E-01	-1.09807E+01	-1.12546E+01	-1.14441E+01	0.00000E+00
7.07071E-01	-1.10006E+01	-1.12746E+01	-1.14641E+01	0.00000E+00
7.17172E-01	-1.10199E+01	-1.12938E+01	-1.14833E+01	0.00000E+00
7.27273E-01	-1.10400E+01	-1.13140E+01	-1.15035E+01	0.00000E+00
7.37374E-01	-1.10616E+01	-1.13356E+01	-1.15251E+01	0.00000E+00
7.47475E-01	-1.10854E+01	-1.13594E+01	-1.15489E+01	0.00000E+00
7.57576E-01	-1.11101E+01	-1.13841E+01	-1.15736E+01	0.00000E+00
7.67677E-01	-1.11338E+01	-1.14077E+01	-1.15972E+01	0.00000E+00
7.77778E-01	-1.11574E+01	-1.14313E+01	-1.16208E+01	0.00000E+00
7.87879E-01	-1.11823E+01	-1.14562E+01	-1.16457E+01	0.00000E+00
7.97980E-01	-1.12068E+01	-1.14808E+01	-1.16703E+01	0.00000E+00
8.08081E-01	-1.12306E+01	-1.15045E+01	-1.16940E+01	0.00000E+00
8.18182E-01	-1.12576E+01	-1.15316E+01	-1.17211E+01	0.00000E+00
8.28283E-01	-1.12820E+01	-1.15559E+01	-1.17454E+01	0.00000E+00
8.38384E-01	-1.13067E+01	-1.15806E+01	-1.17702E+01	0.00000E+00
8.48485E-01	-1.13313E+01	-1.16052E+01	-1.17947E+01	0.00000E+00
8.58586E-01	-1.13574E+01	-1.16313E+01	-1.18209E+01	0.00000E+00
8.68687E-01	-1.13793E+01	-1.16533E+01	-1.18428E+01	0.00000E+00
8.78788E-01	-1.14034E+01	-1.16773E+01	-1.18668E+01	0.00000E+00
8.88889E-01	-1.14284E+01	-1.17023E+01	-1.18919E+01	0.00000E+00
8.98990E-01	-1.14504E+01	-1.17244E+01	-1.19139E+01	0.00000E+00
9.09091E-01	-1.14727E+01	-1.17467E+01	-1.19362E+01	0.00000E+00
9.19192E-01	-1.14968E+01	-1.17707E+01	-1.19603E+01	0.00000E+00
9.29293E-01	-1.15239E+01	-1.17979E+01	-1.19874E+01	0.00000E+00
9.39394E-01	-1.15434E+01	-1.18174E+01	-1.20069E+01	0.00000E+00
9.49495E-01	-1.15595E+01	-1.18334E+01	-1.20230E+01	0.00000E+00
9.59596E-01	-1.15806E+01	-1.18545E+01	-1.20440E+01	0.00000E+00
9.69697E-01	-1.16033E+01	-1.18773E+01	-1.20668E+01	0.00000E+00
9.79798E-01	-1.16264E+01	-1.19004E+01	-1.20899E+01	0.00000E+00
9.89899E-01	-1.16465E+01	-1.19204E+01	-1.21100E+01	0.00000E+00
1.00000E+00	-1.16604E+01	-1.19344E+01	-1.21239E+01	0.00000E+00
1.00000000E+00	-1.16784E+01	-1.1962582E+01	-1.2122097E+01	0.00000E+00
1.01010101E+00	-1.17038E+01	-1.1987978E+01	-1.2137493E+01	0.00000E+00
1.02020202E+00	-1.17211E+01	-1.2005291E+01	-1.2154806E+01	0.00000E+00
1.03030303E+00	-1.17362E+01	-1.2020389E+01	-1.2169904E+01	0.00000E+00
1.04040404E+00	-1.17462E+01	-1.2030380E+01	-1.2179895E+01	0.00000E+00
1.05050505E+00	-1.17600E+01	-1.2044179E+01	-1.2193694E+01	0.00000E+00
1.06060606E+00	-1.17693E+01	-1.2053458E+01	-1.2202973E+01	0.00000E+00
1.07070707E+00	-1.17814E+01	-1.2065635E+01	-1.2215150E+01	0.00000E+00
1.08080808E+00	-1.17905E+01	-1.2074716E+01	-1.2224231E+01	0.00000E+00
1.09090909E+00	-1.17997E+01	-1.2083900E+01	-1.2233415E+01	0.00000E+00
1.10101010E+00	-1.18114E+01	-1.2095576E+01	-1.2245091E+01	0.00000E+00
1.11111111E+00	-1.18240E+01	-1.2108166E+01	-1.2257681E+01	0.00000E+00
1.12121212E+00	-1.18309E+01	-1.2115146E+01	-1.2264661E+01	0.00000E+00
1.13131313E+00	-1.18412E+01	-1.2125427E+01	-1.2274942E+01	0.00000E+00
1.14141414E+00	-1.18485E+01	-1.2132676E+01	-1.2282191E+01	0.00000E+00
1.15151515E+00	-1.18603E+01	-1.2144509E+01	-1.2294024E+01	0.00000E+00
1.16161616E+00	-1.18666E+01	-1.2150835E+01	-1.2300350E+01	0.00000E+00
1.17171717E+00	-1.18761E+01	-1.2160267E+01	-1.2309782E+01	0.00000E+00
1.18181818E+00	-1.18838E+01	-1.2168032E+01	-1.2317547E+01	0.00000E+00
1.19191919E+00	-1.18919E+01	-1.2176109E+01	-1.2325624E+01	0.00000E+00
1.20202020E+00	-1.19010E+01	-1.2185243E+01	-1.2334758E+01	0.00000E+00
1.21212121E+00	-1.19081E+01	-1.2192268E+01	-1.2341783E+01	0.00000E+00
1.22222222E+00	-1.19167E+01	-1.2200856E+01	-1.2350371E+01	0.00000E+00
1.23232323E+00	-1.19234E+01	-1.2207569E+01	-1.2357084E+01	0.00000E+00
1.24242424E+00	-1.19323E+01	-1.2216472E+01	-1.2365987E+01	0.00000E+00
1.25252525E+00	-1.19401E+01	-1.2224330E+01	-1.2373845E+01	0.00000E+00
1.26262626E+00	-1.19478E+01	-1.2231971E+01	-1.2381486E+01	0.00000E+00
1.27272727E+00	-1.19549E+01	-1.2239074E+01	-1.2388589E+01	0.00000E+00
1.28282828E+00	-1.19626E+01	-1.2246841E+01	-1.2396356E+01	0.00000E+00
1.29292929E+00	-1.19695E+01	-1.2253693E+01	-1.2403208E+01	0.00000E+00
1.30303030E+00	-1.19768E+01	-1.2260970E+01	-1.2410485E+01	0.00000E+00
1.31313131E+00	-1.19836E+01	-1.2267780E+01	-1.2417295E+01	0.00000E+00
1.32323232E+00	-1.19907E+01	-1.2274920E+01	-1.2424435E+01	0.00000E+00
1.33333333E+00	-1.19979E+01	-1.2282067E+01	-1.2431582E+01	0.00000E+00
1.34343434E+00	-1.20047E+01	-1.2288922E+01	-1.2438437E+01	0.00000E+00
1.35353535E+00	-1.20116E+01	-1.2295818E+01	-1.2445333E+01	0.00000E+00
1.36363636E+00	-1.20187E+01	-1.2302948E+01	-1.2452463E+01	0.00000E+00
1.37373737E+00	-1.20256E+01	-1.2309768E+01	-1.2459283E+01	0.00000E+00
1.38383838E+00	-1.20325E+01	-1.2316699E+01	-1.2466214E+01	0.00000E+00
1.39393939E+00	-1.20390E+01	-1.2323172E+01	-1.2472687E+01	0.00000E+00
1.40404040E+00	-1.20456E+01	-1.2329843E+01	-1.2479358E+01	0.00000E+00
1.41414141E+00	-1.20524E+01	-1.2336646E+01	-1.2486161E+01	0.00000E+00
1.42424242E+00	-1.20592E+01	-1.2343369E+01	-1.2492884E+01	0.00000E+00
1.43434343E+00	-1.20650E+01	-1.2349187E+01	-1.2498702E+01	0.00000E+00
1.44444444E+00	-1.20719E+01	-1.2356152E+01	-1.2505667E+01	0.00000E+00
1.45454545E+00	-1.20777E+01	-1.2361899E+01	-1.2511414E+01	0.00000E+00
1.46464646E+00	-1.20861E+01	-1.2370282E+01	-1.2519797E+01	0.00000E+00
1.47474747E+00	-1.20915E+01	-1.2375670E+01	-1.2525185E+01	0.00000E+00
1.48484848E+00	-1.20984E+01	-1.2382558E+01	-1.2532073E+01	0.00000E+00
1.49494949E+00	-1.21044E+01	-1.2388606E+01	-1.2538121E+01	0.00000E+00
1.50505051E+00	-1.21107E+01	-1.2394944E+01	-1.2544459E+01	0.00000E+00
1.51515152E+00	-1.21168E+01	-1.2400984E+01	-1.2550499E+01	0.00000E+00
1.52525253E+00	-1.21234E+01	-1.2407633E+01	-1.2557148E+01	0.00000E+00
1.53535354E+00	-1.21292E+01	-1.2413443E+01	-1.2562958E+01	0.00000E+00
1.54545455E+00	-1.21361E+01	-1.2420284E+01	-1.2569799E+01	0.00000E+00
1.55555556E+00	-1.21422E+01	-1.2426444E+01	-1.2575959E+01	0.00000E+00
1.56565657E+00	-1.21482E+01	-1.2432450E+01	-1.2581965E+01	0.00000E+00
1.57575758E+00	-1.21540E+01	-1.2438236E+01	-1.2587751E+01	0.00000E+00
1.58585859E+00	-1.21605E+01	-1.2444750E+01	-1.2594265E+01	0.00000E+00
1.59595960E+00	-1.21663E+01	-1.2450486E+01	-1.2600001E+01	0.00000E+00
1.60606061E+00	-1.21726E+01	-1.2456849E+01	-1.2606364E+01	0.00000E+00
1.61616162E+00	-1.21786E+01	-1.2462835E+01	-1.2612350E+01	0.00000E+00
1.62626263E+00	-1.21847E+01	-1.2468916E+01	-1.2618431E+01	0.00000E+00
1.63636364E+00	-1.21906E+01	-1.2474791E+01	-1.2624306E+01	0.00000E+00
1.64646465E+00	-1.21965E+01	-1.2480745E+01	-1.2630260E+01	0.00000E+00
1.65656566E+00	-1.22025E+01	-1.2486738E+01	-1.2636253E+01	0.00000E+00
1.66666667E+00	-1.22086E+01	-1.2492794E+01	-1.2642309E+01	0.00000E+00
1.67676768E+00	-1.22144E+01	-1.2498572E+01	-1.2648087E+01	0.00000E+00
1.68686869E+00	-1.22204E+01	-1.2504556E+01	-1.2654071E+01	0.00000E+00
1.69696970E+00	-1.22261E+01	-1.2510337E+01	-1.2659852E+01	0.00000E+00
1.70707071E+00	-1.22320E+01	-1.2516188E+01	-1.2665703E+01	0.00000E+00
1.71717172E+00	-1.22379E+01	-1.2522095E+01	-1.2671610E+01	0.00000E+00
1.72727273E+00	-1.22437E+01	-1.2527880E+01	-1.2677395E+01	0.00000E+00
1.73737374E+00	-1.22494E+01	-1.2533623E+01	-1.2683138E+01	0.00000E+00
1.74747475E+00	-1.22552E+01	-1.2539370E+01	-1.2688885E+01	0.00000E+00
1.75757576E+00	-1.22608E+01	-1.2545041E+01	-1.2694556E+01	0.00000E+00
1.76767677E+00	-1.22665E+01	-1.2550705E+01	-1.2700220E+01	0.00000E+00
1.77777778E+00	-1.22722E+01	-1.2556398E+01	-1.2705913E+01	0.00000E+00
1.78787879E+00	-1.22778E+01	-1.2562017E+01	-1.2711532E+01	0.00000E+00
1.79797980E+00	-1.22834E+01	-1.2567611E+01	-1.2717126E+01	0.00000E+00
1.80808081E+00	-1.22890E+01	-1.2573201E+01	-1.2722716E+01	0.00000E+00
1.81818182E+00	-1.22945E+01	-1.2578726E+01	-1.2728241E+01	0.00000E+00
1.82828283E+00	-1.23001E+01	-1.2584260E+01	-1.2733775E+01	0.00000E+00
1.83838384E+00	-1.23055E+01	-1.2589729E+01	-1.2739244E+01	0.00000E+00
1.84848485E+00	-1.23110E+01	-1.2595222E+01	-1.2744737E+01	0.00000E+00
1.85858586E+00	-1.23165E+01	-1.2600659E+01	-1.2750174E+01	0.00000E+00
1.86868687E+00	-1.23219E+01	-1.2606073E+01	-1.2755588E+01	0.00000E+00
1.87878788E+00	-1.23273E+01	-1.2611477E+01	-1.2760992E+01	0.00000E+00
1.88888889E+00	-1.23326E+01	-1.2616825E+01	-1.2766340E+01	0.00000E+00
1.89898990E+00	-1.23380E+01	-1.2622167E+01	-1.2771682E+01	0.00000E+00
1.90909091E+00	-1.23433E+01	-1.2627465E+01	-1.2776980E+01	0.00000E+00
1.91919192E+00	-1.23485E+01	-1.2632729E+01	-1.2782244E+01	0.00000E+00
1.92929293E+00	-1.23538E+01	-1.2638019E+01	-1.2787534E+01	0.00000E+00
1.93939394E+00	-1.23591E+01	-1.2643294E+01	-1.2792809E+01	0.00000E+00
1.94949495E+00	-1.23642E+01	-1.2648430E+01	-1.2797945E+01	0.00000E+00
1.95959596E+00	-1.23694E+01	-1.2653593E+01	-1.2803108E+01	0.00000E+00
1.96969697E+00	-1.23745E+01	-1.2658690E+01	-1.2808205E+01	0.00000E+00
1.97979798E+00	-1.23796E+01	-1.2663755E+01	-1.2813270E+01	0.00000E+00
1.98989899E+00	-1.23846E+01	-1.2668787E+01	-1.2818302E+01	0.00000E+00
2.00000000E+00	-1.23896E+01	-1.2673810E+01	-1.2823325E+01	0.00000E+00

