0.01	2.28762e-10
0.0101	4.39093e-09
0.010201	5.84432e-09
0.010303	7.07163e-09
0.010406	7.07163e-09
0.0105101	7.07163e-09
0.0106152	6.42876e-09
0.0107214	5.84432e-09
0.0108286	4.39093e-09
0.0109369	2.47856e-09
0.0110462	2.47856e-09
0.0111567	3.99175e-09
0.0112683	4.83002e-09
0.0113809	5.31302e-09
0.0114947	5.31302e-09
0.0116097	5.31302e-09
0.0117258	4.83002e-09
0.011843	3.62887e-09
0.0119615	2.47856e-09
0.0120811	8.68722e-10
0.0122019	2.72642e-09
0.0123239	3.62887e-09
0.0124472	3.99175e-09
0.0125716	3.99175e-09
0.0126973	3.99175e-09
0.0128243	3.62887e-09
0.0129526	3.29897e-09
0.0130821	2.47856e-09
0.0132129	1.15627e-09
0.013345	1.53899e-09
0.0134785	2.47856e-09
0.0136133	2.72642e-09
0.0137494	2.99906e-09
0.0138869	2.99906e-09
0.0140258	2.99906e-09
0.014166	2.47856e-09
0.0143077	2.0484e-09
0.0144508	1.39908e-09
0.0145953	7.17952e-10
0.0147412	1.53899e-09
0.0148886	2.0484e-09
0.0150375	2.25324e-09
0.0151879	2.25324e-09
0.0153398	2.25324e-09
0.0154932	2.0484e-09
0.0156481	1.69289e-09
0.0158046	1.2719e-09
0.0159626	5.39408e-10
0.0161223	9.55594e-10
0.0162835	1.39908e-09
0.0164463	1.69289e-09
0.0166108	1.69289e-09
0.0167769	1.69289e-09
0.0169447	1.69289e-09
0.0171141	1.39908e-09
0.0172852	1.15627e-09
0.0174581	7.17952e-10
0.0176327	4.90371e-10
0.017809	9.55594e-10
0.0179871	1.15627e-09
0.018167	1.2719e-09
0.0183486	1.2719e-09
0.0185321	1.2719e-09
0.0187174	1.15627e-09
0.0189046	9.55594e-10
0.0190937	7.17952e-10
0.0192846	2.28762e-10
0.0194774	5.93349e-10
0.0196722	7.89747e-10
0.0198689	9.55594e-10
0.0200676	9.55594e-10
0.0202683	9.55594e-10
0.020471	9.55594e-10
0.0206757	7.89747e-10
0.0208825	6.52683e-10
0.0210913	3.68423e-10
0.0213022	3.3493e-10
0.0215152	5.39408e-10
0.0217304	7.17952e-10
0.0219477	7.17952e-10
0.0221672	7.89747e-10
0.0223888	7.17952e-10
0.0226127	6.52683e-10
0.0228388	5.39408e-10
0.0230672	4.05265e-10
0.0232979	4.97852e-11
0.0235309	3.68423e-10
0.0237662	4.90371e-10
0.0240038	5.39408e-10
0.0242439	5.93349e-10
0.0244863	5.93349e-10
0.0247312	5.39408e-10
0.0249785	4.45792e-10
0.0252283	3.68423e-10
0.0254806	2.07965e-10
0.0257354	2.07965e-10
0.0259927	3.3493e-10
0.0262527	4.05265e-10
0.0265152	4.45792e-10
0.0267803	4.45792e-10
0.0270481	4.45792e-10
0.0273186	3.68423e-10
0.0275918	3.04482e-10
0.0278677	2.07965e-10
0.0281464	7.28905e-11
0.0284279	2.28762e-10
0.0287121	3.04482e-10
0.0289993	3.3493e-10
0.0292893	3.3493e-10
0.0295822	3.3493e-10
0.029878	3.04482e-10
0.0301768	2.76801e-10
0.0304785	2.07965e-10
0.0307833	1.06719e-10
0.0310911	1.42043e-10
0.031402	2.07965e-10
0.0317161	2.51638e-10
0.0320332	2.76801e-10
0.0323536	2.76801e-10
0.0326771	2.51638e-10
0.0330039	2.28762e-10
0.0333339	1.89059e-10
0.0336672	1.2913e-10
0.0340039	6.62641e-11
0.034344	1.42043e-10
0.0346874	1.89059e-10
0.0350343	2.07965e-10
0.0353846	2.07965e-10
0.0357385	2.07965e-10
0.0360958	1.89059e-10
0.0364568	1.71872e-10
0.0368214	1.2913e-10
0.0371896	5.47637e-11
0.0375615	5.64402e-11
0.0379371	7.61775e-11
0.0383165	1.56247e-10
0.0386996	1.71872e-10
0.0390866	1.71872e-10
0.0394775	9.21748e-11
0.0398723	1.42043e-10
0.040271	1.17391e-10
0.0406737	7.28905e-11
0.0410804	2.89627e-11
0.0414912	9.70172e-11
0.0419062	1.17391e-10
0.0423252	1.42043e-10
0.0427485	8.15784e-11
0.043176	1.42043e-10
0.0436077	1.2913e-10
0.0440438	1.06719e-10
0.0444842	4.60489e-11
0.0449291	2.81024e-11
0.0453784	6.62641e-11
0.0458321	9.70172e-11
0.0462905	6.1291e-11
0.0467534	1.17391e-10
0.0472209	1.17391e-10
0.0476931	1.06719e-10
0.04817	5.50636e-11
0.0486517	8.01795e-11
0.0491383	4.97852e-11
0.0496296	4.11448e-11
0.0501259	4.13701e-11
0.0506272	8.81975e-11
0.0511335	9.70172e-11
0.0516448	9.70172e-11
0.0521613	5.44677e-11
0.0526829	8.81975e-11
0.0532097	7.28905e-11
0.0537418	5.47637e-11
0.0542792	6.45909e-12
0.054822	4.97852e-11
0.0553702	7.28905e-11
0.0559239	8.01795e-11
0.0564832	4.90236e-11
0.057048	8.81975e-11
0.0576185	8.01795e-11
0.0581947	7.28905e-11
0.0587766	3.04398e-11
0.0593644	3.09127e-11
0.059958	3.40039e-11
0.0605576	5.47637e-11
0.0611632	3.64958e-11
0.0617748	7.28905e-11
0.0623926	7.28905e-11
0.0630165	7.28905e-11
0.0636466	3.64958e-11
0.0642831	5.47637e-11
0.0649259	3.92746e-11
0.0655752	1.4421e-11
0.066231	2.24711e-11
0.0668933	5.47637e-11
0.0675622	6.02401e-11
0.0682378	6.62641e-11
0.0689202	3.5912e-11
0.0696094	6.02401e-11
0.0703055	5.47637e-11
0.0710085	4.11448e-11
0.0717186	1.14427e-11
0.0724358	2.81024e-11
0.0731602	4.52593e-11
0.0738918	5.47637e-11
0.0746307	3.24175e-11
0.075377	6.02401e-11
0.0761308	5.75019e-11
0.0768921	5.47637e-11
0.077661	2.41988e-11
0.0784376	2.81024e-11
0.079222	1.58631e-11
0.0800142	3.40039e-11
0.0808144	2.41988e-11
0.0816225	4.97852e-11
0.0824387	5.22744e-11
0.0832631	5.47637e-11
0.0840957	2.66187e-11
0.0849367	4.11448e-11
0.0857861	3.24583e-11
0.0866439	1.58631e-11
0.0875104	1.35791e-11
0.0883855	3.74043e-11
0.0892693	4.3202e-11
0.090162	4.52593e-11
0.0910636	2.64618e-11
0.0919743	4.52593e-11
0.092894	4.11448e-11
0.093823	3.40039e-11
0.0947612	1.12224e-11
0.0957088	1.58631e-11
0.0966659	2.81024e-11
0.0976325	3.74043e-11
0.0986089	2.17514e-11
0.099595	4.11448e-11
0.100591	4.11448e-11
0.101597	4.11448e-11
0.102613	1.79763e-11
0.103639	2.55477e-11
0.104675	1.03422e-11
0.105722	2.11138e-11
0.106779	1.63421e-11
0.107847	3.74043e-11
0.108926	3.74043e-11
0.110015	3.74043e-11
0.111115	1.9774e-11
0.112226	3.40039e-11
0.113348	2.68251e-11
0.114482	1.74494e-11
0.115627	7.7105e-12
0.116783	2.55477e-11
0.117951	2.95076e-11
0.11913	3.40039e-11
0.120322	1.79763e-11
0.121525	3.40039e-11
0.12274	3.09127e-11
0.123967	2.81024e-11
0.125207	1.11069e-11
0.126459	7.40025e-12
0.127724	1.83219e-11
0.129001	2.55477e-11
0.130291	1.62616e-11
0.131594	3.09127e-11
0.13291	1.62616e-11
0.134239	1.61884e-11
0.135581	1.47167e-11
0.136937	2.11138e-11
0.138307	1.25141e-11
0.13969	1.4421e-11
0.141086	2.11138e-11
0.142497	2.55477e-11
0.143922	2.81024e-11
0.145362	3.09127e-11
0.146815	2.81024e-11
0.148283	2.55477e-11
0.149766	2.21695e-11
0.151264	1.58631e-11
0.152776	8.14027e-12
0.154304	1.74494e-11
0.155847	2.11138e-11
0.157406	2.55477e-11
0.15898	2.55477e-11
0.16057	2.55477e-11
0.162175	2.43864e-11
0.163797	2.32252e-11
0.165435	1.74494e-11
0.167089	1.08347e-11
0.16876	1.25141e-11
0.170448	1.91943e-11
0.172152	2.11138e-11
0.173874	2.32252e-11
0.175613	2.43864e-11
0.177369	2.32252e-11
0.179142	2.11138e-11
0.180934	1.91943e-11
0.182743	1.25141e-11
0.184571	8.9543e-12
0.186416	1.4421e-11
0.18828	1.91943e-11
0.190163	2.01541e-11
0.192065	2.32252e-11
0.193986	2.11138e-11
0.195925	2.11138e-11
0.197885	1.83219e-11
0.199864	1.4421e-11
0.201862	8.9543e-12
0.203881	1.19182e-11
0.20592	1.5142e-11
0.207979	1.91943e-11
0.210059	1.91943e-11
0.212159	2.11138e-11
0.214281	1.91943e-11
0.216424	1.74494e-11
0.218588	1.58631e-11
0.220774	1.08347e-11
0.222981	8.17728e-12
0.225211	1.311e-11
0.227463	1.58631e-11
0.229738	1.74494e-11
0.232035	1.83219e-11
0.234356	1.91943e-11
0.236699	1.74494e-11
0.239066	1.58631e-11
0.241457	1.13764e-11
0.243871	7.40025e-12
0.24631	1.08347e-11
0.248773	1.4421e-11
0.251261	1.5142e-11
0.253774	1.74494e-11
0.256311	1.74494e-11
0.258874	2.66337e-11
0.261463	1.4421e-11
0.264078	1.311e-11
0.266719	8.9543e-12
0.269386	8.9543e-12
0.27208	1.13764e-11
0.2748	1.4421e-11
0.277548	1.4421e-11
0.280324	1.58631e-11
0.283127	1.5142e-11
0.285958	1.4421e-11
0.288818	1.311e-11
0.291706	9.84973e-12
0.294623	6.48008e-12
0.29757	9.84973e-12
0.300545	1.19182e-11
0.303551	1.311e-11
0.306586	1.37655e-11
0.309652	1.4421e-11
0.312749	1.311e-11
0.315876	1.311e-11
0.319035	1.03422e-11
0.322225	8.14027e-12
0.325447	8.14027e-12
0.328702	1.08347e-11
0.331989	1.13764e-11
0.335309	1.311e-11
0.338662	1.311e-11
0.342049	1.311e-11
0.345469	1.13764e-11
0.348924	1.08347e-11
0.352413	8.9543e-12
0.355937	7.40025e-12
0.359496	8.54729e-12
0.363091	1.08347e-11
0.366722	1.19182e-11
0.37039	1.19182e-11
0.374093	1.13764e-11
0.377834	1.19182e-11
0.381613	1.08347e-11
0.385429	8.9543e-12
0.389283	6.75808e-12
0.393176	8.14027e-12
0.397108	9.84973e-12
0.401079	1.08347e-11
0.40509	1.03422e-11
0.40914	1.08347e-11
0.413232	1.08347e-11
0.417364	1.08347e-11
0.421538	8.54729e-12
0.425753	8.14027e-12
0.430011	7.40025e-12
0.434311	8.14027e-12
0.438654	8.995e-12
0.44304	9.84973e-12
0.447471	9.84973e-12
0.451946	9.84973e-12
0.456465	9.40202e-12
0.46103	8.9543e-12
0.46564	1.27948e-11
0.470296	7.40025e-12
0.474999	6.75808e-12
0.479749	8.9543e-12
0.484547	8.9543e-12
0.489392	9.84973e-12
0.494286	9.40202e-12
0.499229	9.84973e-12
0.504221	8.9543e-12
0.509264	8.14027e-12
0.514356	6.75808e-12
0.5195	7.40025e-12
0.524695	8.14027e-12
0.529942	8.14027e-12
0.535241	8.54729e-12
0.540594	8.9543e-12
0.546	8.9543e-12
0.55146	8.9543e-12
0.556974	7.77026e-12
0.562544	7.40025e-12
0.568169	6.7275e-12
0.573851	7.40025e-12
0.579589	7.43389e-12
0.585385	8.14027e-12
0.591239	8.14027e-12
0.597152	8.14027e-12
0.603123	7.77026e-12
0.609154	8.14027e-12
0.615246	7.40025e-12
0.621398	6.7275e-12
0.627612	6.14371e-12
0.633888	7.40025e-12
0.640227	7.40025e-12
0.64663	8.14027e-12
0.653096	7.43389e-12
0.659627	7.40025e-12
0.666223	7.40025e-12
0.672885	7.40025e-12
0.679614	6.14371e-12
0.68641	6.7275e-12
0.693275	6.7275e-12
0.700207	7.40025e-12
0.707209	6.75808e-12
0.714281	7.40025e-12
0.721424	7.40025e-12
0.728638	7.40025e-12
0.735925	6.4217e-12
0.743284	6.7275e-12
0.750717	6.7275e-12
0.758224	6.7275e-12
0.765806	6.14371e-12
0.773464	6.7275e-12
0.781199	6.7275e-12
0.789011	6.7275e-12
0.796901	6.4217e-12
0.80487	6.7275e-12
0.812919	6.7275e-12
0.821048	6.7275e-12
0.829259	5.89099e-12
0.837551	6.7275e-12
0.845927	6.7275e-12
0.854386	6.7275e-12
0.86293	6.14371e-12
0.871559	6.7275e-12
0.880275	6.7275e-12
0.889077	6.7275e-12
0.897968	5.83791e-12
0.906948	6.11591e-12
0.916017	6.11591e-12
0.925178	6.11591e-12
0.934429	5.83791e-12
0.943774	6.7275e-12
0.953211	6.7275e-12
0.962743	6.11591e-12
0.972371	5.83791e-12
0.982095	6.11591e-12
0.991916	6.11591e-12
