0.001	2.86384e-09
0.00125893	2.26439e-09
0.00158489	1.8205e-09
0.00199526	1.45723e-09
0.00251189	1.1767e-09
0.00316228	9.42728e-10
0.00398107	7.58431e-10
0.00501187	6.18667e-10
0.00630957	5.11392e-10
0.00794328	4.16785e-10
0.01	3.47901e-10
0.0125893	2.87649e-10
0.0158489	2.39951e-10
0.0199526	1.99818e-10
0.0251189	1.66559e-10
0.0316228	1.38049e-10
0.0398107	1.15447e-10
0.0501187	9.56838e-11
0.0630957	7.9022e-11
0.0794328	6.51915e-11
0.1	5.34778e-11
0.125893	4.36642e-11
0.158489	3.51205e-11
0.199526	2.84025e-11
0.251189	2.262e-11
0.316228	1.78763e-11
0.398107	1.39708e-11
0.501187	1.0763e-11
0.630957	8.11963e-12
0.794328	6.07623e-12
1	4.61381e-12
1.25893	3.50307e-12
1.58489	2.57684e-12
1.99526	1.87994e-12
2.51189	1.35764e-12
3.16228	9.8122e-13
3.98107	7.10324e-13
5.01187	5.20671e-13
6.30957	3.85753e-13
7.94328	2.87576e-13
10	2.16451e-13
12.5893	1.74861e-13
15.8489	1.53032e-13
19.9526	1.34398e-13
25.1189	1.18891e-13
31.6228	1.06382e-13
39.8107	9.56966e-14
50.1187	8.49129e-14
63.0957	7.57752e-14
79.4328	6.832e-14
100	6.10777e-14
125.893	5.43409e-14
158.489	4.86928e-14
199.526	4.46796e-14
251.189	4.55462e-14
316.228	1.38131e-13
398.107	1.82114e-13
501.187	2.10645e-13
630.957	2.30984e-13
794.328	2.54124e-13
1000	2.82645e-13
1258.93	3.13988e-13
1584.89	3.5192e-13
1995.26	3.97172e-13
2511.89	4.63106e-13
3162.28	5.49631e-13
3981.07	6.73295e-13
5011.87	8.434e-13
6309.57	1.08128e-12
7943.28	1.53441e-12
10000	1e+96
