0.001	9.11306e-10
0.00125893	7.33858e-10
0.00158489	5.82418e-10
0.00199526	4.6984e-10
0.00251189	3.77389e-10
0.00316228	3.04271e-10
0.00398107	2.4631e-10
0.00501187	1.99115e-10
0.00630957	1.63346e-10
0.00794328	1.34503e-10
0.01	1.11432e-10
0.0125893	9.29068e-11
0.0158489	7.72583e-11
0.0199526	6.40421e-11
0.0251189	5.35564e-11
0.0316228	4.46871e-11
0.0398107	3.69743e-11
0.0501187	3.08012e-11
0.0630957	2.55878e-11
0.0794328	2.10267e-11
0.1	1.71067e-11
0.125893	1.40484e-11
0.158489	1.13528e-11
0.199526	9.11097e-12
0.251189	7.30934e-12
0.316228	5.72876e-12
0.398107	4.51204e-12
0.501187	3.46056e-12
0.630957	2.61086e-12
0.794328	1.96549e-12
1	1.48992e-12
1.25893	1.12179e-12
1.58489	8.27984e-13
1.99526	6.02543e-13
2.51189	4.34421e-13
3.16228	3.15392e-13
3.98107	2.28719e-13
5.01187	1.68114e-13
6.30957	1.24193e-13
7.94328	9.23016e-14
10	6.9101e-14
12.5893	5.61571e-14
15.8489	4.88975e-14
19.9526	4.33809e-14
25.1189	3.82841e-14
31.6228	3.43365e-14
39.8107	3.06713e-14
50.1187	2.71898e-14
63.0957	2.46335e-14
79.4328	2.20484e-14
100	1.95521e-14
125.893	1.76364e-14
158.489	1.5558e-14
199.526	1.44746e-14
251.189	1.48426e-14
316.228	4.48202e-14
398.107	5.88834e-14
501.187	6.71713e-14
630.957	7.4706e-14
794.328	8.21188e-14
1000	8.981e-14
1258.93	1.00402e-13
1584.89	1.13893e-13
1995.26	1.27757e-13
2511.89	1.48277e-13
3162.28	1.77294e-13
3981.07	2.1623e-13
5011.87	2.72282e-13
6309.57	3.461e-13
7943.28	4.95948e-13
10000	1e+96
