0.001	0.00154343
0.0011	0.00210911
0.00121	0.00220238
0.001331	0.0023756
0.0014641	0.00229021
0.00161051	0.0016201
0.00177156	0.00143072
0.00194872	0.00106058
0.00214359	0.000582093
0.00235795	0.000771363
0.00259374	0.000805268
0.00285312	0.00057141
0.00313843	0.000412471
0.00345227	0.000543993
0.0037975	0.000592099
0.00417725	0.000423942
0.00459497	0.000217816
0.00505447	0.000261154
0.00555992	0.000270766
0.00611591	0.000358684
0.0067275	0.000268813
0.00740025	0.00027108
0.00814027	0.000247859
0.0089543	0.000194252
0.00984973	0.00014949
0.0108347	0.000157622
0.0119182	0.000149129
0.01311	0.000137718
0.014421	8.61187e-05
0.0158631	0.000135275
0.0174494	6.85326e-05
0.0191943	0.000118861
0.0211138	8.27622e-05
0.0232252	6.70938e-05
0.0255477	6.44758e-05
0.0281024	4.20687e-05
0.0309127	6.5397e-05
0.0340039	6.09384e-05
0.0374043	3.12117e-05
0.0411448	6.06383e-05
0.0452593	4.76113e-05
0.0497852	3.51717e-05
0.0547637	4.01809e-05
0.0602401	4.05047e-05
0.0662641	3.19462e-05
0.0728905	2.36796e-05
0.0801795	1.94942e-05
0.0881975	1.82214e-05
0.0970172	2.14568e-05
0.106719	1.37241e-05
0.117391	2.41336e-05
0.12913	1.5904e-05
0.142043	1.2496e-05
0.156247	1.13125e-05
0.171872	7.77805e-06
0.189059	9.81642e-06
0.207965	8.83682e-06
0.228762	9.39485e-06
0.251638	6.65575e-06
0.276801	6.81031e-06
0.304482	8.62656e-06
0.33493	3.93978e-06
0.368423	4.56995e-06
0.405265	5.38137e-06
0.445792	6.14693e-06
0.490371	2.93736e-06
0.539408	3.83678e-06
0.593349	3.30677e-06
0.652683	2.54068e-06
0.717952	2.51785e-06
0.735599	1.39981e-06
0.761075	9.78317e-07
0.786415	1.05984e-06
0.811677	1.21079e-06
0.836868	1.35864e-06
0.861995	1.75824e-06
0.886817	1.50666e-06
0.912154	1.09683e-06
0.936806	1.64525e-06
0.961955	1.78725e-06
0.986829	1.15514e-06
1.01145	9.12494e-07
1.03618	1.58105e-06
1.06068	1.28218e-06
1.08529	1.0436e-06
1.10968	1.62371e-06
1.13419	1.24226e-06
1.15849	1.01585e-06
1.18259	1.43268e-06
1.20652	1.20572e-06
1.23056	9.83118e-07
1.25444	9.73384e-07
1.27787	1.44562e-06
1.30143	1.43131e-06
1.32512	1.34965e-06
1.34839	1.06903e-06
1.3718	1.45537e-06
1.39481	1.44096e-06
1.41796	1.81579e-06
1.44074	1.47677e-06
1.46365	1.20786e-06
1.48646	1.13296e-06
1.50893	1.05942e-06
1.53153	1.48085e-06
1.55404	9.77459e-07
1.57623	8.46808e-07
1.59856	1.08284e-06
1.62081	1.0673e-06
1.64298	9.41702e-07
1.66485	1.46946e-06
1.68687	8.71892e-07
1.7086	1.15101e-06
1.73048	1.25358e-06
1.75209	1.07192e-06
1.77384	1.18475e-06
1.79533	8.93729e-07
1.81676	1.1061e-06
1.83833	1.04039e-06
1.85966	1.08651e-06
1.88094	1.24695e-06
1.90216	9.16894e-07
1.92335	9.035e-07
1.94448	1.00979e-06
1.96558	8.94554e-07
1.98663	5.73098e-07
2.00746	6.77298e-07
2.02826	7.22176e-07
2.04919	9.70392e-07
2.06992	1.12361e-06
2.09079	1.26419e-06
2.11145	7.51004e-07
2.13208	8.51138e-07
2.15268	1.14014e-06
2.17325	8.44213e-07
2.19363	5.39885e-07
2.21415	8.83447e-07
2.23464	1.06908e-06
2.25494	5.29247e-07
2.27522	1.05849e-06
2.29564	6.19281e-07
2.31588	7.62191e-07
2.3361	1.03764e-06
2.3563	9.90472e-07
2.37632	9.80665e-07
2.39634	7.93872e-07
2.41648	6.02945e-07
2.43646	1.01719e-06
2.45642	6.86673e-07
2.47637	9.15564e-07
2.4963	1.00712e-06
2.51622	8.15849e-07
2.53612	7.25199e-07
2.55587	6.73143e-07
2.57575	7.62895e-07
2.59548	7.99773e-07
2.6152	8.90441e-07
2.6349	1.01181e-06
2.6546	5.71895e-07
2.67429	5.71895e-07
2.69383	1.04535e-06
2.7139	5.22676e-07
2.73249	9.91878e-07
2.75228	1.035e-06
2.77193	1.035e-06
2.79143	6.8317e-07
2.8108	7.68567e-07
2.83004	8.96661e-07
2.85042	5.91855e-07
2.8694	5.91855e-07
2.88825	1.17199e-06
2.90822	6.27852e-07
2.92681	7.11566e-07
2.94652	5.02282e-07
2.9661	7.87406e-07
2.98555	7.04521e-07
3.00367	8.20641e-07
3.02288	9.43738e-07
3.04316	6.15481e-07
3.06212	8.14166e-07
3.08096	5.68761e-07
3.09969	6.90639e-07
3.11947	6.50013e-07
3.13797	8.46328e-07
3.1575	8.04472e-07
3.17692	7.24024e-07
3.19509	7.16856e-07
3.21428	9.55808e-07
3.23335	7.96507e-07
3.25232	7.09758e-07
3.27117	5.91465e-07
3.28992	6.70327e-07
3.30965	7.8862e-07
3.32818	7.02731e-07
3.34661	6.2465e-07
3.36601	5.46569e-07
3.38423	6.2465e-07
3.40342	5.07528e-07
3.42249	6.18465e-07
3.44147	8.89044e-07
3.46034	8.90215e-07
3.4791	6.88884e-07
3.49777	8.81795e-07
3.51634	3.82714e-07
3.53481	4.97528e-07
3.5542	8.04858e-07
3.57247	5.68386e-07
3.59166	7.19956e-07
3.60974	8.71526e-07
3.62873	6.82064e-07
3.64763	6.07427e-07
3.66642	6.75311e-07
3.68512	7.50345e-07
3.70372	6.75311e-07
3.72223	4.4575e-07
3.74065	6.68624e-07
3.75898	7.80062e-07
3.77722	6.31479e-07
3.79633	4.84021e-07
3.81439	6.31479e-07
3.83331	4.82895e-07
3.85214	6.62004e-07
3.87088	9.93007e-07
3.88859	5.88448e-07
3.90715	3.6778e-07
3.92563	5.88448e-07
3.94493	6.5545e-07
3.96323	2.91311e-07
3.98144	8.73933e-07
4.00048	6.56553e-07
4.01852	4.7338e-07
4.03738	6.12907e-07
4.05526	5.76854e-07
4.07395	6.14371e-07
4.09256	5.76854e-07
4.11108	5.408e-07
4.12952	7.22159e-07
4.14787	6.78231e-07
4.16615	7.8677e-07
4.18434	8.22466e-07
4.20246	4.99749e-07
4.22135	6.78231e-07
4.23931	4.64053e-07
4.25804	7.86402e-07
4.27669	7.77545e-07
4.29442	8.85009e-07
4.31291	5.30144e-07
4.33132	6.0083e-07
4.34966	5.65487e-07
4.36792	4.94801e-07
4.3861	6.71516e-07
4.40503	5.65487e-07
4.42306	5.94881e-07
4.44102	5.94881e-07
4.45971	8.39833e-07
4.47752	6.99861e-07
4.49607	3.84923e-07
4.51453	7.35914e-07
4.53293	6.64867e-07
4.55124	8.74826e-07
4.56949	5.88992e-07
4.58766	6.92931e-07
4.60576	8.66164e-07
4.62379	3.47872e-07
4.64253	5.19698e-07
4.66042	5.54345e-07
4.67901	6.25738e-07
4.69753	6.58285e-07
4.71521	4.11642e-07
4.73358	1.06341e-06
4.75189	6.17463e-07
4.77012	6.8607e-07
4.78829	4.45946e-07
4.80639	7.88981e-07
4.82517	5.15946e-07
4.84313	4.80249e-07
4.86102	5.8316e-07
4.87959	7.20374e-07
4.89735	4.75494e-07
4.91578	7.48585e-07
4.93415	6.46693e-07
4.95244	8.49097e-07
4.97067	5.77386e-07
4.98883	4.75494e-07
