1e-06	2.02229e-10
1.1e-06	1.8391e-10
1.21e-06	1.67134e-10
1.331e-06	1.51949e-10
1.4641e-06	1.38047e-10
1.61051e-06	1.25542e-10
1.77156e-06	1.1417e-10
1.94872e-06	1.03724e-10
2.14359e-06	9.43284e-11
2.35795e-06	8.58095e-11
2.59374e-06	7.79586e-11
2.85312e-06	7.08755e-11
3.13843e-06	6.44553e-11
3.45227e-06	5.85582e-11
3.7975e-06	5.32537e-11
4.17725e-06	4.84298e-11
4.59497e-06	4.39988e-11
5.05447e-06	4.00133e-11
5.55992e-06	3.63524e-11
6.11591e-06	3.30594e-11
6.7275e-06	3.00648e-11
7.40025e-06	2.73141e-11
8.14027e-06	2.48399e-11
8.9543e-06	2.25898e-11
9.84973e-06	2.05291e-11
1.08347e-05	1.86639e-11
1.19182e-05	1.69733e-11
1.311e-05	1.54203e-11
1.4421e-05	1.40235e-11
1.58631e-05	1.27532e-11
1.74494e-05	1.15864e-11
1.91943e-05	1.05368e-11
2.11138e-05	9.5728e-12
2.32252e-05	8.70566e-12
2.55477e-05	7.91707e-12
2.81024e-05	7.19272e-12
3.09127e-05	6.54117e-12
3.40039e-05	5.94865e-12
3.74043e-05	5.40439e-12
4.11448e-05	4.91484e-12
4.52593e-05	4.46963e-12
4.97852e-05	4.0607e-12
5.47637e-05	3.69286e-12
6.02401e-05	3.35499e-12
6.62641e-05	3.05109e-12
7.28905e-05	2.77471e-12
8.01795e-05	2.52084e-12
8.81975e-05	2.29249e-12
9.70172e-05	2.08483e-12
0.000106719	1.89409e-12
0.000117391	1.72303e-12
0.00012913	1.56648e-12
0.000142043	1.42316e-12
0.000156247	1.29424e-12
0.000171872	1.17701e-12
0.000189059	1.06932e-12
0.000207965	9.72456e-13
0.000228762	8.83483e-13
0.000251638	8.03454e-13
0.000276801	7.30674e-13
0.000304482	6.63823e-13
0.00033493	6.03873e-13
0.000368423	5.49006e-13
0.000405265	4.98777e-13
0.000445792	4.53595e-13
0.000490371	4.12507e-13
0.000539408	3.74766e-13
0.000593349	3.4092e-13
0.000652683	3.09945e-13
0.000717952	2.81588e-13
0.000789747	2.5608e-13
0.000868722	2.32651e-13
0.000955594	2.11577e-13
0.00105115	1.92411e-13
0.00115627	1.74807e-13
0.0012719	1.58972e-13
0.00139908	1.44572e-13
0.00153899	1.31345e-13
0.00169289	1.19447e-13
0.00186218	1.08627e-13
0.0020484	9.86885e-14
0.00225324	8.97489e-14
0.00247856	8.16191e-14
0.00272642	7.41516e-14
0.00299906	6.74549e-14
0.00329897	6.12834e-14
0.00362887	5.57153e-14
0.00399175	5.06684e-14
0.00439093	4.60326e-14
0.00483002	4.18754e-14
0.00531302	3.80821e-14
0.00584432	3.45979e-14
0.00642876	3.14544e-14
0.00707163	2.86052e-14
0.0077788	2.5988e-14
0.00855668	2.36339e-14
0.00941234	2.14931e-14
0.0103536	1.95461e-14
0.0113889	1.77578e-14
0.0125278	1.61492e-14
0.0137806	1.46864e-14
0.0151587	1.3356e-14
0.0166745	1.21462e-14
0.018342	1.1057e-14
0.0201762	1.00584e-14
0.0221938	9.15369e-15
0.0244132	8.33284e-15
0.0268545	7.58559e-15
0.02954	6.91226e-15
0.032494	6.2987e-15
0.0357434	5.74534e-15
0.0393177	5.2406e-15
0.0432495	4.7802e-15
0.0475744	4.3646e-15
0.0523319	3.98913e-15
0.057565	3.64595e-15
0.0633215	3.3323e-15
0.0696537	3.04867e-15
0.0766191	2.79198e-15
0.084281	2.5569e-15
0.0927091	2.34395e-15
0.10198	2.14874e-15
0.112178	1.97373e-15
0.123396	1.81297e-15
0.135735	1.66864e-15
0.149309	1.53733e-15
0.16424	1.41778e-15
0.180664	1.31013e-15
0.19873	1.21224e-15
0.218603	1.12435e-15
0.240463	1.04628e-15
0.26451	9.75873e-16
0.290961	9.14213e-16
0.320057	8.5928e-16
0.352063	8.12506e-16
0.387269	7.73672e-16
0.425996	7.41866e-16
0.468595	7.17796e-16
0.515455	7.02886e-16
0.567	6.97986e-16
0.6237	7.04293e-16
0.68607	7.23558e-16
0.754677	7.58359e-16
0.830145	8.09264e-16
0.91316	8.77507e-16
1.00448	9.60102e-16
1.10492	1.05468e-15
1.21542	1.16089e-15
1.33696	1.27653e-15
1.47065	1.40368e-15
1.61772	1.54503e-15
1.77949	1.69893e-15
1.95744	1.86816e-15
2.15318	2.05629e-15
2.3685	2.26179e-15
2.60535	2.48633e-15
2.86589	2.73672e-15
3.15247	3.00932e-15
3.46772	3.31237e-15
3.81449	3.64231e-15
4.19594	4.00511e-15
4.61554	4.40845e-15
5.07709	4.84901e-15
5.5848	5.33041e-15
6.14328	5.86721e-15
6.75761	6.45162e-15
7.43337	7.09425e-15
8.17671	7.80868e-15
8.99438	8.58648e-15
9.89382	9.45403e-15
10.8832	1.03926e-14
11.9715	1.14278e-14
13.1687	1.25786e-14
14.4855	1.38315e-14
15.9341	1.5229e-14
17.5275	1.67409e-14
19.2802	1.84268e-14
21.2083	2.02623e-14
23.3291	2.23028e-14
25.662	2.45488e-14
28.2282	2.6994e-14
31.051	2.97125e-14
34.1561	3.27048e-14
37.5717	3.60091e-14
41.3289	3.96236e-14
45.4618	4.36139e-14
50.008	4.80541e-14
55.0088	5.28935e-14
60.5097	5.82784e-14
66.5606	6.42758e-14
73.2167	7.08903e-14
80.5384	7.81855e-14
88.5922	8.63177e-14
97.4514	9.53911e-14
107.197	1.05629e-13
117.916	1.17083e-13
129.708	1.30169e-13
142.679	1.45296e-13
156.947	1.62832e-13
172.641	1.84133e-13
189.905	2.10943e-13
208.896	2.46857e-13
229.785	3.0079e-13
252.764	3.99522e-13
278.04	7.20521e-13
305.844	1e+96
