1e-06	5.8726e-10
1.1e-06	5.33903e-10
1.21e-06	4.85201e-10
1.331e-06	4.41645e-10
1.4641e-06	4.01279e-10
1.61051e-06	3.64783e-10
1.77156e-06	3.31641e-10
1.94872e-06	3.0178e-10
2.14359e-06	2.73759e-10
2.35795e-06	2.49259e-10
2.59374e-06	2.26591e-10
2.85312e-06	2.06249e-10
3.13843e-06	1.87174e-10
3.45227e-06	1.70049e-10
3.7975e-06	1.54784e-10
4.17725e-06	1.40679e-10
4.59497e-06	1.27731e-10
5.05447e-06	1.16335e-10
5.55992e-06	1.05765e-10
6.11591e-06	9.60598e-11
6.7275e-06	8.73583e-11
7.40025e-06	7.95638e-11
8.14027e-06	7.2198e-11
8.9543e-06	6.55991e-11
9.84973e-06	5.96333e-11
1.08347e-05	5.42312e-11
1.19182e-05	4.9304e-11
1.311e-05	4.48064e-11
1.4421e-05	4.07111e-11
1.58631e-05	3.70566e-11
1.74494e-05	3.36662e-11
1.91943e-05	3.06349e-11
2.11138e-05	2.78682e-11
2.32252e-05	2.52958e-11
2.55477e-05	2.29975e-11
2.81024e-05	2.0908e-11
3.09127e-05	1.89894e-11
3.40039e-05	1.72848e-11
3.74043e-05	1.56893e-11
4.11448e-05	1.42809e-11
4.52593e-05	1.29989e-11
4.97852e-05	1.1792e-11
5.47637e-05	1.07174e-11
6.02401e-05	9.75826e-12
6.62641e-05	8.8681e-12
7.28905e-05	8.06479e-12
8.01795e-05	7.33206e-12
8.81975e-05	6.65927e-12
9.70172e-05	6.05602e-12
0.000106719	5.51074e-12
0.000117391	5.01006e-12
0.00012913	4.56256e-12
0.000142043	4.13565e-12
0.000156247	3.76441e-12
0.000171872	3.42239e-12
0.000189059	3.10928e-12
0.000207965	2.82508e-12
0.000228762	2.57302e-12
0.000251638	2.33784e-12
0.000276801	2.12671e-12
0.000304482	1.93464e-12
0.00033493	1.76326e-12
0.000368423	1.60066e-12
0.000405265	1.45611e-12
0.000445792	1.32553e-12
0.000490371	1.2063e-12
0.000539408	1.09879e-12
0.000593349	9.99355e-13
0.000652683	9.11466e-13
0.000717952	8.29815e-13
0.000789747	7.56914e-13
0.000868722	6.90417e-13
0.000955594	6.30138e-13
0.00105115	5.75412e-13
0.00115627	5.26175e-13
0.0012719	4.81244e-13
0.00139908	4.4046e-13
0.00153899	4.03615e-13
0.00169289	3.70481e-13
0.00186218	3.39966e-13
0.0020484	3.1209e-13
0.00225324	2.86871e-13
0.00247856	2.64113e-13
0.00272642	2.435e-13
0.00299906	2.24697e-13
0.00329897	2.07637e-13
0.00362887	1.91873e-13
0.00399175	1.77714e-13
0.00439093	1.64731e-13
0.00483002	1.53169e-13
0.00531302	1.42449e-13
0.00584432	1.32902e-13
0.00642876	1.23984e-13
0.00707163	1.16255e-13
0.0077788	1.09258e-13
0.00855668	1.02837e-13
0.00941234	9.70258e-14
0.0103536	9.20104e-14
0.0113889	8.76037e-14
0.0125278	8.36507e-14
0.0137806	8.02598e-14
0.0151587	7.73769e-14
0.0166745	7.49637e-14
0.018342	7.28951e-14
0.0201762	7.13308e-14
0.0221938	7.0108e-14
0.0244132	6.91823e-14
0.0268545	6.85627e-14
0.02954	6.81528e-14
0.032494	6.80097e-14
0.0357434	6.7813e-14
0.0393177	6.77858e-14
0.0432495	6.77858e-14
0.0475744	6.78061e-14
0.0523319	6.77858e-14
0.057565	6.7725e-14
0.0633215	6.77656e-14
0.0696537	6.77858e-14
0.0766191	6.78264e-14
0.084281	6.78264e-14
0.0927091	6.77858e-14
0.10198	6.77656e-14
0.112178	6.78264e-14
0.123396	6.77453e-14
0.135735	6.7725e-14
0.149309	6.78061e-14
0.16424	6.7725e-14
0.180664	6.77858e-14
0.19873	6.77656e-14
0.218603	6.77453e-14
0.240463	6.77858e-14
0.26451	6.78669e-14
0.290961	6.77858e-14
0.320057	6.77656e-14
0.352063	6.77656e-14
0.387269	6.77545e-14
0.425996	6.7725e-14
0.468595	6.78061e-14
0.515455	6.77453e-14
0.567	6.77656e-14
0.6237	6.77858e-14
0.68607	6.77858e-14
0.754677	6.77858e-14
0.830145	6.77656e-14
0.91316	6.77858e-14
1.00448	6.78061e-14
1.10492	6.77048e-14
1.21542	6.77453e-14
1.33696	6.7725e-14
1.47065	6.77453e-14
1.61772	6.78466e-14
1.77949	6.77858e-14
1.95744	6.77656e-14
2.15318	6.78264e-14
2.3685	6.77656e-14
2.60535	6.78061e-14
2.86589	6.77858e-14
3.15247	6.77858e-14
3.46772	6.77858e-14
3.81449	6.77656e-14
4.19594	6.78061e-14
4.61554	6.77656e-14
5.07709	6.77453e-14
5.5848	6.77656e-14
6.14328	6.77858e-14
6.75761	6.78061e-14
7.43337	6.77858e-14
8.17671	6.77453e-14
8.99438	6.78061e-14
9.89382	6.78264e-14
10.8832	6.78264e-14
11.9715	6.77453e-14
13.1687	6.79277e-14
14.4855	6.77858e-14
15.9341	6.7725e-14
17.5275	6.7725e-14
19.2802	6.77453e-14
21.2083	6.78264e-14
23.3291	6.78061e-14
25.662	6.77656e-14
28.2282	6.77048e-14
31.051	6.77453e-14
34.1561	6.78061e-14
37.5717	6.78061e-14
41.3289	6.78061e-14
45.4618	6.77656e-14
50.008	6.77858e-14
55.0088	6.77656e-14
60.5097	6.7725e-14
66.5606	6.77656e-14
73.2167	6.77656e-14
80.5384	6.77453e-14
88.5922	6.77453e-14
97.4514	6.78739e-14
107.197	6.79012e-14
117.916	6.80574e-14
129.708	6.81936e-14
142.679	6.83849e-14
156.947	6.90164e-14
172.641	6.97865e-14
189.905	7.13594e-14
208.896	7.39738e-14
229.785	7.92237e-14
252.764	8.99462e-14
278.04	1.22898e-13
305.844	1e+197
336.429	1e+197
370.072	1e+197
407.079	1e+197
447.787	1e+197
492.565	1e+197
541.822	1e+197
596.004	1e+197
655.605	1e+197
721.165	1e+197
793.281	1e+197
872.61	1e+197
959.871	1e+197
1055.86	1e+197
1161.44	1e+197
1277.59	1e+197
1405.35	1e+197
1545.88	1e+197
1700.47	1e+197
1870.52	1e+197
2057.57	1e+197
2263.32	1e+197
2489.66	1e+197
2738.62	1e+197
3012.49	1e+197
3313.73	1e+197
3645.11	1e+197
4009.62	1e+197
4410.58	1e+197
4851.64	1e+197
5336.8	1e+197
5870.48	1e+197
6457.53	1e+197
7103.28	1e+197
7813.61	1e+197
8594.97	1e+197
9454.47	1e+197
