1e-06	0.722642
1.1e-06	0.656201
1.21e-06	0.598533
1.331e-06	0.545449
1.4641e-06	0.436883
1.61051e-06	0.393711
1.77156e-06	0.327533
1.94872e-06	0.288086
2.14359e-06	0.211625
2.35795e-06	0.176339
2.59374e-06	0.151128
2.85312e-06	0.136034
3.13843e-06	0.111376
3.45227e-06	0.0882815
3.7975e-06	0.0734334
4.17725e-06	0.060412
4.59497e-06	0.0492243
5.05447e-06	0.0417465
5.55992e-06	0.0343962
6.11591e-06	0.0284576
6.7275e-06	0.0235774
7.40025e-06	0.0194537
8.14027e-06	0.0162141
8.9543e-06	0.01322
9.84973e-06	0.0110061
1.08347e-05	0.00900592
1.19182e-05	0.00755397
1.311e-05	0.00624559
1.4421e-05	0.00515664
1.58631e-05	0.00425034
1.74494e-05	0.00350559
1.91943e-05	0.00287435
2.11138e-05	0.00237087
2.32252e-05	0.00197345
2.55477e-05	0.00163242
2.81024e-05	0.00134477
3.09127e-05	0.00111718
3.40039e-05	0.000919844
3.74043e-05	0.000761882
4.11448e-05	0.000629401
4.52593e-05	0.000522191
4.97852e-05	0.000430721
5.47637e-05	0.000355499
6.02401e-05	0.000292977
6.62641e-05	0.000243457
7.28905e-05	0.000200935
8.01795e-05	0.000165186
8.81975e-05	0.000136857
9.70172e-05	0.00011368
0.000106719	9.32806e-05
0.000117391	7.73436e-05
0.00012913	6.40142e-05
0.000142043	5.29934e-05
0.000156247	4.38504e-05
0.000171872	3.59556e-05
0.000189059	2.97909e-05
0.000207965	2.45621e-05
0.000228762	2.03307e-05
0.000251638	1.69489e-05
0.000276801	1.39108e-05
0.000304482	1.151e-05
0.00033493	9.47256e-06
0.000368423	7.83398e-06
0.000405265	6.50984e-06
0.000445792	5.39152e-06
0.000490371	4.44727e-06
0.000539408	3.65547e-06
0.000593349	3.01723e-06
0.000652683	2.4888e-06
0.000717952	2.05601e-06
0.000789747	1.71638e-06
0.000868722	1.41454e-06
0.000955594	1.17139e-06
0.00105115	9.69209e-07
0.00115627	7.96472e-07
0.0012719	6.62561e-07
0.00139908	5.45695e-07
0.00153899	4.54456e-07
0.00169289	3.75546e-07
0.00186218	3.10553e-07
0.0020484	2.58853e-07
0.00225324	2.1645e-07
0.00247856	1.80258e-07
0.00272642	1.51685e-07
0.00299906	1.28633e-07
0.00329897	1.10526e-07
0.00362887	9.73029e-08
0.00399175	8.79435e-08
0.00439093	8.42562e-08
0.00483002	8.8406e-08
0.00531302	9.80729e-08
0.00584432	7.67931e-08
0.00642876	5.95292e-08
0.00707163	5.87371e-08
0.0077788	5.3367e-08
0.00855668	4.75675e-08
0.00941234	4.28229e-08
0.0103536	4.08759e-08
0.0113889	3.7183e-08
0.0125278	3.34849e-08
0.0137806	2.93716e-08
0.0151587	2.75336e-08
0.0166745	2.50703e-08
0.018342	2.24101e-08
0.0201762	2.04024e-08
0.0221938	1.85652e-08
0.0244132	1.68015e-08
0.0268545	1.53102e-08
0.02954	1.38551e-08
0.032494	1.27004e-08
0.0357434	1.14462e-08
0.0393177	1.04738e-08
0.0432495	9.46334e-09
0.0475744	8.6749e-09
0.0523319	7.79588e-09
0.057565	7.10582e-09
0.0633215	6.49374e-09
0.0696537	5.90423e-09
0.0766191	5.35074e-09
0.084281	4.84609e-09
0.0927091	4.39915e-09
0.10198	4.05031e-09
0.112178	3.66322e-09
0.123396	3.32517e-09
0.135735	3.0222e-09
0.149309	2.74286e-09
0.16424	2.50087e-09
0.180664	2.26734e-09
0.19873	2.07349e-09
0.218603	1.88171e-09
0.240463	1.71991e-09
0.26451	1.55699e-09
0.290961	1.41218e-09
0.320057	1.28439e-09
0.352063	1.16603e-09
0.387269	1.06695e-09
0.425996	9.64737e-10
0.468595	8.72318e-10
0.515455	7.96274e-10
0.567	7.25329e-10
0.6237	6.57293e-10
0.68607	6.02077e-10
0.754677	5.43898e-10
0.830145	4.95119e-10
0.91316	4.47633e-10
1.00448	4.1232e-10
1.10492	3.71198e-10
1.21542	3.37659e-10
1.33696	3.08383e-10
1.47065	2.78565e-10
1.61772	2.5489e-10
1.77949	2.30094e-10
1.95744	2.08806e-10
2.15318	1.90854e-10
2.3685	1.73545e-10
2.60535	1.58216e-10
2.86589	1.43454e-10
3.15247	1.31117e-10
3.46772	1.18288e-10
3.81449	1.07849e-10
4.19594	9.7755e-11
4.61554	8.97469e-11
5.07709	8.07608e-11
5.5848	7.38796e-11
6.14328	6.67393e-11
6.75761	6.07946e-11
7.43337	5.51022e-11
8.17671	5.03951e-11
8.99438	4.55973e-11
9.89382	4.17474e-11
10.8832	3.78899e-11
11.9715	3.39696e-11
13.1687	3.13361e-11
14.4855	2.83259e-11
15.9341	2.55608e-11
17.5275	2.34118e-11
19.2802	2.10667e-11
21.2083	1.92976e-11
23.3291	1.7296e-11
25.662	1.58147e-11
28.2282	1.4312e-11
31.051	1.30004e-11
34.1561	1.16745e-11
37.5717	1.05728e-11
41.3289	9.47677e-12
45.4618	8.51579e-12
50.008	7.73431e-12
55.0088	6.88865e-12
60.5097	6.1157e-12
66.5606	5.46319e-12
73.2167	4.79376e-12
80.5384	4.19165e-12
88.5922	3.54576e-12
97.4514	3.07187e-12
107.197	2.97535e-12
117.916	2.94576e-12
129.708	2.95448e-12
142.679	3.06253e-12
156.947	3.23567e-12
172.641	3.45427e-12
189.905	3.89913e-12
208.896	4.72623e-12
229.785	6.27519e-12
252.764	1.0252e-11
278.04	3.14475e-11
305.844	1e+96
336.429	1e+96
370.072	1e+96
407.079	1e+96
447.787	1e+96
492.565	1e+96
541.822	1e+96
596.004	1e+96
655.605	1e+96
721.165	1e+96
793.281	1e+96
872.61	1e+96
959.871	1e+96
1055.86	1e+96
1161.44	1e+96
1277.59	1e+96
1405.35	1e+96
1545.88	1e+96
1700.47	1e+96
1870.52	1e+96
2057.57	1e+96
2263.32	1e+96
2489.66	1e+96
2738.62	1e+96
3012.49	1e+96
3313.73	1e+96
3645.11	1e+96
4009.62	1e+96
4410.58	1e+96
4851.64	1e+96
5336.8	1e+96
5870.48	1e+96
6457.53	1e+96
7103.28	1e+96
7813.61	1e+96
8594.97	1e+96
9454.47	1e+96
