1e-06	2.31212e-10
1.1e-06	2.06932e-10
1.21e-06	1.85257e-10
1.331e-06	1.66019e-10
1.4641e-06	1.48644e-10
1.61051e-06	1.33301e-10
1.77156e-06	1.19542e-10
1.94872e-06	1.07202e-10
2.14359e-06	9.6233e-11
2.35795e-06	8.6412e-11
2.59374e-06	7.76476e-11
2.85312e-06	6.9814e-11
3.13843e-06	6.26765e-11
3.45227e-06	5.63758e-11
3.7975e-06	5.07084e-11
4.17725e-06	4.56701e-11
4.59497e-06	4.11078e-11
5.05447e-06	3.70123e-11
5.55992e-06	3.33915e-11
6.11591e-06	3.0134e-11
6.7275e-06	2.72323e-11
7.40025e-06	2.4642e-11
8.14027e-06	2.23562e-11
8.9543e-06	2.02844e-11
9.84973e-06	1.84285e-11
1.08347e-05	1.67592e-11
1.19182e-05	1.52365e-11
1.311e-05	1.38425e-11
1.4421e-05	1.25924e-11
1.58631e-05	1.14482e-11
1.74494e-05	1.04008e-11
1.91943e-05	9.45867e-12
2.11138e-05	8.60187e-12
2.32252e-05	7.82426e-12
2.55477e-05	7.10696e-12
2.81024e-05	6.46319e-12
3.09127e-05	5.87185e-12
3.40039e-05	5.34477e-12
3.74043e-05	4.85624e-12
4.11448e-05	4.41326e-12
4.52593e-05	4.0147e-12
4.97852e-05	3.64884e-12
5.47637e-05	3.31599e-12
6.02401e-05	3.01652e-12
6.62641e-05	2.74245e-12
7.28905e-05	2.49328e-12
8.01795e-05	2.26584e-12
8.81975e-05	2.06121e-12
9.70172e-05	1.87337e-12
0.000106719	1.7047e-12
0.000117391	1.55028e-12
0.00012913	1.40943e-12
0.000142043	1.28176e-12
0.000156247	1.1653e-12
0.000171872	1.05974e-12
0.000189059	9.65001e-13
0.000207965	8.77587e-13
0.000228762	7.9889e-13
0.000251638	7.2725e-13
0.000276801	6.61835e-13
0.000304482	6.02667e-13
0.00033493	5.49172e-13
0.000368423	5.00425e-13
0.000405265	4.56461e-13
0.000445792	4.16234e-13
0.000490371	3.80047e-13
0.000539408	3.47109e-13
0.000593349	3.17565e-13
0.000652683	2.90449e-13
0.000717952	2.65808e-13
0.000789747	2.43597e-13
0.000868722	2.23533e-13
0.000955594	2.05121e-13
0.00105115	1.88603e-13
0.00115627	1.73519e-13
0.0012719	1.59817e-13
0.00139908	1.47196e-13
0.00153899	1.35885e-13
0.00169289	1.25644e-13
0.00186218	1.1615e-13
0.0020484	1.07579e-13
0.00225324	9.98095e-14
0.00247856	9.27585e-14
0.00272642	8.63437e-14
0.00299906	8.05897e-14
0.00329897	7.53695e-14
0.00362887	7.06074e-14
0.00399175	6.63648e-14
0.00439093	6.25019e-14
0.00483002	5.91174e-14
0.00531302	5.61233e-14
0.00584432	5.3473e-14
0.00642876	5.10905e-14
0.00707163	4.90882e-14
0.0077788	4.73864e-14
0.00855668	4.59683e-14
0.00941234	4.47622e-14
0.0103536	4.38763e-14
0.0113889	4.31931e-14
0.0125278	4.26782e-14
0.0137806	4.23382e-14
0.0151587	4.20725e-14
0.0166745	4.20136e-14
0.018342	4.19046e-14
0.0201762	4.18754e-14
0.0221938	4.18628e-14
0.0244132	4.18628e-14
0.0268545	4.18628e-14
0.02954	4.18628e-14
0.032494	4.18754e-14
0.0357434	4.18628e-14
0.0393177	4.18754e-14
0.0432495	4.18628e-14
0.0475744	4.18628e-14
0.0523319	4.18754e-14
0.057565	4.18628e-14
0.0633215	4.18628e-14
0.0696537	4.18628e-14
0.0766191	4.18754e-14
0.084281	4.18879e-14
0.0927091	4.18754e-14
0.10198	4.18628e-14
0.112178	4.18754e-14
0.123396	4.18628e-14
0.135735	4.18628e-14
0.149309	4.18754e-14
0.16424	4.18754e-14
0.180664	4.19005e-14
0.19873	4.18628e-14
0.218603	4.18879e-14
0.240463	4.18628e-14
0.26451	4.19005e-14
0.290961	4.18628e-14
0.320057	4.18754e-14
0.352063	4.18628e-14
0.387269	4.18628e-14
0.425996	4.18628e-14
0.468595	4.18628e-14
0.515455	4.18628e-14
0.567	4.18754e-14
0.6237	4.18628e-14
0.68607	4.18628e-14
0.754677	4.18628e-14
0.830145	4.18754e-14
0.91316	4.18754e-14
1.00448	4.18628e-14
1.10492	4.18628e-14
1.21542	4.18628e-14
1.33696	4.18754e-14
1.47065	4.18628e-14
1.61772	4.18628e-14
1.77949	4.18754e-14
1.95744	4.18628e-14
2.15318	4.18754e-14
2.3685	4.18754e-14
2.60535	4.18628e-14
2.86589	4.18628e-14
3.15247	4.18879e-14
3.46772	4.18628e-14
3.81449	4.18879e-14
4.19594	4.18628e-14
4.61554	4.18754e-14
5.07709	4.18754e-14
5.5848	4.18754e-14
6.14328	4.18628e-14
6.75761	4.18754e-14
7.43337	4.18628e-14
8.17671	4.18754e-14
8.99438	4.18879e-14
9.89382	4.18879e-14
10.8832	4.18754e-14
11.9715	4.18628e-14
13.1687	4.18754e-14
14.4855	4.18879e-14
15.9341	4.18754e-14
17.5275	4.18628e-14
19.2802	4.18628e-14
21.2083	4.18754e-14
23.3291	4.18628e-14
25.662	4.18754e-14
28.2282	4.18628e-14
31.051	4.18628e-14
34.1561	4.18628e-14
37.5717	4.18754e-14
41.3289	4.18628e-14
45.4618	4.18628e-14
50.008	4.18754e-14
55.0088	4.18628e-14
60.5097	4.18754e-14
66.5606	4.18628e-14
73.2167	4.18628e-14
80.5384	4.19423e-14
88.5922	4.19046e-14
97.4514	4.19465e-14
107.197	4.19465e-14
117.916	4.20431e-14
129.708	4.21693e-14
142.679	4.23256e-14
156.947	4.26227e-14
172.641	4.31802e-14
189.905	4.41093e-14
208.896	4.57711e-14
229.785	4.89706e-14
252.764	5.55818e-14
278.04	7.58759e-14
305.844	1e+197
336.429	1e+197
370.072	1e+197
407.079	1e+197
447.787	1e+197
492.565	1e+197
541.822	1e+197
596.004	1e+197
655.605	1e+197
721.165	1e+197
793.281	1e+197
872.61	1e+197
959.871	1e+197
1055.86	1e+197
1161.44	1e+197
1277.59	1e+197
1405.35	1e+197
1545.88	1e+197
1700.47	1e+197
1870.52	1e+197
2057.57	1e+197
2263.32	1e+197
2489.66	1e+197
2738.62	1e+197
3012.49	1e+197
3313.73	1e+197
3645.11	1e+197
4009.62	1e+197
4410.58	1e+197
4851.64	1e+197
5336.8	1e+197
5870.48	1e+197
6457.53	1e+197
7103.28	1e+197
7813.61	1e+197
8594.97	1e+197
9454.47	1e+197
