0.001	1.4032e-09
0.00125893	1.11481e-09
0.00158489	8.92462e-10
0.00199526	7.15808e-10
0.00251189	5.74802e-10
0.00316228	4.61596e-10
0.00398107	3.7621e-10
0.00501187	3.05272e-10
0.00630957	2.48402e-10
0.00794328	2.05555e-10
0.01	1.696e-10
0.0125893	1.41118e-10
0.0158489	1.17357e-10
0.0199526	9.79584e-11
0.0251189	8.20302e-11
0.0316228	6.83656e-11
0.0398107	5.64441e-11
0.0501187	4.68979e-11
0.0630957	3.89213e-11
0.0794328	3.20092e-11
0.1	2.63204e-11
0.125893	2.13619e-11
0.158489	1.75168e-11
0.199526	1.40087e-11
0.251189	1.11115e-11
0.316228	8.79124e-12
0.398107	6.84422e-12
0.501187	5.27398e-12
0.630957	3.97293e-12
0.794328	3.01065e-12
1	2.28809e-12
1.25893	1.70394e-12
1.58489	1.26607e-12
1.99526	9.21228e-13
2.51189	6.66221e-13
3.16228	4.83143e-13
3.98107	3.49104e-13
5.01187	2.551e-13
6.30957	1.89995e-13
7.94328	1.4041e-13
10	1.06933e-13
12.5893	8.54727e-14
15.8489	7.50383e-14
19.9526	6.62891e-14
25.1189	5.84851e-14
31.6228	5.25019e-14
39.8107	4.66855e-14
50.1187	4.18995e-14
63.0957	3.77306e-14
79.4328	3.38657e-14
100	2.99375e-14
125.893	2.67327e-14
158.489	2.3848e-14
199.526	2.21028e-14
251.189	2.22955e-14
316.228	6.80589e-14
398.107	8.91656e-14
501.187	1.02745e-13
630.957	1.14233e-13
794.328	1.25995e-13
1000	1.38644e-13
1258.93	1.52328e-13
1584.89	1.73573e-13
1995.26	1.9597e-13
2511.89	2.27745e-13
3162.28	2.71381e-13
3981.07	3.31519e-13
5011.87	4.15685e-13
6309.57	5.37372e-13
7943.28	7.53347e-13
10000	1e+96
