0.001	6.09645e-08
0.0011	5.05274e-08
0.00121	4.18494e-08
0.001331	3.45523e-08
0.0014641	2.84957e-08
0.00161051	2.3674e-08
0.00177156	1.94869e-08
0.00194872	1.6111e-08
0.00214359	1.32494e-08
0.00235795	1.09675e-08
0.00259374	9.11064e-09
0.00285312	7.52196e-09
0.00313843	6.20667e-09
0.00345227	5.12894e-09
0.0037975	4.21318e-09
0.00417725	3.48177e-09
0.00459497	2.89325e-09
0.00505447	2.39973e-09
0.00555992	1.97802e-09
0.00611591	1.63515e-09
0.0067275	1.34954e-09
0.00740025	1.11201e-09
0.00814027	9.22726e-10
0.0089543	7.62082e-10
0.00984973	6.30819e-10
0.0108347	5.20135e-10
0.0119182	4.29325e-10
0.01311	3.56098e-10
0.014421	2.94987e-10
0.0158631	2.42033e-10
0.0174494	2.0053e-10
0.0191943	1.66113e-10
0.0211138	1.37174e-10
0.0232252	1.13368e-10
0.0255477	9.41119e-11
0.0281024	7.82262e-11
0.0309127	6.47307e-11
0.0340039	5.33016e-11
0.0374043	4.43888e-11
0.0411448	3.68719e-11
0.0452593	3.06954e-11
0.0497852	2.58471e-11
0.0547637	2.18438e-11
0.0602401	1.85095e-11
0.0662641	1.58461e-11
0.0728905	1.37796e-11
0.0801795	1.21092e-11
0.0881975	1.06479e-11
0.0970172	9.57877e-12
0.106719	8.59598e-12
0.117391	7.82833e-12
0.12913	7.15904e-12
0.142043	6.51071e-12
0.156247	5.96861e-12
0.171872	5.50544e-12
0.189059	5.12275e-12
0.207965	4.7168e-12
0.228762	4.40739e-12
0.251638	4.09499e-12
0.276801	3.87187e-12
0.304482	3.64436e-12
0.33493	3.51886e-12
0.368423	3.36927e-12
0.405265	3.29676e-12
0.445792	3.24911e-12
0.490371	3.2351e-12
0.539408	3.19897e-12
0.593349	3.22312e-12
0.652683	3.22626e-12
0.717952	3.21879e-12
0.735599	3.22072e-12
0.761075	3.20689e-12
0.786415	3.218e-12
0.811677	3.21216e-12
0.836868	3.22304e-12
0.861995	3.19304e-12
0.886817	3.226e-12
0.912154	3.22566e-12
0.936806	3.22774e-12
0.961955	3.22449e-12
0.986829	3.21457e-12
1.01145	3.22597e-12
1.03618	3.21896e-12
1.06068	3.22691e-12
1.08529	3.19781e-12
1.10968	3.21156e-12
1.13419	3.21397e-12
1.15849	3.2013e-12
1.18259	3.23574e-12
1.20652	3.21364e-12
1.23056	3.22791e-12
1.25444	3.22804e-12
1.27787	3.19717e-12
1.30143	3.21438e-12
1.32512	3.19196e-12
1.34839	3.22245e-12
1.3718	3.20265e-12
1.39481	3.20774e-12
1.41796	3.21514e-12
1.44074	3.20303e-12
1.46365	3.20075e-12
1.48646	3.22392e-12
1.50893	3.20547e-12
1.53153	3.19884e-12
1.55404	3.20374e-12
1.57623	3.19463e-12
1.59856	3.19211e-12
1.62081	3.2144e-12
1.64298	3.20697e-12
1.66485	3.19516e-12
1.68687	3.2019e-12
1.7086	3.19731e-12
1.73048	3.18333e-12
1.75209	3.19365e-12
1.77384	3.19944e-12
1.79533	3.20071e-12
1.81676	3.20091e-12
1.83833	3.20362e-12
1.85966	3.17114e-12
1.88094	3.18941e-12
1.90216	3.18433e-12
1.92335	3.17236e-12
1.94448	3.17421e-12
1.96558	3.1789e-12
1.98663	3.17763e-12
2.00746	3.17536e-12
2.02826	3.16771e-12
2.04919	3.15577e-12
2.06992	3.16846e-12
2.09079	3.15798e-12
2.11145	3.15288e-12
2.13208	3.15719e-12
2.15268	3.15178e-12
2.17325	3.12474e-12
2.19363	3.14599e-12
2.21415	3.12953e-12
2.23464	3.14461e-12
2.25494	3.12464e-12
2.27522	3.11654e-12
2.29564	3.10184e-12
2.31588	3.11763e-12
2.3361	3.10845e-12
2.3563	3.09908e-12
2.37632	3.09901e-12
2.39634	3.08859e-12
2.41648	3.09179e-12
2.43646	3.08578e-12
2.45642	3.0651e-12
2.47637	3.06932e-12
2.4963	3.05144e-12
2.51622	3.05275e-12
2.53612	3.03996e-12
2.55587	3.02302e-12
2.57575	3.04154e-12
2.59548	3.01104e-12
2.6152	3.00865e-12
2.6349	2.99634e-12
2.6546	2.98616e-12
2.67429	2.97988e-12
2.69383	2.96034e-12
2.7139	2.94947e-12
2.73249	2.95118e-12
2.75228	2.94828e-12
2.77193	2.92853e-12
2.79143	2.90742e-12
2.8108	2.90848e-12
2.83004	2.88549e-12
2.85042	2.89037e-12
2.8694	2.8813e-12
2.88825	2.87344e-12
2.90822	2.83548e-12
2.92681	2.82436e-12
2.94652	2.83661e-12
2.9661	2.80304e-12
2.98555	2.79118e-12
3.00367	2.78076e-12
3.02288	2.74913e-12
3.04316	2.73458e-12
3.06212	2.74232e-12
3.08096	2.73139e-12
3.09969	2.70766e-12
3.11947	2.69828e-12
3.13797	2.66795e-12
3.1575	2.66806e-12
3.17692	2.64692e-12
3.19509	2.63421e-12
3.21428	2.63345e-12
3.23335	2.62882e-12
3.25232	2.59324e-12
3.27117	2.57084e-12
3.28992	2.56959e-12
3.30965	2.5425e-12
3.32818	2.53725e-12
3.34661	2.51476e-12
3.36601	2.49682e-12
3.38423	2.48177e-12
3.40342	2.46996e-12
3.42249	2.45971e-12
3.44147	2.44294e-12
3.46034	2.43299e-12
3.4791	2.40643e-12
3.49777	2.3959e-12
3.51634	2.37605e-12
3.53481	2.35708e-12
3.5542	2.33716e-12
3.57247	2.32408e-12
3.59166	2.31465e-12
3.60974	2.31351e-12
3.62873	2.28207e-12
3.64763	2.2831e-12
3.66642	2.25752e-12
3.68512	2.24315e-12
3.70372	2.22301e-12
3.72223	2.21545e-12
3.74065	2.19852e-12
3.75898	2.18314e-12
3.77722	2.15744e-12
3.79633	2.15013e-12
3.81439	2.14212e-12
3.83331	2.12917e-12
3.85214	2.11356e-12
3.87088	2.08685e-12
3.88859	2.0764e-12
3.90715	2.06559e-12
3.92563	2.06071e-12
3.94493	2.05123e-12
3.96323	2.02257e-12
3.98144	2.01108e-12
4.00048	2.0019e-12
4.01852	1.97777e-12
4.03738	1.96219e-12
4.05526	1.95483e-12
4.07395	1.94566e-12
4.09256	1.93902e-12
4.11108	1.91362e-12
4.12952	1.91054e-12
4.14787	1.88947e-12
4.16615	1.87393e-12
4.18434	1.8618e-12
4.20246	1.85657e-12
4.22135	1.84625e-12
4.23931	1.82874e-12
4.25804	1.82351e-12
4.27669	1.81271e-12
4.29442	1.79664e-12
4.31291	1.78076e-12
4.33132	1.78315e-12
4.34966	1.75105e-12
4.36792	1.75073e-12
4.3861	1.73843e-12
4.40503	1.7217e-12
4.42306	1.71373e-12
4.44102	1.70489e-12
4.45971	1.69161e-12
4.47752	1.67641e-12
4.49607	1.66825e-12
4.51453	1.65671e-12
4.53293	1.64297e-12
4.55124	1.64406e-12
4.56949	1.6179e-12
4.58766	1.61202e-12
4.60576	1.60741e-12
4.62379	1.59537e-12
4.64253	1.58493e-12
4.66042	1.58145e-12
4.67901	1.56252e-12
4.69753	1.5604e-12
4.71521	1.54647e-12
4.73358	1.5445e-12
4.75189	1.5249e-12
4.77012	1.519e-12
4.78829	1.50998e-12
4.80639	1.50186e-12
4.82517	1.49785e-12
4.84313	1.47764e-12
4.86102	1.47065e-12
4.87959	1.46149e-12
4.89735	1.44944e-12
4.91578	1.43845e-12
4.93415	1.44252e-12
4.95244	1.42306e-12
4.97067	1.41782e-12
4.98883	1.41387e-12
