10	0.00013701
10.1	0.000134891
10.201	0.000134646
10.303	0.00013362
10.406	0.000132968
10.5101	0.000130786
10.6152	0.000128713
10.7214	0.000127658
10.8286	0.000127739
10.9369	0.000124896
11.0462	0.000124827
11.1567	0.000123298
11.2683	0.000122129
11.3809	0.000120755
11.4947	0.000119431
11.6097	0.000117561
11.7258	0.000117037
11.843	0.000115568
11.9615	0.000114443
12.0811	0.000113523
12.2019	0.000112623
12.3239	0.00011163
12.4472	0.000109767
12.5716	0.000109231
12.6973	0.000107752
12.8243	0.000107005
12.9526	0.000105909
13.0821	0.000105338
13.2129	0.0001043
13.345	0.000102396
13.4785	0.000101405
13.6133	0.000101271
13.7494	9.98721e-05
13.8869	9.9143e-05
14.0258	9.77778e-05
14.166	9.68825e-05
14.3077	9.55456e-05
14.4508	9.49466e-05
14.5953	9.44513e-05
14.7412	9.33933e-05
14.8886	9.20334e-05
15.0375	9.14437e-05
15.1879	9.04895e-05
15.3398	8.91896e-05
15.4932	8.80326e-05
15.6481	8.75954e-05
15.8046	8.71515e-05
15.9626	8.57307e-05
16.1223	8.47014e-05
16.2835	8.44184e-05
16.4463	8.36112e-05
16.6108	8.24779e-05
16.7769	8.16386e-05
16.9447	8.05766e-05
17.1141	7.98492e-05
17.2852	7.90554e-05
17.4581	7.84936e-05
17.6327	7.83068e-05
17.809	7.66995e-05
17.9871	7.58943e-05
18.167	7.59373e-05
18.3486	7.52355e-05
18.5321	7.44433e-05
18.7174	7.30953e-05
18.9046	7.24267e-05
19.0937	7.14695e-05
19.2846	7.09669e-05
19.4774	7.01067e-05
19.6722	6.97146e-05
19.8689	6.8804e-05
20.0676	6.82613e-05
20.2683	6.80263e-05
20.471	6.69202e-05
20.6757	6.64537e-05
20.8825	6.52972e-05
21.0913	6.49088e-05
21.3022	6.45341e-05
21.5152	6.33139e-05
21.7304	6.29167e-05
21.9477	6.21534e-05
22.1672	6.18308e-05
22.3888	6.11253e-05
22.6127	6.06045e-05
22.8388	6.01617e-05
23.0672	5.93456e-05
23.2979	5.89932e-05
23.5309	5.82401e-05
23.7662	5.71504e-05
24.0038	5.71173e-05
24.2439	5.63598e-05
24.4863	5.59153e-05
24.7312	5.54721e-05
24.9785	5.46366e-05
25.2283	5.40592e-05
25.4806	5.40881e-05
25.7354	5.31005e-05
25.9927	5.25477e-05
26.2527	5.22889e-05
26.5152	5.15191e-05
26.7803	5.10644e-05
27.0481	5.07075e-05
27.3186	5.02361e-05
27.5918	4.92569e-05
27.8677	4.92053e-05
28.1464	4.8711e-05
28.4279	4.81363e-05
28.7121	4.76936e-05
28.9993	4.72225e-05
29.2893	4.62571e-05
29.5822	4.59416e-05
29.878	4.57231e-05
30.1768	4.53159e-05
30.4785	4.4666e-05
30.7833	4.44186e-05
31.0911	4.42113e-05
31.402	4.33721e-05
31.7161	4.29268e-05
32.0332	4.24319e-05
32.3536	4.21767e-05
32.6771	4.15167e-05
33.0039	4.11901e-05
33.3339	4.10115e-05
33.6672	4.04284e-05
34.0039	4.0307e-05
34.344	3.97662e-05
34.6874	3.94897e-05
35.0343	3.91569e-05
35.3846	3.85327e-05
35.7385	3.82582e-05
36.0958	3.78575e-05
36.4568	3.72133e-05
36.8214	3.69862e-05
37.1896	3.64339e-05
37.5615	3.63229e-05
37.9371	3.59346e-05
38.3165	3.54961e-05
38.6996	3.52302e-05
39.0866	3.48178e-05
39.4775	3.44828e-05
39.8723	3.40142e-05
40.271	3.39467e-05
40.6737	3.33148e-05
41.0804	3.33594e-05
41.4912	3.25499e-05
41.9062	3.23477e-05
42.3252	3.21157e-05
42.7485	3.17226e-05
43.176	3.16453e-05
43.6077	3.11837e-05
44.0438	3.09818e-05
44.4842	3.06829e-05
44.9291	3.00941e-05
45.3784	3.00251e-05
45.8321	2.95527e-05
46.2905	2.94229e-05
46.7534	2.91355e-05
47.2209	2.8553e-05
47.6931	2.84201e-05
48.17	2.8333e-05
48.6517	2.78182e-05
49.1383	2.75792e-05
49.6296	2.75637e-05
50.1259	2.69733e-05
50.6272	2.68706e-05
51.1335	2.64736e-05
51.6448	2.61177e-05
52.1613	2.61218e-05
52.6829	2.57093e-05
53.2097	2.54286e-05
53.7418	2.51291e-05
54.2792	2.48663e-05
54.822	2.44551e-05
55.3702	2.4484e-05
55.9239	2.40658e-05
56.4832	2.39598e-05
57.048	2.35885e-05
57.6185	2.34192e-05
58.1947	2.33143e-05
58.7766	2.30227e-05
59.3644	2.26988e-05
59.958	2.2527e-05
60.5576	2.24598e-05
61.1632	2.18594e-05
61.7748	2.17479e-05
62.3926	2.13999e-05
63.0165	2.13231e-05
63.6466	2.10098e-05
64.2831	2.08636e-05
64.9259	2.05184e-05
65.5752	2.0369e-05
66.231	2.02863e-05
66.8933	2.00421e-05
67.5622	1.98041e-05
68.2378	1.97814e-05
68.9202	1.93627e-05
69.6094	1.9068e-05
70.3055	1.90582e-05
71.0085	1.87125e-05
71.7186	1.868e-05
72.4358	1.83667e-05
73.1602	1.81517e-05
73.8918	1.79844e-05
74.6307	1.77898e-05
75.377	1.76625e-05
76.1308	1.74688e-05
76.8921	1.72996e-05
77.661	1.70263e-05
78.4376	1.6817e-05
79.222	1.67785e-05
80.0142	1.64951e-05
80.8144	1.62726e-05
81.6225	1.61287e-05
82.4387	1.61541e-05
83.2631	1.58767e-05
84.0957	1.56821e-05
84.9367	1.53913e-05
85.7861	1.53638e-05
86.6439	1.50772e-05
87.5104	1.49108e-05
88.3855	1.47795e-05
89.2693	1.4556e-05
90.162	1.45653e-05
91.0636	1.43479e-05
91.9743	1.41925e-05
92.894	1.40944e-05
93.823	1.38747e-05
94.7612	1.36874e-05
95.7088	1.35778e-05
96.6659	1.33714e-05
97.6325	1.32804e-05
98.6089	1.31899e-05
99.595	1.3018e-05
100.591	1.28106e-05
101.597	1.26184e-05
102.613	1.258e-05
103.639	1.24261e-05
104.675	1.22677e-05
105.722	1.21727e-05
106.779	1.19941e-05
107.847	1.18707e-05
108.926	1.17503e-05
110.015	1.1512e-05
111.115	1.14026e-05
112.226	1.12761e-05
113.348	1.114e-05
114.482	1.10141e-05
115.627	1.09474e-05
116.783	1.0809e-05
117.951	1.0648e-05
119.13	1.04799e-05
120.322	1.0376e-05
121.525	1.03253e-05
122.74	1.01294e-05
123.967	9.9477e-06
125.207	9.9406e-06
126.459	9.76449e-06
127.724	9.72407e-06
129.001	9.51169e-06
130.291	9.41479e-06
131.594	9.2879e-06
132.91	9.22951e-06
134.239	9.07625e-06
135.581	9.00633e-06
136.937	8.79417e-06
138.307	8.73037e-06
139.69	8.66028e-06
141.086	8.47491e-06
142.497	8.44666e-06
143.922	8.30398e-06
145.362	8.16469e-06
146.815	8.06891e-06
148.283	7.97544e-06
149.766	7.87218e-06
151.264	7.73943e-06
152.776	7.70201e-06
154.304	7.59413e-06
155.847	7.43943e-06
157.406	7.3164e-06
158.98	7.21539e-06
160.57	7.0906e-06
162.175	7.02336e-06
163.797	6.89594e-06
165.435	6.81013e-06
167.089	6.69483e-06
168.76	6.64923e-06
170.448	6.48174e-06
172.152	6.36605e-06
173.874	6.35177e-06
175.613	6.19811e-06
177.369	6.148e-06
179.142	6.03092e-06
180.934	5.94023e-06
182.743	5.81874e-06
184.571	5.7356e-06
186.416	5.67702e-06
188.28	5.58276e-06
190.163	5.43278e-06
192.065	5.36556e-06
193.986	5.30914e-06
195.925	5.21669e-06
197.885	5.094e-06
199.864	4.97293e-06
201.862	4.90442e-06
203.881	4.82622e-06
205.92	4.71814e-06
207.979	4.60902e-06
210.059	4.53099e-06
212.159	4.44351e-06
214.281	4.338e-06
216.424	4.22318e-06
218.588	4.13996e-06
220.774	4.05567e-06
222.981	3.95236e-06
225.211	3.86271e-06
227.463	3.76911e-06
229.738	3.68339e-06
232.035	3.58274e-06
234.356	3.44422e-06
236.699	3.36196e-06
239.066	3.2616e-06
241.457	3.15688e-06
243.871	3.07914e-06
246.31	2.97429e-06
248.773	2.85141e-06
251.261	2.74149e-06
253.774	2.64071e-06
256.311	2.5476e-06
258.874	2.40326e-06
261.463	2.30843e-06
264.078	2.19111e-06
266.719	2.05803e-06
269.386	1.91566e-06
272.08	1.79089e-06
274.8	1.64871e-06
277.548	1.47591e-06
280.324	1.32572e-06
283.127	1.11694e-06
285.958	8.93805e-07
288.818	5.97301e-07
291.706	3.92739e-07
294.623	7.4678e-07
297.57	9.94249e-07
300.545	1.18106e-06
303.551	1.35189e-06
306.586	1.4861e-06
309.652	1.61634e-06
312.749	1.72221e-06
315.876	1.84093e-06
319.035	1.93716e-06
322.225	2.02854e-06
325.447	2.11726e-06
328.702	2.20814e-06
331.989	2.28209e-06
335.309	2.352e-06
338.662	2.42324e-06
342.049	2.48418e-06
345.469	2.54851e-06
348.924	2.59975e-06
352.413	2.6493e-06
355.937	2.71337e-06
359.496	2.79249e-06
363.091	2.81898e-06
366.722	2.87558e-06
370.39	2.90708e-06
374.093	2.96931e-06
377.834	2.99729e-06
381.613	3.05666e-06
385.429	3.09593e-06
389.283	3.12514e-06
393.176	3.17431e-06
397.108	3.21185e-06
401.079	3.26429e-06
405.09	3.29454e-06
409.14	3.34091e-06
413.232	3.35441e-06
417.364	3.35827e-06
421.538	3.43495e-06
425.753	3.43746e-06
430.011	3.48865e-06
434.311	3.50293e-06
438.654	3.49228e-06
443.04	3.57232e-06
447.471	3.56406e-06
451.946	3.63946e-06
456.465	3.6301e-06
461.03	3.6655e-06
465.64	3.70786e-06
470.296	3.70519e-06
474.999	3.73189e-06
479.749	3.75068e-06
484.547	3.76837e-06
489.392	3.82386e-06
494.286	3.83427e-06
499.229	3.85451e-06
504.221	3.86365e-06
509.264	3.90705e-06
514.356	3.88535e-06
519.5	3.91877e-06
524.695	3.92444e-06
529.942	3.94577e-06
535.241	3.95729e-06
540.594	3.99259e-06
546	3.98913e-06
551.46	4.01555e-06
556.974	4.02472e-06
562.544	4.0188e-06
568.169	4.05827e-06
573.851	4.08056e-06
579.589	4.11383e-06
585.385	4.08758e-06
591.239	4.08126e-06
597.152	4.11499e-06
603.123	4.14649e-06
609.154	4.13551e-06
615.246	4.15981e-06
621.398	4.14427e-06
627.612	4.16897e-06
633.888	4.21968e-06
640.227	4.20257e-06
646.63	4.22641e-06
653.096	4.25677e-06
659.627	4.24613e-06
666.223	4.27729e-06
672.885	4.24273e-06
679.614	4.24894e-06
686.41	4.31147e-06
693.275	4.29122e-06
700.207	4.30189e-06
707.209	4.33083e-06
714.281	4.2968e-06
721.424	4.32328e-06
728.638	4.32559e-06
735.925	4.33167e-06
743.284	4.36406e-06
750.717	4.33867e-06
758.224	4.35329e-06
765.806	4.37358e-06
773.464	4.363e-06
781.199	4.38937e-06
789.011	4.35842e-06
796.901	4.41474e-06
804.87	4.3889e-06
812.919	4.41311e-06
821.048	4.42413e-06
829.259	4.45268e-06
837.551	4.46557e-06
845.927	4.44195e-06
854.386	4.42645e-06
862.93	4.46344e-06
871.559	4.42024e-06
880.275	4.44917e-06
889.077	4.43171e-06
897.968	4.45291e-06
906.948	4.47473e-06
916.017	4.48636e-06
925.178	4.46431e-06
934.429	4.46019e-06
943.774	4.50252e-06
953.211	4.50734e-06
962.743	4.47891e-06
972.371	4.53257e-06
982.095	4.49841e-06
991.916	4.5219e-06
1001.83	4.52371e-06
1011.85	4.52142e-06
1021.97	4.54972e-06
1032.19	4.5183e-06
1042.51	4.54598e-06
1052.94	4.54953e-06
1063.47	4.57471e-06
1074.1	4.51744e-06
1084.84	4.51096e-06
1095.69	4.53504e-06
1106.65	4.58258e-06
1117.72	4.56971e-06
1128.89	4.57281e-06
1140.18	4.58728e-06
1151.58	4.56051e-06
1163.1	4.58598e-06
1174.73	4.57831e-06
1186.48	4.60979e-06
1198.34	4.59766e-06
1210.33	4.54081e-06
1222.43	4.58877e-06
1234.65	4.60279e-06
1247	4.61557e-06
1259.47	4.58284e-06
1272.06	4.58297e-06
1284.78	4.57764e-06
1297.63	4.60124e-06
1310.61	4.60186e-06
1323.72	4.62698e-06
1336.95	4.58899e-06
1350.32	4.63071e-06
1363.83	4.60981e-06
1377.46	4.61739e-06
1391.24	4.62466e-06
1405.15	4.5647e-06
1419.2	4.61273e-06
1433.39	4.6039e-06
1447.73	4.63819e-06
1462.21	4.61283e-06
1476.83	4.63131e-06
1491.6	4.60016e-06
1506.51	4.63117e-06
1521.58	4.63786e-06
1536.79	4.65447e-06
1552.16	4.61005e-06
1567.68	4.63487e-06
1583.36	4.62482e-06
1599.19	4.63085e-06
1615.18	4.64071e-06
1631.34	4.65304e-06
1647.65	4.64728e-06
1664.13	4.65721e-06
1680.77	4.64252e-06
1697.57	4.64895e-06
1714.55	4.67018e-06
1731.7	4.65627e-06
1749.01	4.68e-06
1766.5	4.66352e-06
1784.17	4.65656e-06
1802.01	4.62942e-06
1820.03	4.67438e-06
1838.23	4.70585e-06
1856.61	4.68324e-06
1875.18	4.67841e-06
1893.93	4.6877e-06
1912.87	4.6815e-06
1932	4.67265e-06
1951.32	4.66605e-06
1970.83	4.6615e-06
1990.54	4.67291e-06
2010.45	4.66918e-06
2030.55	4.6883e-06
2050.86	4.69727e-06
2071.36	4.64949e-06
2092.08	4.73278e-06
2113	4.65918e-06
2134.13	4.68748e-06
2155.47	4.71723e-06
2177.02	4.68346e-06
2198.79	4.6796e-06
2220.78	4.65797e-06
2242.99	4.69952e-06
2265.42	4.68144e-06
2288.07	4.70037e-06
2310.95	4.69175e-06
2334.06	4.66492e-06
2357.41	4.68502e-06
2380.98	4.65646e-06
2404.79	4.6985e-06
2428.84	4.68394e-06
2453.13	4.66638e-06
2477.66	4.65262e-06
2502.43	4.68035e-06
2527.46	4.68556e-06
2552.73	4.70577e-06
2578.26	4.71654e-06
2604.04	4.67883e-06
2630.08	4.72779e-06
2656.38	4.7118e-06
2682.95	4.69145e-06
2709.78	4.68492e-06
2736.87	4.70987e-06
2764.24	4.70119e-06
2791.89	4.65984e-06
2819.8	4.72901e-06
2848	4.70249e-06
2876.48	4.68103e-06
2905.25	4.69573e-06
2934.3	4.72368e-06
2963.64	4.71257e-06
2993.28	4.67915e-06
3023.21	4.68864e-06
3053.44	4.69815e-06
3083.98	4.7088e-06
3114.82	4.68284e-06
3145.97	4.69154e-06
3177.43	4.74553e-06
3209.2	4.73352e-06
3241.29	4.68125e-06
3273.7	4.69839e-06
3306.44	4.6994e-06
3339.51	4.6951e-06
3372.9	4.71895e-06
3406.63	4.68908e-06
3440.7	4.70824e-06
3475.1	4.69906e-06
3509.85	4.73101e-06
3544.95	4.69498e-06
3580.4	4.70344e-06
3616.21	4.71989e-06
3652.37	4.69802e-06
3688.89	4.68633e-06
3725.78	4.6917e-06
3763.04	4.70575e-06
3800.67	4.69529e-06
3838.68	4.71027e-06
3877.06	4.70924e-06
3915.83	4.74499e-06
3954.99	4.73328e-06
3994.54	4.69837e-06
4034.49	4.7184e-06
4074.83	4.69524e-06
4115.58	4.69521e-06
4156.74	4.71359e-06
4198.3	4.69688e-06
4240.29	4.68512e-06
4282.69	4.68025e-06
4325.52	4.7135e-06
4368.77	4.71216e-06
4412.46	4.69776e-06
4456.58	4.69849e-06
4501.15	4.69022e-06
4546.16	4.69652e-06
4591.62	4.69266e-06
4637.54	4.71764e-06
4683.91	4.69266e-06
4730.75	4.70309e-06
4778.06	4.72313e-06
4825.84	4.70185e-06
4874.1	4.7228e-06
4922.84	4.69731e-06
4972.07	4.71407e-06
5021.79	4.73644e-06
5072.01	4.74699e-06
5122.73	4.70363e-06
5173.96	4.72278e-06
5225.7	4.74225e-06
5277.95	4.70725e-06
5330.73	4.70364e-06
5384.04	4.70393e-06
5437.88	4.71418e-06
5492.26	4.69344e-06
5547.18	4.71497e-06
5602.65	4.6981e-06
5658.68	4.70254e-06
5715.27	4.70202e-06
5772.42	4.72033e-06
5830.14	4.72794e-06
5888.44	4.74606e-06
5947.33	4.71969e-06
6006.8	4.71704e-06
6066.87	4.68244e-06
6127.54	4.71246e-06
6188.81	4.71343e-06
6250.7	4.7161e-06
6313.21	4.70837e-06
6376.34	4.69551e-06
6440.11	4.73802e-06
6504.51	4.73732e-06
6569.55	4.67744e-06
6635.25	4.70615e-06
6701.6	4.70077e-06
6768.62	4.71326e-06
6836.3	4.74132e-06
6904.66	4.72628e-06
6973.71	4.70211e-06
7043.45	4.73418e-06
7113.88	4.71107e-06
7185.02	4.71815e-06
7256.87	4.72838e-06
7329.44	4.74283e-06
7402.73	4.71379e-06
7476.76	4.71469e-06
7551.53	4.74983e-06
7627.05	4.74124e-06
7703.32	4.74218e-06
7780.35	4.72408e-06
7858.15	4.69051e-06
7936.73	4.74061e-06
8016.1	4.72205e-06
8096.26	4.72251e-06
8177.22	4.68706e-06
8259	4.70482e-06
8341.59	4.70714e-06
8425	4.73298e-06
8509.25	4.75451e-06
8594.35	4.69993e-06
8680.29	4.74473e-06
8767.09	4.6982e-06
8854.76	4.68524e-06
8943.31	4.71195e-06
9032.74	4.68728e-06
9123.07	4.73309e-06
9214.3	4.69214e-06
9306.44	4.69524e-06
9399.51	4.74011e-06
9493.5	4.70341e-06
9588.44	4.70124e-06
9684.32	4.74195e-06
9781.17	4.71046e-06
9878.98	4.75252e-06
9977.77	4.7132e-06
10077.5	4.73219e-06
10178.3	4.72429e-06
10280.1	4.73778e-06
10382.9	4.7053e-06
10486.7	4.68988e-06
10591.6	4.72223e-06
10697.5	4.72955e-06
10804.5	4.72654e-06
10912.5	4.71442e-06
11021.7	4.70972e-06
11131.9	4.73706e-06
11243.2	4.6894e-06
11355.6	4.70827e-06
11469.2	4.70398e-06
11583.9	4.71835e-06
11699.7	4.70552e-06
11816.7	4.70748e-06
11934.9	4.7123e-06
12054.2	4.74765e-06
12174.8	4.74431e-06
12296.5	4.71054e-06
12419.5	4.71849e-06
12543.7	4.7148e-06
12669.1	4.70613e-06
12795.8	4.69857e-06
12923.8	4.74185e-06
13053	4.68321e-06
13183.5	4.70954e-06
13315.4	4.74521e-06
13448.5	4.74351e-06
13583	4.7115e-06
13718.8	4.73259e-06
13856	4.72023e-06
13994.6	4.70777e-06
14134.5	4.72212e-06
14275.9	4.72461e-06
14418.6	4.70748e-06
14562.8	4.70137e-06
14708.5	4.72065e-06
14855.5	4.71915e-06
15004.1	4.71042e-06
15154.1	4.73485e-06
15305.7	4.72011e-06
15458.7	4.72744e-06
15613.3	4.69775e-06
15769.5	4.74572e-06
15927.1	4.72449e-06
16086.4	4.71036e-06
16247.3	4.74863e-06
16409.8	4.71191e-06
16573.9	4.72854e-06
16739.6	4.74433e-06
16907	4.73016e-06
17076.1	4.71214e-06
17246.8	4.69925e-06
17419.3	4.72842e-06
17593.5	4.73752e-06
17769.4	4.70443e-06
17947.1	4.73794e-06
18126.6	4.72491e-06
18307.8	4.71166e-06
18490.9	4.73023e-06
18675.8	4.7146e-06
18862.6	4.73536e-06
19051.2	4.6798e-06
19241.7	4.72697e-06
19434.1	4.74865e-06
19628.5	4.71195e-06
19824.8	4.71536e-06
20023	4.70799e-06
20223.2	4.70918e-06
20425.5	4.70866e-06
20629.7	4.69873e-06
20836	4.71207e-06
21044.4	4.72136e-06
21254.8	4.7395e-06
21467.4	4.77837e-06
21682.1	4.71234e-06
21898.9	4.71676e-06
22117.9	4.70715e-06
22339	4.7303e-06
22562.4	4.70619e-06
22788.1	4.67919e-06
23015.9	4.71229e-06
23246.1	4.75684e-06
23478.6	4.70368e-06
23713.4	4.69871e-06
23950.5	4.71693e-06
24190	4.76274e-06
24431.9	4.74529e-06
24676.2	4.76112e-06
24923	4.70224e-06
25172.2	4.72229e-06
25423.9	4.70432e-06
25678.2	4.70963e-06
25934.9	4.71355e-06
26194.3	4.70978e-06
26456.2	4.69829e-06
26720.8	4.7327e-06
26988	4.69663e-06
27257.9	4.73139e-06
27530.5	4.70589e-06
27805.8	4.73973e-06
28083.8	4.74902e-06
28364.7	4.71442e-06
28648.3	4.69895e-06
28934.8	4.72855e-06
29224.1	4.70328e-06
29516.4	4.71653e-06
29811.5	4.71374e-06
30109.7	4.72644e-06
30410.8	4.70149e-06
30714.9	4.73975e-06
31022	4.69935e-06
31332.2	4.72443e-06
31645.6	4.70616e-06
31962	4.73368e-06
32281.6	4.73068e-06
32604.5	4.72505e-06
32930.5	4.72271e-06
33259.8	4.74842e-06
33592.4	4.71047e-06
33928.3	4.74915e-06
34267.6	4.74426e-06
34610.3	4.73103e-06
34956.4	4.75062e-06
35305.9	4.7241e-06
35659	4.74057e-06
36015.6	4.7207e-06
36375.8	4.70379e-06
36739.5	4.74764e-06
37106.9	4.71729e-06
37478	4.74795e-06
37852.8	4.74134e-06
38231.3	4.71233e-06
38613.6	4.74018e-06
38999.7	4.73362e-06
39389.7	4.73236e-06
39783.6	4.72127e-06
40181.5	4.76447e-06
40583.3	4.73955e-06
40989.1	4.72778e-06
41399	4.72642e-06
41813	4.77043e-06
42231.1	4.70887e-06
42653.4	4.73332e-06
43080	4.72737e-06
43510.8	4.72476e-06
43945.9	4.7542e-06
44385.3	4.7167e-06
44829.2	4.71621e-06
45277.5	4.77985e-06
45730.3	4.69657e-06
46187.6	4.77142e-06
46649.4	4.72417e-06
47115.9	4.7611e-06
47587.1	4.71943e-06
48063	4.72498e-06
48543.6	4.72504e-06
49029	4.73878e-06
49519.3	4.7469e-06
50014.5	4.77789e-06
50514.6	4.73514e-06
51019.8	4.72336e-06
51530	4.7584e-06
52045.3	4.7328e-06
52565.7	4.7479e-06
53091.4	4.73858e-06
53622.3	4.75367e-06
54158.5	4.7436e-06
54700.1	4.75755e-06
55247.1	4.75986e-06
55799.6	4.75897e-06
56357.6	4.76456e-06
56921.2	4.7629e-06
57490.4	4.728e-06
58065.3	4.74107e-06
58645.9	4.74965e-06
59232.4	4.71106e-06
59824.7	4.73467e-06
60423	4.75619e-06
61027.2	4.73428e-06
61637.5	4.70861e-06
62253.8	4.7936e-06
62876.4	4.73616e-06
63505.1	4.71505e-06
64140.2	4.74526e-06
64781.6	4.77612e-06
65429.4	4.73606e-06
66083.7	4.75951e-06
66744.5	4.74938e-06
67412	4.73418e-06
68086.1	4.76535e-06
68767	4.73125e-06
69454.6	4.75734e-06
70149.2	4.74906e-06
70850.7	4.75259e-06
71559.2	4.74963e-06
72274.8	4.79638e-06
72997.5	4.73371e-06
73727.5	4.76185e-06
74464.8	4.76847e-06
75209.4	4.77889e-06
75961.5	4.784e-06
76721.1	4.77029e-06
77488.3	4.77275e-06
78263.2	4.72792e-06
79045.9	4.75287e-06
79836.3	4.77887e-06
80634.7	4.75534e-06
81441	4.77697e-06
82255.4	4.77064e-06
83078	4.79937e-06
83908.8	4.76188e-06
84747.9	4.78155e-06
85595.3	4.7639e-06
86451.3	4.78736e-06
87315.8	4.75197e-06
88189	4.78623e-06
89070.9	4.76356e-06
89961.6	4.78045e-06
90861.2	4.79121e-06
91769.8	4.77215e-06
92687.5	4.80636e-06
93614.4	4.78131e-06
94550.5	4.77804e-06
95496	4.78331e-06
96451	4.81039e-06
97415.5	4.78217e-06
98389.6	4.73837e-06
99373.5	4.77012e-06
100367	4.80384e-06
101371	4.78088e-06
102385	4.79655e-06
103409	4.85101e-06
104443	4.76334e-06
105487	4.79065e-06
106542	4.80582e-06
107607	4.79211e-06
108683	4.82126e-06
109770	4.80828e-06
110868	4.7842e-06
111977	4.81987e-06
113096	4.79244e-06
114227	4.83445e-06
115370	4.80337e-06
116523	4.81469e-06
117689	4.81474e-06
118865	4.84497e-06
120054	4.82092e-06
121255	4.80503e-06
122467	4.84936e-06
123692	4.82705e-06
124929	4.82048e-06
126178	4.81836e-06
127440	4.81585e-06
128714	4.85143e-06
130001	4.87326e-06
131301	4.89028e-06
132614	4.83683e-06
133941	4.84708e-06
135280	4.88101e-06
136633	4.85768e-06
137999	4.85084e-06
139379	4.8487e-06
140773	4.85848e-06
142181	4.87417e-06
143602	4.88511e-06
145038	4.864e-06
146489	4.88427e-06
147954	4.86978e-06
149433	4.86053e-06
150928	4.90045e-06
152437	4.91317e-06
153961	4.88358e-06
155501	4.94329e-06
157056	4.90433e-06
158626	4.9114e-06
160213	4.86079e-06
161815	4.93939e-06
163433	4.94432e-06
165067	4.93403e-06
166718	4.89504e-06
168385	4.94916e-06
170069	4.93469e-06
171770	4.90504e-06
173487	4.95488e-06
175222	4.93325e-06
176974	4.95908e-06
178744	4.93379e-06
180532	4.93417e-06
182337	4.94503e-06
184160	4.96617e-06
186002	4.99427e-06
187862	5.00433e-06
189741	5.00537e-06
191638	5.0007e-06
193554	4.97426e-06
195490	5.00231e-06
197445	5.00083e-06
199419	4.99162e-06
201413	5.01854e-06
203427	5.00117e-06
205462	5.07158e-06
207516	5.06071e-06
209592	5.05153e-06
211687	5.04942e-06
213804	5.08567e-06
215942	5.06596e-06
218102	5.08877e-06
220283	5.0742e-06
222486	5.10157e-06
224711	5.10366e-06
226958	5.11846e-06
229227	5.16184e-06
231519	5.17442e-06
233835	5.1292e-06
236173	5.20382e-06
238535	5.13997e-06
240920	5.17846e-06
243329	5.15736e-06
245763	5.23846e-06
248220	5.25764e-06
250702	5.23606e-06
253209	5.26616e-06
255742	5.24119e-06
258299	5.25854e-06
260882	5.22532e-06
263491	5.29988e-06
266126	5.2949e-06
268787	5.31832e-06
271475	5.31881e-06
274190	5.38828e-06
276931	5.37044e-06
279701	5.4287e-06
282498	5.40003e-06
285323	5.40449e-06
288176	5.45401e-06
291058	5.48035e-06
293968	5.50465e-06
296908	5.5101e-06
299877	5.51895e-06
302876	5.53952e-06
305905	5.54913e-06
308964	5.60954e-06
312053	5.61508e-06
315174	5.66566e-06
318326	5.66541e-06
321509	5.66485e-06
324724	5.76575e-06
327971	5.75576e-06
331251	5.76589e-06
334563	5.80532e-06
337909	5.85064e-06
341288	5.88057e-06
344701	5.94535e-06
348148	6.01072e-06
351629	6.02284e-06
355146	6.03587e-06
358697	6.10149e-06
362284	6.14009e-06
365907	6.17661e-06
369566	6.22529e-06
373262	6.29857e-06
376994	6.34256e-06
380764	6.38487e-06
384572	6.49872e-06
388418	6.56314e-06
392302	6.62523e-06
396225	6.66696e-06
400187	6.73913e-06
404189	6.78989e-06
408231	6.94396e-06
412313	7.00964e-06
416436	7.10866e-06
420601	7.16585e-06
424807	7.31356e-06
429055	7.49034e-06
433345	7.60903e-06
437679	7.76617e-06
442056	7.88282e-06
446476	8.04338e-06
450941	8.29045e-06
455450	8.52809e-06
460005	8.77952e-06
464605	9.14587e-06
469251	9.41862e-06
473943	9.94173e-06
478683	1.03827e-05
483470	1.10016e-05
488304	1.17453e-05
493187	1.28387e-05
498119	1.45207e-05
503100	1.7426e-05
508131	2.54846e-05
