1e-06	297426
1.1e-06	234460
1.21e-06	184695
1.331e-06	145638
1.4641e-06	114622
1.61051e-06	90356.3
1.77156e-06	71227.6
1.94872e-06	56092.3
2.14359e-06	44217.4
2.35795e-06	34832.1
2.59374e-06	27458
2.85312e-06	21658
3.13843e-06	17040.5
3.45227e-06	13433
3.7975e-06	10589.2
4.17725e-06	8341.58
4.59497e-06	6573.66
5.05447e-06	5176.82
5.55992e-06	4080.87
6.11591e-06	3217.9
6.7275e-06	2533.36
7.40025e-06	1997.04
8.14027e-06	1573.63
8.9543e-06	1240.12
9.84973e-06	977.578
1.08347e-05	769.853
1.19182e-05	606.69
1.311e-05	477.774
1.4421e-05	376.74
1.58631e-05	296.894
1.74494e-05	233.877
1.91943e-05	184.309
2.11138e-05	145.145
2.32252e-05	114.555
2.55477e-05	90.1947
2.81024e-05	71.0291
3.09127e-05	55.992
3.40039e-05	44.134
3.74043e-05	34.7593
4.11448e-05	27.4088
4.52593e-05	21.5912
4.97852e-05	17.01
5.47637e-05	13.3996
6.02401e-05	10.566
6.62641e-05	8.32916
7.28905e-05	6.55535
8.01795e-05	5.16911
8.81975e-05	4.076
9.70172e-05	3.20797
0.000106719	2.53035
0.000117391	1.99466
0.00012913	1.57035
0.000142043	1.2379
0.000156247	0.975537
0.000171872	0.768244
0.000189059	0.605786
0.000207965	0.477539
0.000228762	0.376442
0.000251638	0.296452
0.000276801	0.233622
0.000304482	0.184274
0.00033493	0.145219
0.000368423	0.114475
0.000405265	0.0902406
0.000445792	0.0711861
0.000490371	0.0561157
0.000539408	0.0442933
0.000593349	0.0349163
0.000652683	0.0275436
0.000717952	0.0217625
0.000789747	0.0171673
0.000868722	0.0135736
0.000955594	0.0107214
0.00105115	0.00847704
0.00115627	0.00671322
0.0012719	0.00531692
0.00139908	0.00421526
0.00153899	0.00334955
0.00169289	0.00266323
0.00186218	0.00212135
0.0020484	0.00169463
0.00225324	0.00135605
0.00247856	0.00108805
0.00272642	0.000877039
0.00299906	0.000709569
0.00329897	0.000576376
0.00362887	0.00047039
0.00399175	0.000385932
0.00439093	0.000318861
0.00483002	0.000264846
0.00531302	0.000221459
0.00584432	0.000186406
0.00642876	0.000157655
0.00707163	0.000133953
0.0077788	0.000114419
0.00855668	9.80958e-05
0.00941234	8.42191e-05
0.0103536	7.2566e-05
0.0113889	6.26066e-05
0.0125278	5.40519e-05
0.0137806	4.67595e-05
0.0151587	4.04387e-05
0.0166745	3.5039e-05
0.018342	3.03238e-05
0.0201762	2.6293e-05
0.0221938	2.27912e-05
0.0244132	1.97499e-05
0.0268545	1.71195e-05
0.02954	1.48395e-05
0.032494	1.28541e-05
0.0357434	1.11388e-05
0.0393177	9.65818e-06
0.0432495	8.37186e-06
0.0475744	7.25468e-06
0.0523319	6.29037e-06
0.057565	5.45095e-06
0.0633215	4.72497e-06
0.0696537	4.09814e-06
0.0766191	3.55127e-06
0.084281	3.07922e-06
0.0927091	2.66832e-06
0.10198	2.31225e-06
0.112178	2.00489e-06
0.123396	1.73735e-06
0.135735	1.50596e-06
0.149309	1.30579e-06
0.16424	1.13188e-06
0.180664	9.81718e-07
0.19873	8.50202e-07
0.218603	7.37412e-07
0.240463	6.38817e-07
0.26451	5.54234e-07
0.290961	4.80131e-07
0.320057	4.16185e-07
0.352063	3.60648e-07
0.387269	3.12303e-07
0.425996	2.70791e-07
0.468595	2.34655e-07
0.515455	2.03403e-07
0.567	1.76366e-07
0.6237	1.52831e-07
0.68607	1.32476e-07
0.754677	1.14833e-07
0.830145	9.95687e-08
0.91316	8.63336e-08
1.00448	7.47904e-08
1.10492	6.48295e-08
1.21542	5.61953e-08
1.33696	4.87256e-08
1.47065	4.22234e-08
1.61772	3.66e-08
1.77949	3.1735e-08
1.95744	2.75001e-08
2.15318	2.38447e-08
2.3685	2.06689e-08
2.60535	1.79108e-08
2.86589	1.55145e-08
3.15247	1.34482e-08
3.46772	1.16536e-08
3.81449	1.01107e-08
4.19594	8.7562e-09
4.61554	7.5923e-09
5.07709	6.58112e-09
5.5848	5.69892e-09
6.14328	4.93843e-09
6.75761	4.282e-09
7.43337	3.71059e-09
8.17671	3.21415e-09
8.99438	2.78692e-09
9.89382	2.41333e-09
10.8832	2.0892e-09
11.9715	1.8104e-09
13.1687	1.56819e-09
14.4855	1.35703e-09
15.9341	1.17476e-09
17.5275	1.01596e-09
19.2802	8.78896e-10
21.2083	7.60547e-10
23.3291	6.57084e-10
25.662	5.67469e-10
28.2282	4.89292e-10
31.051	4.2159e-10
34.1561	3.62893e-10
37.5717	3.1215e-10
41.3289	2.67538e-10
45.4618	2.28752e-10
50.008	1.94887e-10
55.0088	1.65422e-10
60.5097	1.39475e-10
66.5606	1.16359e-10
73.2167	9.5849e-11
80.5384	7.72297e-11
88.5922	5.98601e-11
97.4514	4.44408e-11
107.197	3.81008e-11
117.916	3.40419e-11
129.708	3.03759e-11
142.679	2.72595e-11
156.947	2.43726e-11
172.641	2.20103e-11
189.905	1.98631e-11
208.896	1.8118e-11
229.785	1.7142e-11
252.764	1.66141e-11
278.04	1.872e-11
305.844	2.59048e-11
336.429	2.73414e-11
370.072	2.78739e-11
407.079	2.67013e-11
447.787	2.63751e-11
492.565	2.4583e-11
541.822	2.26033e-11
596.004	2.22759e-11
655.605	1.99566e-11
721.165	2.02034e-11
793.281	1.79665e-11
872.61	1.56267e-11
959.871	1.65379e-11
1055.86	1.3819e-11
1161.44	1.59901e-11
1277.59	1.35144e-11
1405.35	1.03139e-11
1545.88	1.37735e-11
1700.47	1.09229e-11
1870.52	6.65261e-12
2057.57	1.20542e-11
2263.32	8.46795e-12
2489.66	1.3089e-11
2738.62	1.07636e-11
3012.49	5.30803e-12
3313.73	1.29718e-11
3645.11	9.67475e-12
4009.62	1.5705e-11
4410.58	1.37185e-11
4851.64	7.7032e-12
5336.8	1.87875e-11
5870.48	1.54821e-11
6457.53	2.36597e-11
7103.28	2.51647e-11
7813.61	1.57522e-11
8594.97	4.00133e-11
9454.47	3.86377e-11
