1e-06	5.5363e-10
1.1e-06	5.03329e-10
1.21e-06	4.57415e-10
1.331e-06	4.16354e-10
1.4641e-06	3.77922e-10
1.61051e-06	3.43997e-10
1.77156e-06	3.12649e-10
1.94872e-06	2.84214e-10
2.14359e-06	2.58082e-10
2.35795e-06	2.34985e-10
2.59374e-06	2.13677e-10
2.85312e-06	1.9438e-10
3.13843e-06	1.76508e-10
3.45227e-06	1.60311e-10
3.7975e-06	1.45964e-10
4.17725e-06	1.32662e-10
4.59497e-06	1.20417e-10
5.05447e-06	1.09673e-10
5.55992e-06	9.96089e-11
6.11591e-06	9.05588e-11
6.7275e-06	8.23557e-11
7.40025e-06	7.49326e-11
8.14027e-06	6.80635e-11
8.9543e-06	6.18426e-11
9.84973e-06	5.62181e-11
1.08347e-05	5.11256e-11
1.19182e-05	4.64806e-11
1.311e-05	4.22406e-11
1.4421e-05	3.83798e-11
1.58631e-05	3.48996e-11
1.74494e-05	3.17383e-11
1.91943e-05	2.88806e-11
2.11138e-05	2.62461e-11
2.32252e-05	2.38472e-11
2.55477e-05	2.16805e-11
2.81024e-05	1.96911e-11
3.09127e-05	1.79074e-11
3.40039e-05	1.63096e-11
3.74043e-05	1.47908e-11
4.11448e-05	1.34631e-11
4.52593e-05	1.22545e-11
4.97852e-05	1.11167e-11
5.47637e-05	1.01037e-11
6.02401e-05	9.19025e-12
6.62641e-05	8.36526e-12
7.28905e-05	7.60523e-12
8.01795e-05	6.90528e-12
8.81975e-05	6.2779e-12
9.70172e-05	5.70922e-12
0.000106719	5.18997e-12
0.000117391	4.71984e-12
0.00012913	4.30128e-12
0.000142043	3.89493e-12
0.000156247	3.54529e-12
0.000171872	3.22413e-12
0.000189059	2.92916e-12
0.000207965	2.66064e-12
0.000228762	2.42083e-12
0.000251638	2.19957e-12
0.000276801	2.00092e-12
0.000304482	1.81894e-12
0.00033493	1.65565e-12
0.000368423	1.50298e-12
0.000405265	1.36588e-12
0.000445792	1.24215e-12
0.000490371	1.12929e-12
0.000539408	1.02689e-12
0.000593349	9.32478e-13
0.000652683	8.49021e-13
0.000717952	7.70655e-13
0.000789747	7.00846e-13
0.000868722	6.36914e-13
0.000955594	5.79393e-13
0.00105115	5.26437e-13
0.00115627	4.79131e-13
0.0012719	4.35469e-13
0.00139908	3.95904e-13
0.00153899	3.60112e-13
0.00169289	3.27198e-13
0.00186218	2.97648e-13
0.0020484	2.70335e-13
0.00225324	2.457e-13
0.00247856	2.23576e-13
0.00272642	2.03182e-13
0.00299906	1.84777e-13
0.00329897	1.67821e-13
0.00362887	1.52665e-13
0.00399175	1.38836e-13
0.00439093	1.26021e-13
0.00483002	1.14777e-13
0.00531302	1.04286e-13
0.00584432	9.48014e-14
0.00642876	8.61108e-14
0.00707163	7.8334e-14
0.0077788	7.12309e-14
0.00855668	6.47398e-14
0.00941234	5.8805e-14
0.0103536	5.34728e-14
0.0113889	4.86726e-14
0.0125278	4.4224e-14
0.0137806	4.02421e-14
0.0151587	3.65749e-14
0.0166745	3.32286e-14
0.018342	3.02487e-14
0.0201762	2.75252e-14
0.0221938	2.50094e-14
0.0244132	2.2744e-14
0.0268545	2.07044e-14
0.02954	1.88534e-14
0.032494	1.7173e-14
0.0357434	1.56346e-14
0.0393177	1.42639e-14
0.0432495	1.29991e-14
0.0475744	1.18748e-14
0.0523319	1.08154e-14
0.057565	9.87215e-15
0.0633215	9.02823e-15
0.0696537	8.24088e-15
0.0766191	7.54849e-15
0.084281	6.90395e-15
0.0927091	6.31633e-15
0.10198	5.77931e-15
0.112178	5.30275e-15
0.123396	4.86016e-15
0.135735	4.45852e-15
0.149309	4.10438e-15
0.16424	3.76934e-15
0.180664	3.47689e-15
0.19873	3.20458e-15
0.218603	2.96127e-15
0.240463	2.73918e-15
0.26451	2.54591e-15
0.290961	2.36253e-15
0.320057	2.20575e-15
0.352063	2.06493e-15
0.387269	1.93996e-15
0.425996	1.83356e-15
0.468595	1.74452e-15
0.515455	1.67181e-15
0.567	1.61756e-15
0.6237	1.58333e-15
0.68607	1.56978e-15
0.754677	1.58286e-15
0.830145	1.62242e-15
0.91316	1.69977e-15
1.00448	1.81206e-15
1.10492	1.96055e-15
1.21542	2.14359e-15
1.33696	2.3571e-15
1.47065	2.59344e-15
1.61772	2.85347e-15
1.77949	3.13894e-15
1.95744	3.45058e-15
2.15318	3.79882e-15
2.3685	4.17764e-15
2.60535	4.59651e-15
2.86589	5.05133e-15
3.15247	5.56169e-15
3.46772	6.11567e-15
3.81449	6.72082e-15
4.19594	7.40207e-15
4.61554	8.13693e-15
5.07709	8.95099e-15
5.5848	9.84849e-15
6.14328	1.08295e-14
6.75761	1.19272e-14
7.43337	1.31074e-14
8.17671	1.44043e-14
8.99438	1.58692e-14
9.89382	1.74551e-14
10.8832	1.92129e-14
11.9715	2.11014e-14
13.1687	2.32726e-14
14.4855	2.55552e-14
15.9341	2.80755e-14
17.5275	3.09213e-14
19.2802	3.39911e-14
21.2083	3.74478e-14
23.3291	4.12188e-14
25.662	4.53112e-14
28.2282	4.98147e-14
31.051	5.48642e-14
34.1561	6.03832e-14
37.5717	6.64641e-14
41.3289	7.32302e-14
45.4618	8.06295e-14
50.008	8.86698e-14
55.0088	9.76971e-14
60.5097	1.07579e-13
66.5606	1.18673e-13
73.2167	1.30807e-13
80.5384	1.4437e-13
88.5922	1.59386e-13
97.4514	1.76298e-13
107.197	1.95103e-13
117.916	2.16323e-13
129.708	2.405e-13
142.679	2.67861e-13
156.947	3.00849e-13
172.641	3.39899e-13
189.905	3.89117e-13
208.896	4.55685e-13
229.785	5.55351e-13
252.764	7.37422e-13
278.04	1.33031e-12
305.844	1e+96
