0.0001	2.28115e-06
0.00011	1.89683e-06
0.000121	1.55627e-06
0.0001331	1.29355e-06
0.00014641	1.07254e-06
0.000161051	8.87531e-07
0.000177156	7.32789e-07
0.000194872	6.02141e-07
0.000214359	4.98853e-07
0.000235795	4.11349e-07
0.000259374	3.4068e-07
0.000285312	2.83102e-07
0.000313843	2.33417e-07
0.000345227	1.91742e-07
0.00037975	1.58741e-07
0.000417725	1.3105e-07
0.000459497	1.08054e-07
0.000505447	8.96122e-08
0.000555992	7.43284e-08
0.000611591	6.13097e-08
0.00067275	5.03282e-08
0.000740025	4.20482e-08
0.000814027	3.45246e-08
0.00089543	2.85467e-08
0.000984973	2.37231e-08
0.00108347	1.94367e-08
0.00119182	1.61605e-08
0.001311	1.33689e-08
0.0014421	1.10687e-08
0.00158631	9.09762e-09
0.00174494	7.5265e-09
0.00191943	6.23303e-09
0.00211138	5.1543e-09
0.00232252	4.26906e-09
0.00255477	3.52285e-09
0.00281024	2.92709e-09
0.00309127	2.43112e-09
0.00340039	2.03242e-09
0.00374043	1.70053e-09
0.00411448	1.42649e-09
0.00452593	1.19882e-09
0.00497852	1.03786e-09
0.00547637	9.00497e-10
0.00602401	8.15116e-10
0.00662641	7.63573e-10
0.00728905	7.74996e-10
0.00801795	8.32112e-10
0.00881975	7.13798e-10
0.00970172	5.72962e-10
0.0106719	5.4183e-10
0.0117391	4.81542e-10
0.012913	4.4219e-10
0.0142043	3.98116e-10
0.0156247	3.70678e-10
0.0171872	3.43641e-10
0.0189059	3.06252e-10
0.0207965	2.74688e-10
0.0228762	2.52307e-10
0.0251638	2.29459e-10
0.0276801	2.06711e-10
0.0304482	1.86438e-10
0.033493	1.70481e-10
0.0368423	1.57103e-10
0.0405265	1.4029e-10
0.0445792	1.27007e-10
0.0490371	1.17488e-10
0.0539408	1.04362e-10
0.0593349	1.01445e-10
0.0652683	9.06758e-11
0.0717952	7.7853e-11
0.0789747	7.02557e-11
0.0868722	6.42188e-11
0.0955594	6.19644e-11
0.105115	5.70738e-11
0.115627	4.88677e-11
0.12719	4.64139e-11
0.139908	3.93706e-11
0.153899	3.79916e-11
0.169289	3.46772e-11
0.186218	2.85519e-11
0.20484	2.88041e-11
0.225324	2.53431e-11
0.247856	2.291e-11
0.272642	2.19797e-11
0.299906	2.02028e-11
0.329897	1.78177e-11
0.362887	1.52055e-11
0.399175	1.48413e-11
0.439093	1.33074e-11
0.483002	1.21304e-11
0.531302	1.07975e-11
0.584432	9.93155e-12
0.642876	9.05809e-12
0.707163	8.01082e-12
0.735599	8.01654e-12
0.811677	7.00707e-12
0.886817	7.02994e-12
0.961955	5.72745e-12
1.03618	5.69569e-12
1.10968	5.15291e-12
1.18259	5.06103e-12
1.25444	4.67765e-12
1.32512	4.39168e-12
1.39481	4.02145e-12
1.46365	3.90097e-12
1.53153	3.84466e-12
1.59856	3.4817e-12
1.66485	3.37894e-12
1.73048	3.30563e-12
1.79533	3.06509e-12
1.85966	3.12969e-12
1.92335	2.81036e-12
1.98663	2.83342e-12
2.04919	2.94011e-12
2.11145	2.75581e-12
2.17325	2.56497e-12
2.23464	2.60562e-12
2.29564	2.56669e-12
2.3563	2.42679e-12
2.41648	2.31391e-12
2.47637	2.27239e-12
2.53612	2.38363e-12
2.59548	2.24018e-12
2.6546	2.14711e-12
2.7139	2.05779e-12
2.77193	2.09651e-12
2.83004	2.10071e-12
2.88825	2.02445e-12
2.94652	1.98375e-12
3.00367	1.79776e-12
3.06212	1.83757e-12
3.11947	1.86504e-12
3.17692	1.6897e-12
3.23335	1.69999e-12
3.28992	1.58866e-12
3.34661	1.58971e-12
3.40342	1.55023e-12
3.46034	1.49653e-12
3.51634	1.52168e-12
3.57247	1.40832e-12
3.62873	1.26647e-12
3.68512	1.35184e-12
3.74065	1.22291e-12
3.79633	1.20818e-12
3.85214	1.24293e-12
3.90715	1.11349e-12
3.96323	1.04962e-12
4.01852	1.01737e-12
4.07395	9.81528e-13
4.12952	9.03065e-13
4.18434	8.69418e-13
4.23931	9.04734e-13
4.29442	8.72171e-13
4.34966	7.26216e-13
4.40503	7.288e-13
4.45971	6.74265e-13
4.51453	7.0681e-13
4.56949	6.26221e-13
4.62379	6.31391e-13
4.67901	5.97616e-13
4.73358	6.12519e-13
4.78829	5.54687e-13
4.84313	5.33972e-13
4.89735	5.19325e-13
4.95244	5.05086e-13
5.00692	4.67162e-13
5.06154	4.74708e-13
5.11627	4.26326e-13
5.17043	4.36984e-13
5.22541	4.707e-13
5.27982	4.2093e-13
5.33435	4.11423e-13
5.389	3.84158e-13
5.44376	3.92274e-13
5.49799	3.90982e-13
5.55233	3.56754e-13
5.60743	3.92468e-13
5.66201	3.50962e-13
5.71669	3.34058e-13
5.77085	3.48501e-13
5.82575	3.27244e-13
5.88014	3.34443e-13
5.93464	2.88698e-13
5.98925	3.02761e-13
6.04397	3.04697e-13
6.09878	2.71625e-13
6.1537	2.66197e-13
6.20871	2.63608e-13
6.26324	2.77664e-13
6.31787	2.65757e-13
6.37317	2.49118e-13
6.42799	2.50953e-13
6.48291	2.37491e-13
6.53792	2.45385e-13
6.59247	2.41253e-13
6.64766	2.23468e-13
6.70294	2.21046e-13
6.75776	2.14174e-13
6.81321	2.11096e-13
6.8682	2.20545e-13
6.92329	2.0195e-13
6.97897	1.98146e-13
7.03422	1.99275e-13
7.08954	2.07466e-13
7.14494	1.949e-13
7.20042	1.90861e-13
7.25597	1.87954e-13
7.3116	1.83726e-13
7.36729	1.72547e-13
7.42306	1.74868e-13
7.47889	1.91426e-13
7.53479	1.61069e-13
7.59076	1.67111e-13
7.64678	1.64611e-13
7.70287	1.6473e-13
7.75902	1.68086e-13
7.81524	1.61119e-13
7.8715	1.57621e-13
7.92783	1.6554e-13
7.98421	1.53189e-13
8.04065	1.46812e-13
8.09714	1.5424e-13
8.15368	1.4646e-13
8.21027	1.44778e-13
8.26691	1.43368e-13
8.3236	1.38847e-13
8.38078	1.43872e-13
8.43756	1.417e-13
8.49482	1.38942e-13
8.55254	1.38572e-13
8.60735	1.32045e-13
8.66599	1.31846e-13
8.72423	1.29998e-13
8.78209	1.26222e-13
8.83957	1.2611e-13
8.89668	1.31438e-13
8.95343	1.29583e-13
9.01383	1.21725e-13
9.06984	1.22788e-13
9.12947	1.16187e-13
9.18478	1.17519e-13
9.24367	1.09914e-13
9.30218	1.1358e-13
9.36034	1.17494e-13
9.41813	1.15529e-13
9.47939	1.18519e-13
9.53646	1.18262e-13
9.59696	1.11135e-13
9.65333	1.13462e-13
9.71311	1.09123e-13
9.77252	1.11673e-13
9.83156	1.07127e-13
9.89026	1.05359e-13
9.94861	1.05742e-13
10.0102	1.03432e-13
10.0679	1.01918e-13
10.1288	9.94913e-14
10.1893	1.00591e-13
10.2495	9.86329e-14
10.3093	1.02254e-13
10.3688	9.91809e-14
10.4279	1.01932e-13
10.4902	9.47685e-14
10.5521	9.44948e-14
10.6102	9.54328e-14
10.6714	9.364e-14
10.7323	9.2343e-14
10.7928	9.48425e-14
10.8555	9.15074e-14
10.9163	8.52804e-14
10.9831	9.3374e-14
11.0461	8.89699e-14
11.1121	8.68939e-14
11.1777	8.59974e-14
11.2462	8.80858e-14
11.3142	8.45092e-14
11.3817	8.61201e-14
11.4521	8.59576e-14
11.5219	8.66774e-14
11.5945	8.40594e-14
11.6666	8.32383e-14
11.7382	8.39109e-14
11.8124	8.52241e-14
11.8862	8.11031e-14
11.9625	8.25657e-14
12.0383	8.27e-14
12.1137	7.99797e-14
12.1915	7.87206e-14
12.2689	8.13146e-14
12.3487	7.83812e-14
12.428	8.07063e-14
12.5095	7.97875e-14
12.5879	8.22123e-14
12.6714	7.85256e-14
12.7543	7.92922e-14
12.8368	7.63889e-14
12.9187	7.76604e-14
13.0057	8.09156e-14
13.0895	7.78326e-14
13.1755	7.88114e-14
13.2637	7.75367e-14
13.3486	7.66431e-14
13.4384	7.75092e-14
13.5277	7.41031e-14
13.6164	7.5992e-14
13.7073	7.6458e-14
13.7976	7.40861e-14
13.8899	7.53633e-14
13.9843	7.43117e-14
14.078	7.35167e-14
14.1711	7.01213e-14
14.2688	7.3883e-14
14.3632	7.44e-14
14.4621	7.00025e-14
14.5578	7.09896e-14
14.6579	6.97889e-14
14.7573	7.10823e-14
14.856	7.19784e-14
14.9589	7.37241e-14
15.0611	6.84827e-14
15.1626	7.07363e-14
15.2659	7.04241e-14
15.3707	7.38073e-14
15.4771	6.83969e-14
15.5829	6.92241e-14
15.6902	6.84697e-14
15.799	6.90005e-14
15.9071	6.90545e-14
16.0189	6.9105e-14
16.1278	6.85658e-14
16.2403	7.03736e-14
16.3542	6.7327e-14
16.4673	6.58391e-14
16.5818	6.76174e-14
16.6976	6.68159e-14
16.8148	6.73535e-14
16.9311	6.79769e-14
17.0508	6.89983e-14
17.1698	6.68864e-14
17.2899	6.50226e-14
17.4112	6.65488e-14
17.5339	6.78211e-14
17.6575	6.42369e-14
17.7824	6.4168e-14
17.9084	7.03598e-14
18.0354	6.51903e-14
18.1635	6.45402e-14
18.2927	6.37158e-14
18.423	6.51503e-14
18.5542	6.07021e-14
18.6864	6.34691e-14
18.8195	6.16953e-14
18.9536	6.24532e-14
19.0886	6.11599e-14
19.2264	6.17885e-14
19.3633	6.5086e-14
19.5027	5.93955e-14
19.643	6.05248e-14
19.786	6.15516e-14
19.9278	6.16071e-14
20.0723	6.33916e-14
20.2174	6.24142e-14
20.3633	5.91071e-14
20.5116	6.16645e-14
20.6606	6.05002e-14
20.8102	5.79867e-14
20.9622	6.05883e-14
21.1147	5.93795e-14
21.2695	5.92863e-14
21.4248	6.19799e-14
21.5824	5.64661e-14
21.7403	5.81955e-14
21.8988	5.74085e-14
22.0611	5.87326e-14
22.2237	5.93266e-14
22.3866	5.6032e-14
22.5517	5.62835e-14
22.7186	5.57724e-14
22.8874	5.80637e-14
23.0567	5.76887e-14
23.2276	5.59367e-14
23.4003	5.59423e-14
23.5749	5.8007e-14
23.7511	5.56504e-14
23.9276	5.9362e-14
24.1056	5.41549e-14
24.2869	5.6909e-14
24.4681	5.5808e-14
24.6524	5.46958e-14
24.8368	5.34654e-14
25.024	5.42654e-14
25.2127	5.31547e-14
25.4027	5.5502e-14
25.5944	5.27296e-14
25.7885	5.48989e-14
25.9825	5.17701e-14
26.1808	5.29965e-14
26.3787	5.45602e-14
26.5792	5.10684e-14
26.7808	5.38833e-14
26.9797	5.30059e-14
27.1902	5.26182e-14
27.399	5.20793e-14
27.6064	5.28403e-14
27.8249	5.40308e-14
28.029	5.23598e-14
28.2442	5.0518e-14
28.4705	5.05634e-14
28.6823	5.12052e-14
28.905	5.06367e-14
29.1262	4.90243e-14
29.3575	5.1818e-14
29.5872	4.90221e-14
29.815	5.11229e-14
30.0413	4.90306e-14
30.2774	4.93102e-14
30.5118	5.38417e-14
30.7561	4.91589e-14
30.9868	5.00072e-14
31.2387	4.93778e-14
31.4771	5.12065e-14
31.7252	4.73587e-14
31.9712	4.71903e-14
32.2264	4.68109e-14
32.4796	4.79401e-14
32.7308	4.76293e-14
32.9908	4.85041e-14
33.2491	4.6932e-14
33.5157	4.89464e-14
33.7803	4.79922e-14
34.0427	4.60452e-14
34.3138	4.49129e-14
34.5928	4.64443e-14
34.8696	4.59802e-14
35.1441	4.52046e-14
35.4269	4.75782e-14
35.7071	4.53261e-14
35.9951	4.73307e-14
36.2807	4.74563e-14
36.5742	4.63912e-14
36.865	4.61855e-14
37.1631	4.55904e-14
37.4589	4.54261e-14
37.7617	4.60619e-14
38.0622	4.45261e-14
38.3697	4.31387e-14
38.6839	4.73392e-14
38.9956	4.41411e-14
39.3046	4.26997e-14
39.6293	4.51874e-14
39.9513	4.35119e-14
40.2707	4.27788e-14
40.6053	4.36152e-14
40.9282	4.2851e-14
41.266	4.25666e-14
41.601	4.31168e-14
41.9418	4.13962e-14
42.2883	4.22039e-14
42.6318	4.26306e-14
42.981	3.99078e-14
43.3357	4.18234e-14
43.6873	4.28446e-14
44.0523	4.11055e-14
44.4144	4.10142e-14
44.7735	4.06903e-14
45.1454	4.13968e-14
45.522	4.15442e-14
45.8957	3.99645e-14
46.274	3.9963e-14
46.6569	4.03602e-14
47.044	3.96493e-14
47.4357	3.95826e-14
47.8317	3.97578e-14
48.2239	3.88524e-14
48.6281	3.96374e-14
49.0362	3.86024e-14
49.4406	3.87967e-14
49.8562	3.82608e-14
50.2682	3.9734e-14
50.6907	3.8144e-14
51.117	3.91462e-14
51.5396	3.78916e-14
51.9724	3.73028e-14
52.4087	3.72239e-14
52.8478	3.73905e-14
53.2966	3.69422e-14
53.7417	3.84224e-14
54.1963	3.75532e-14
54.6474	3.85782e-14
55.1138	3.71807e-14
55.5763	3.67605e-14
56.0413	3.7643e-14
56.5151	3.54192e-14
56.9971	3.69938e-14
57.4754	3.52323e-14
57.9619	3.4637e-14
58.4505	3.66805e-14
58.9472	3.62106e-14
59.4453	3.43312e-14
59.9514	3.55557e-14
60.4589	3.57396e-14
60.9741	3.51376e-14
61.4905	3.70526e-14
62.014	3.42819e-14
62.5448	3.52096e-14
63.0764	3.67856e-14
63.6094	3.43051e-14
64.1544	3.41522e-14
64.7002	3.36281e-14
65.252	3.38551e-14
65.805	3.29712e-14
66.3696	3.19167e-14
66.9342	3.26028e-14
67.505	3.32275e-14
68.081	3.25891e-14
68.6631	3.26658e-14
69.25	3.29623e-14
69.8422	3.22785e-14
70.4397	3.43485e-14
71.0415	3.19194e-14
71.6486	3.16737e-14
72.2602	3.20614e-14
72.8767	3.20736e-14
73.5023	3.22476e-14
74.1271	3.17395e-14
74.7612	3.07034e-14
75.404	3.0014e-14
76.0457	3.25836e-14
76.6962	3.13398e-14
77.3548	3.06898e-14
78.0122	3.2326e-14
78.6823	2.98769e-14
79.3508	3.04978e-14
80.0317	3.15179e-14
80.7155	3.18704e-14
81.4022	2.99627e-14
82.0961	2.77214e-14
82.797	3.04733e-14
83.5044	3.07536e-14
84.2143	3.10923e-14
84.9434	2.91113e-14
85.6497	2.88856e-14
86.3908	2.87269e-14
87.1256	3.00251e-14
87.8543	2.80526e-14
88.6173	2.84446e-14
89.373	2.94026e-14
90.1226	2.98959e-14
90.8651	2.83387e-14
91.6412	2.91038e-14
92.4104	2.86724e-14
93.211	2.91322e-14
94.0045	2.82081e-14
94.7912	2.7646e-14
95.5713	2.78744e-14
96.3817	2.89205e-14
97.222	2.76316e-14
98.0184	2.72796e-14
98.844	2.7049e-14
99.6626	2.654e-14
100.509	2.81725e-14
101.349	2.64728e-14
102.182	2.7308e-14
103.042	2.83497e-14
103.894	2.70372e-14
104.774	2.6282e-14
105.645	2.6455e-14
106.51	2.59176e-14
107.399	2.59046e-14
108.282	2.77143e-14
109.156	2.76372e-14
110.056	2.68182e-14
110.948	2.53595e-14
111.864	2.58437e-14
112.772	2.60785e-14
113.704	2.52693e-14
114.627	2.49826e-14
115.543	2.5887e-14
116.481	2.56565e-14
117.442	2.56369e-14
118.364	2.49714e-14
119.338	2.57734e-14
120.274	2.45524e-14
121.261	2.57061e-14
122.21	2.44796e-14
123.209	2.45407e-14
124.169	2.49999e-14
125.151	2.43424e-14
126.152	2.56645e-14
127.145	2.36419e-14
128.157	2.50347e-14
129.159	2.467e-14
130.154	2.43287e-14
131.166	2.35965e-14
132.197	2.38965e-14
133.219	2.28442e-14
134.258	2.32995e-14
135.288	2.34178e-14
136.335	2.37225e-14
137.373	2.30622e-14
138.428	2.46998e-14
139.474	2.3815e-14
140.535	2.29773e-14
141.587	2.23421e-14
142.655	2.22201e-14
143.738	2.30505e-14
144.811	2.3789e-14
145.899	2.2384e-14
146.977	2.25588e-14
148.07	2.24838e-14
149.153	2.23279e-14
150.25	2.21512e-14
151.359	2.21057e-14
152.46	2.19757e-14
153.572	2.24112e-14
154.675	2.22144e-14
155.791	2.26426e-14
156.918	2.1209e-14
158.036	2.19465e-14
159.165	2.24152e-14
160.306	2.19625e-14
161.436	2.18812e-14
162.556	2.08333e-14
163.708	2.20642e-14
164.848	2.12124e-14
166	2.15378e-14
167.14	2.1462e-14
168.29	2.21211e-14
169.45	2.09003e-14
170.598	2.10437e-14
171.756	2.0743e-14
172.923	2.12563e-14
174.097	2.23981e-14
175.261	2.11561e-14
176.433	2.09969e-14
177.592	2.08408e-14
178.779	2.09857e-14
179.954	2.1662e-14
181.136	2.13022e-14
182.306	1.99955e-14
183.501	2.07368e-14
184.684	2.07746e-14
185.873	2.12427e-14
187.05	2.03938e-14
188.25	2.07757e-14
189.439	2.06203e-14
190.632	2.07309e-14
191.831	2.08797e-14
193.016	2.04921e-14
194.224	2.04103e-14
195.417	2.0061e-14
196.616	2.05498e-14
197.819	2.01212e-14
199.024	2.02133e-14
200.235	2.08271e-14
201.43	1.97774e-14
202.646	2.01785e-14
203.847	2.00597e-14
205.067	1.94969e-14
206.272	2.03648e-14
207.482	1.98311e-14
208.691	1.96018e-14
209.902	1.98878e-14
211.114	2.10981e-14
212.344	2.03141e-14
213.559	2.09954e-14
214.773	1.98249e-14
215.989	2.04861e-14
217.204	1.96169e-14
218.421	2.01628e-14
219.637	2.10024e-14
220.851	1.99904e-14
222.066	2.01689e-14
223.28	1.98266e-14
224.494	1.98484e-14
225.719	2.02133e-14
226.931	1.98165e-14
228.14	2.07968e-14
229.362	1.99021e-14
230.569	2.00633e-14
231.788	2.10285e-14
232.991	2.0015e-14
234.206	2.01835e-14
235.406	2.17656e-14
236.616	2.04002e-14
237.825	2.07846e-14
239.018	2.0772e-14
240.222	1.99009e-14
241.41	2.02002e-14
242.611	2.06055e-14
243.794	2.06116e-14
244.988	2.04983e-14
246.168	2.06385e-14
247.345	2.10205e-14
248.522	2.10416e-14
249.695	2.07075e-14
250.855	2.15937e-14
252.012	2.08663e-14
253.155	2.05723e-14
254.286	2.09513e-14
255.404	2.16025e-14
256.628	2.08959e-14
257.722	2.10814e-14
258.801	2.12441e-14
259.987	2.16534e-14
261.045	2.27199e-14
262.093	2.30985e-14
263.244	2.18022e-14
264.272	2.18947e-14
265.404	2.19647e-14
266.413	2.30084e-14
267.414	2.18574e-14
268.409	2.23945e-14
269.505	2.32142e-14
270.485	2.22674e-14
271.459	2.2493e-14
272.427	2.30082e-14
273.389	2.33032e-14
274.241	2.33221e-14
275.197	2.34055e-14
276.044	2.39297e-14
276.992	2.39236e-14
277.836	2.4161e-14
278.677	2.38387e-14
279.52	2.33772e-14
280.258	2.48815e-14
280.999	2.37822e-14
281.743	2.54363e-14
282.49	2.53034e-14
283.241	2.44806e-14
283.894	2.50615e-14
284.551	2.54415e-14
285.116	2.48139e-14
285.688	2.73731e-14
286.266	2.53076e-14
286.852	2.61773e-14
287.348	2.8517e-14
287.853	2.67659e-14
288.269	2.66536e-14
288.694	2.68582e-14
289.033	2.69246e-14
289.384	2.73228e-14
289.746	2.76243e-14
290.024	2.81552e-14
290.217	2.7555e-14
290.423	2.81391e-14
290.642	2.76805e-14
290.778	2.79166e-14
290.831	2.81908e-14
290.995	2.75452e-14
290.995	2.74275e-14
320.095	3.79504e-14
352.104	4.27215e-14
387.315	4.34279e-14
426.046	4.95446e-14
468.651	4.81705e-14
515.516	5.09719e-14
567.068	5.46488e-14
623.775	5.65563e-14
686.152	5.89239e-14
754.767	6.49264e-14
830.244	6.90927e-14
913.268	6.92985e-14
1004.6	7.35515e-14
1105.05	8.10912e-14
1215.56	8.50423e-14
1337.12	8.73158e-14
1470.83	9.28497e-14
1617.91	1.02413e-13
1779.7	1.04263e-13
1957.67	1.13965e-13
2153.44	1.2298e-13
2368.78	1.36173e-13
2605.66	1.47395e-13
2866.23	1.62254e-13
3152.85	1.73026e-13
3468.14	1.99329e-13
3814.95	2.18018e-13
4196.44	2.47086e-13
4616.09	2.76937e-13
5077.7	3.26209e-13
5585.47	3.64769e-13
6144.01	4.43445e-13
6758.41	5.27826e-13
7434.26	6.0972e-13
8177.68	7.44965e-13
8995.45	9.10896e-13
9894.99	1.12583e-12
10884.5	1.47105e-12
11972.9	1.86951e-12
13170.2	2.37578e-12
14487.3	3.90886e-12
15936	1e+96
17529.6	1e+96
19282.5	1e+96
21210.8	1e+96
23331.9	1e+96
25665.1	1e+96
28231.6	1e+96
31054.7	1e+96
34160.2	1e+96
37576.2	1e+96
41333.8	1e+96
45467.2	1e+96
50014	1e+96
55015.4	1e+96
60516.9	1e+96
66568.6	1e+96
73225.4	1e+96
80548	1e+96
88602.8	1e+96
97463.1	1e+96
