1e-06	5.26811e-07
1.5e-06	3.51208e-07
2.25e-06	2.34138e-07
3.375e-06	1.56092e-07
5.0625e-06	1.04062e-07
7.59375e-06	6.93744e-08
1.13906e-05	4.62496e-08
1.70859e-05	3.0833e-08
2.56289e-05	2.05554e-08
3.84434e-05	1.37036e-08
5.7665e-05	9.13572e-09
8.64976e-05	6.09048e-09
0.000129746	4.06032e-09
0.00019462	2.70688e-09
0.000291929	1.80459e-09
0.000437894	1.20306e-09
0.000656841	8.02038e-10
0.000985261	5.34692e-10
0.00147789	3.56461e-10
0.00221684	2.37641e-10
0.00332526	1.58427e-10
0.00498789	1.05618e-10
0.00748183	7.04121e-11
0.0112227	4.69414e-11
0.0168341	3.12943e-11
0.0252512	2.08629e-11
0.0378768	1.39086e-11
0.0568151	9.27239e-12
0.0852227	6.18161e-12
0.127834	4.12109e-12
0.191751	2.74742e-12
0.287627	1.83165e-12
0.43144	1.22115e-12
0.64716	8.14184e-13
0.97074	5.42917e-13
1.45611	3.62133e-13
2.18416	2.41704e-13
3.27625	1.61562e-13
4.91437	1.08358e-13
7.37155	7.32188e-14
11.0573	5.01701e-14
16.586	3.48004e-14
24.879	2.43739e-14
37.3185	1.72664e-14
55.9777	1.24311e-14
83.9666	9.19889e-15
125.95	7.20607e-15
188.925	6.60759e-15
283.387	1.93153e-14
