0.0001	6.48026e-07
0.000101	6.35289e-07
0.00010201	6.22791e-07
0.00010303	6.10464e-07
0.00010406	5.98482e-07
0.000105101	5.86615e-07
0.000106152	5.75092e-07
0.000107214	5.63796e-07
0.000108286	5.52677e-07
0.000109369	5.41752e-07
0.000110462	5.3111e-07
0.000111567	5.206e-07
0.000112683	5.10401e-07
0.000113809	5.00334e-07
0.000114947	4.90464e-07
0.000116097	4.80827e-07
0.000117258	4.71297e-07
0.00011843	4.62029e-07
0.000119615	4.52948e-07
0.000120811	4.44012e-07
0.000122019	4.3529e-07
0.000123239	4.26678e-07
0.000124472	4.18284e-07
0.000125716	4.1003e-07
0.000126973	4.01968e-07
0.000128243	3.9406e-07
0.000129526	3.86261e-07
0.000130821	3.7865e-07
0.000132129	3.71193e-07
0.00013345	3.63877e-07
0.000134785	3.56719e-07
0.000136133	3.49691e-07
0.000137494	3.42782e-07
0.000138869	3.36051e-07
0.000140258	3.29401e-07
0.00014166	3.22944e-07
0.000143077	3.16556e-07
0.000144508	3.10332e-07
0.000145953	3.04211e-07
0.000147412	2.98227e-07
0.000148886	2.9233e-07
0.000150375	2.86586e-07
0.000151879	2.80937e-07
0.000153398	2.75401e-07
0.000154932	2.69984e-07
0.000156481	2.64645e-07
0.000158046	2.59446e-07
0.000159626	2.54331e-07
0.000161223	2.49311e-07
0.000162835	2.44409e-07
0.000164463	2.39587e-07
0.000166108	2.34868e-07
0.000167769	2.3024e-07
0.000169447	2.25707e-07
0.000171141	2.21259e-07
0.000172852	2.16891e-07
0.000174581	2.12621e-07
0.000176327	2.08425e-07
0.00017809	2.04326e-07
0.000179871	2.00296e-07
0.00018167	1.96354e-07
0.000183486	1.92484e-07
0.000185321	1.8869e-07
0.000187174	1.84977e-07
0.000189046	1.8133e-07
0.000190937	1.77756e-07
0.000192846	1.74254e-07
0.000194774	1.7082e-07
0.000196722	1.67456e-07
0.000198689	1.64153e-07
0.000200676	1.60922e-07
0.000202683	1.57751e-07
0.00020471	1.54644e-07
0.000206757	1.51594e-07
0.000208825	1.48608e-07
0.000210913	1.45683e-07
0.000213022	1.4281e-07
0.000215152	1.39996e-07
0.000217304	1.37238e-07
0.000219477	1.34535e-07
0.000221672	1.31881e-07
0.000223888	1.29286e-07
0.000226127	1.26737e-07
0.000228388	1.24239e-07
0.000230672	1.21794e-07
0.000232979	1.19392e-07
0.000235309	1.1704e-07
0.000237662	1.14735e-07
0.000240038	1.12472e-07
0.000242439	1.10257e-07
0.000244863	1.08084e-07
0.000247312	1.05955e-07
0.000249785	1.03866e-07
0.000252283	1.01819e-07
0.000254806	9.98138e-08
0.000257354	9.78474e-08
0.000259927	9.59189e-08
0.000262527	9.40304e-08
0.000265152	9.2177e-08
0.000267803	9.03612e-08
0.000270481	8.85811e-08
0.000273186	8.68353e-08
0.000275918	8.51254e-08
0.000278677	8.34471e-08
0.000281464	8.18033e-08
0.000284279	8.01919e-08
0.000287121	7.86127e-08
0.000289993	7.70634e-08
0.000292893	7.55448e-08
0.000295822	7.40564e-08
0.00029878	7.25969e-08
0.000301768	7.11669e-08
0.000304785	6.97647e-08
0.000307833	6.83905e-08
0.000310911	6.70422e-08
0.00031402	6.57217e-08
0.000317161	6.44272e-08
0.000320332	6.31575e-08
0.000323536	6.19138e-08
0.000326771	6.06931e-08
0.000330039	5.94984e-08
0.000333339	5.83256e-08
0.000336672	5.71767e-08
0.000340039	5.60504e-08
0.00034344	5.4946e-08
0.000346874	5.38635e-08
0.000350343	5.28025e-08
0.000353846	5.17623e-08
0.000357385	5.07422e-08
0.000360958	4.97429e-08
0.000364568	4.87625e-08
0.000368214	4.78019e-08
0.000371896	4.68605e-08
0.000375615	4.59375e-08
0.000379371	4.50323e-08
0.000383165	4.41452e-08
0.000386996	4.32757e-08
0.000390866	4.2423e-08
0.000394775	4.15875e-08
0.000398723	4.07684e-08
0.00040271	3.99654e-08
0.000406737	3.9178e-08
0.000410804	3.84064e-08
0.000414912	3.76498e-08
0.000419062	3.69083e-08
0.000423252	3.61813e-08
0.000427485	3.54686e-08
0.00043176	3.47701e-08
0.000436077	3.40851e-08
0.000440438	3.34137e-08
0.000444842	3.27558e-08
0.000449291	3.21106e-08
0.000453784	3.14782e-08
0.000458321	3.08582e-08
0.000462905	3.02505e-08
0.000467534	2.96548e-08
0.000472209	2.90709e-08
0.000476931	2.84984e-08
0.0004817	2.79372e-08
0.000486517	2.7387e-08
0.000491383	2.68477e-08
0.000496296	2.63191e-08
0.000501259	2.58009e-08
0.000506272	2.52928e-08
0.000511335	2.47949e-08
0.000516448	2.43067e-08
0.000521613	2.38282e-08
0.000526829	2.3359e-08
0.000532097	2.28991e-08
0.000537418	2.24484e-08
0.000542792	2.20065e-08
0.00054822	2.15733e-08
0.000553702	2.11486e-08
0.000559239	2.07325e-08
0.000564832	2.03244e-08
0.00057048	1.99243e-08
0.000576185	1.95323e-08
0.000581947	1.91479e-08
0.000587766	1.87711e-08
0.000593644	1.84018e-08
0.00059958	1.80397e-08
0.000605576	1.76848e-08
0.000611632	1.73369e-08
0.000617748	1.69958e-08
0.000623926	1.66615e-08
0.000630165	1.63338e-08
0.000636466	1.60125e-08
0.000642831	1.56976e-08
0.000649259	1.53889e-08
0.000655752	1.50863e-08
0.00066231	1.47897e-08
0.000668933	1.44989e-08
0.000675622	1.42139e-08
0.000682378	1.39345e-08
0.000689202	1.36606e-08
0.000696094	1.33922e-08
0.000703055	1.3129e-08
0.000710085	1.28711e-08
0.000717186	1.26182e-08
0.000724358	1.23703e-08
0.000731602	1.21274e-08
0.000738918	1.18892e-08
0.000746307	1.16557e-08
0.00075377	1.14269e-08
0.000761308	1.12026e-08
0.000768921	1.09827e-08
0.00077661	1.07672e-08
0.000784376	1.05559e-08
0.00079222	1.03488e-08
0.000800142	1.01459e-08
0.000808144	9.9469e-09
0.000816225	9.75189e-09
0.000824387	9.56073e-09
0.000832631	9.37336e-09
0.000840957	9.18969e-09
0.000849367	9.00968e-09
0.000857861	8.83321e-09
0.000866439	8.66026e-09
0.000875104	8.49074e-09
0.000883855	8.32457e-09
0.000892693	8.1617e-09
0.00090162	8.00208e-09
0.000910636	7.84561e-09
0.000919743	7.69226e-09
0.00092894	7.54195e-09
0.00093823	7.39463e-09
0.000947612	7.25024e-09
0.000957088	7.10872e-09
0.000966659	6.97002e-09
0.000976325	6.83408e-09
0.000986089	6.70083e-09
0.00099595	6.57026e-09
0.00100591	6.44227e-09
0.00101597	6.31685e-09
0.00102613	6.19392e-09
0.00103639	6.07345e-09
0.00104675	5.95539e-09
0.00105722	5.83968e-09
0.00106779	5.72629e-09
0.00107847	5.61516e-09
0.00108926	5.50626e-09
0.00110015	5.39955e-09
0.00111115	5.29497e-09
0.00112226	5.19249e-09
0.00113348	5.09207e-09
0.00114482	4.99366e-09
0.00115627	4.89724e-09
0.00116783	4.80275e-09
0.00117951	4.71017e-09
0.0011913	4.61945e-09
0.00120322	4.53057e-09
0.00121525	4.44349e-09
0.0012274	4.35816e-09
0.00123967	4.27456e-09
0.00125207	4.19265e-09
0.00126459	4.11241e-09
0.00127724	4.0338e-09
0.00129001	3.95679e-09
0.00130291	3.88135e-09
0.00131594	3.80745e-09
0.0013291	3.73506e-09
0.00134239	3.66415e-09
0.00135581	3.5947e-09
0.00136937	3.52667e-09
0.00138307	3.46004e-09
0.0013969	3.39479e-09
0.00141086	3.33088e-09
0.00142497	3.2683e-09
0.00143922	3.20702e-09
0.00145362	3.14701e-09
0.00146815	3.08825e-09
0.00148283	3.03072e-09
0.00149766	2.9744e-09
0.00151264	2.91926e-09
0.00152776	2.86529e-09
0.00154304	2.81245e-09
0.00155847	2.76074e-09
0.00157406	2.71013e-09
0.0015898	2.66059e-09
0.0016057	2.61213e-09
0.00162175	2.5647e-09
0.00163797	2.5183e-09
0.00165435	2.47291e-09
0.00167089	2.42851e-09
0.0016876	2.38508e-09
0.00170448	2.34261e-09
0.00172152	2.30108e-09
0.00173874	2.26047e-09
0.00175613	2.22078e-09
0.00177369	2.18198e-09
0.00179142	2.14406e-09
0.00180934	2.10702e-09
0.00182743	2.07082e-09
0.00184571	2.03546e-09
0.00186416	2.00094e-09
0.0018828	1.96723e-09
0.00190163	1.93432e-09
0.00192065	1.9022e-09
0.00193986	1.87087e-09
0.00195925	1.84031e-09
0.00197885	1.81051e-09
0.00199864	1.78146e-09
0.00201862	1.75316e-09
0.00203881	1.72558e-09
0.0020592	1.69873e-09
0.00207979	1.6726e-09
0.00210059	1.64718e-09
0.00212159	1.62246e-09
0.00214281	1.59844e-09
0.00216424	1.57511e-09
0.00218588	1.55247e-09
0.00220774	1.5305e-09
0.00222981	1.50921e-09
0.00225211	1.48859e-09
0.00227463	1.46864e-09
0.00229738	1.44936e-09
0.00232035	1.43074e-09
0.00234356	1.41279e-09
0.00236699	1.39549e-09
0.00239066	1.37886e-09
0.00241457	1.36289e-09
0.00243871	1.34758e-09
0.0024631	1.33294e-09
0.00248773	1.31896e-09
0.00251261	1.30565e-09
0.00253774	1.29302e-09
0.00256311	1.28105e-09
0.00258874	1.26977e-09
0.00261463	1.25917e-09
0.00264078	1.24925e-09
0.00266719	1.24002e-09
0.00269386	1.23148e-09
0.0027208	1.22363e-09
0.002748	1.21647e-09
0.00277548	1.20999e-09
0.00280324	1.20418e-09
0.00283127	1.19904e-09
0.00285958	1.19454e-09
0.00288818	1.19064e-09
0.00291706	1.18731e-09
0.00294623	1.18449e-09
0.0029757	1.18211e-09
0.00300545	1.18006e-09
0.00303551	1.17823e-09
0.00306586	1.17646e-09
0.00309652	1.17457e-09
0.00312749	1.17234e-09
0.00315876	1.16951e-09
0.00319035	1.16581e-09
0.00322225	1.16092e-09
0.00325447	1.15455e-09
0.00328702	1.14643e-09
0.00331989	1.1363e-09
0.00335309	1.12403e-09
0.00338662	1.10954e-09
0.00342049	1.0929e-09
0.00345469	1.07426e-09
0.00348924	1.05392e-09
0.00352413	1.03221e-09
0.00355937	1.00954e-09
0.00359496	9.86319e-10
0.00363091	9.6296e-10
0.00366722	9.39833e-10
0.0037039	9.17267e-10
0.00374093	8.95543e-10
0.00377834	8.74894e-10
0.00381613	8.55507e-10
0.00385429	8.37536e-10
0.00389283	8.21105e-10
0.00393176	8.06319e-10
0.00397108	7.9327e-10
0.00401079	7.82046e-10
0.0040509	7.72738e-10
0.0040914	7.65446e-10
0.00413232	7.60287e-10
0.00417364	7.574e-10
0.00421538	7.56955e-10
0.00425753	7.59155e-10
0.00430011	7.64249e-10
0.00434311	7.72526e-10
0.00438654	7.84315e-10
0.0044304	7.99951e-10
0.00447471	8.19709e-10
0.00451946	8.43637e-10
0.00456465	8.71213e-10
0.0046103	9.0072e-10
0.0046564	9.28346e-10
0.00470296	9.47606e-10
0.00474999	9.50748e-10
0.00479749	9.33198e-10
0.00484547	8.9748e-10
0.00489392	8.51431e-10
0.00494286	8.03017e-10
0.00499229	7.57407e-10
0.00504221	7.17046e-10
0.00509264	6.82709e-10
0.00514356	6.54381e-10
0.005195	6.31758e-10
0.00524695	6.1449e-10
0.00529942	6.0229e-10
0.00535241	5.94968e-10
0.00540594	5.92431e-10
0.00546	5.94649e-10
0.0055146	6.01567e-10
0.00556974	6.12912e-10
0.00562544	6.27809e-10
0.00568169	6.44129e-10
0.00573851	6.57797e-10
0.00579589	6.63089e-10
0.00585385	6.55394e-10
0.00591239	6.35024e-10
0.00597152	6.07251e-10
0.00603123	5.78392e-10
0.00609154	5.52903e-10
0.00615246	5.3314e-10
0.00621398	5.20241e-10
0.00627612	5.14944e-10
0.00633888	5.18149e-10
0.00640227	5.31334e-10
0.0064663	5.56923e-10
0.00653096	5.9836e-10
0.00659627	6.57721e-10
0.00666223	7.2101e-10
0.00672885	7.31273e-10
0.00679614	6.64512e-10
0.0068641	5.83987e-10
0.00693275	5.22403e-10
0.00700207	4.80919e-10
0.00707209	4.55522e-10
0.00714281	4.43208e-10
0.00721424	4.42345e-10
0.00728638	4.51998e-10
0.00735925	4.70322e-10
0.00743284	4.90912e-10
0.00750717	4.99447e-10
0.00758224	4.84668e-10
0.00765806	4.55706e-10
0.00773464	4.28992e-10
0.00781199	4.13245e-10
0.00789011	4.12106e-10
0.00796901	4.29548e-10
0.0080487	4.74441e-10
0.00812919	5.65884e-10
0.00821048	6.82994e-10
0.00829259	5.93627e-10
0.00837551	4.7258e-10
0.00845927	4.08591e-10
0.00854386	3.79577e-10
0.0086293	3.74009e-10
0.00871559	3.87025e-10
0.00880275	4.10498e-10
0.00889077	4.18446e-10
0.00897968	3.92612e-10
0.00906948	3.60629e-10
0.00916017	3.44761e-10
0.00925178	3.52066e-10
0.00934429	3.91805e-10
0.00943774	4.80425e-10
0.00953211	5.10614e-10
0.00962743	4.05595e-10
0.00972371	3.47128e-10
0.00982095	3.31169e-10
0.00991916	3.47125e-10
0.0100183	3.83327e-10
0.0101185	3.80339e-10
0.0102197	3.35427e-10
0.0103219	3.12181e-10
0.0104251	3.25248e-10
0.0105294	3.88376e-10
0.0106347	4.34407e-10
0.010741	3.40788e-10
0.0108484	2.93415e-10
0.0109569	2.91431e-10
0.0110665	3.21271e-10
0.0111772	3.3044e-10
0.0112889	2.95242e-10
0.0114018	2.88242e-10
0.0115158	3.47422e-10
0.011631	5.53185e-10
0.0117473	3.34915e-10
0.0118648	2.74457e-10
0.0119834	2.82446e-10
0.0121033	3.06038e-10
0.0122243	2.69927e-10
0.0123465	2.54568e-10
0.01247	3.02176e-10
0.0125947	3.57525e-10
0.0127206	2.66526e-10
0.0128478	2.56161e-10
0.0129763	3.0117e-10
0.0131061	2.68867e-10
0.0132372	2.49305e-10
0.0133695	3.30786e-10
0.0135032	2.99764e-10
0.0136383	2.32184e-10
0.0137746	2.53506e-10
0.0139124	2.52166e-10
0.0140515	2.29082e-10
0.014192	3.18401e-10
0.0143339	2.71326e-10
0.0144773	2.22295e-10
0.0146221	2.55586e-10
0.0147683	2.18506e-10
0.014916	2.46267e-10
0.0150651	2.99625e-10
0.0152158	2.14431e-10
0.0153679	2.54755e-10
0.0155216	2.09539e-10
0.0156768	2.4688e-10
0.0158336	2.26515e-10
0.0159919	2.01085e-10
0.0161518	2.21976e-10
0.0163134	2.09455e-10
0.0164765	3.55336e-10
0.0166413	1.96087e-10
0.0168077	2.20198e-10
0.0169757	1.87993e-10
0.0171455	2.58965e-10
0.017317	1.86407e-10
0.0174901	2.11472e-10
0.017665	1.99857e-10
0.0178417	2.07672e-10
0.0180201	1.92526e-10
0.0182003	1.78279e-10
0.0183823	3.14075e-10
0.0185661	1.7386e-10
0.0187518	1.83794e-10
0.0189393	2.11463e-10
0.0191287	1.70203e-10
0.01932	1.93e-10
0.0195132	1.9477e-10
0.0197083	1.60956e-10
0.0199054	1.82319e-10
0.0201045	2.49162e-10
0.0203055	1.59887e-10
0.0205086	1.56242e-10
0.0207136	2.12288e-10
0.0209208	1.73219e-10
0.02113	1.60508e-10
0.0213413	1.53668e-10
0.0215547	1.60302e-10
0.0217702	2.41291e-10
0.0219879	1.65023e-10
0.0222078	1.66778e-10
0.0224299	1.47381e-10
0.0226542	1.42701e-10
0.0228807	1.38179e-10
0.0231095	1.40962e-10
0.0233406	1.53197e-10
0.0235741	1.38109e-10
0.0238098	1.48829e-10
0.0240479	1.39759e-10
0.0242884	1.38547e-10
0.0245313	1.31213e-10
0.0247766	1.32059e-10
0.0250243	1.29456e-10
0.0252746	1.32271e-10
0.0255273	1.52404e-10
0.0257826	1.43919e-10
0.0260404	1.80962e-10
0.0263008	1.20315e-10
0.0265638	1.21483e-10
0.0268295	1.66567e-10
0.0270978	1.33187e-10
0.0273687	1.18628e-10
0.0276424	1.38127e-10
0.0279189	1.31866e-10
0.028198	1.11645e-10
0.02848	2.29274e-10
0.0287648	1.08877e-10
0.0290525	1.29881e-10
0.029343	1.11934e-10
0.0296364	1.69698e-10
0.0299328	1.0639e-10
0.0302321	1.26319e-10
0.0305344	1.06684e-10
0.0308398	1.12041e-10
0.0311482	1.42306e-10
0.0314597	1.27801e-10
0.0317743	1.04582e-10
0.032092	9.96303e-11
0.0324129	1.08014e-10
0.032737	1.13552e-10
0.0330644	1.12576e-10
0.0333951	1.16532e-10
0.033729	1.09252e-10
0.0340663	1.08423e-10
0.034407	1.14844e-10
0.034751	1.0306e-10
0.0350985	9.28612e-11
0.0354495	9.17948e-11
0.035804	1.0428e-10
0.0361621	1.3767e-10
0.0365237	9.05153e-11
0.0368889	9.24838e-11
0.0372578	9.77682e-11
0.0376304	9.119e-11
0.0380067	1.11465e-10
0.0383868	8.60496e-11
0.0387706	8.17924e-11
0.0391583	1.25569e-10
0.0395499	8.69892e-11
0.0399454	8.13421e-11
0.0403449	8.41529e-11
0.0407483	8.19564e-11
0.0411558	9.04034e-11
0.0415674	8.07224e-11
0.041983	8.1806e-11
0.0424029	7.74608e-11
0.0428269	7.79477e-11
0.0432552	1.06189e-10
0.0436877	7.36893e-11
0.0441246	7.49488e-11
0.0445658	8.94348e-11
0.0450115	8.88979e-11
0.0454616	7.23707e-11
0.0459162	7.99167e-11
0.0463754	7.4547e-11
0.0468391	7.01179e-11
0.0473075	6.78887e-11
0.0477806	6.52027e-11
0.0482584	6.70575e-11
0.048741	7.07797e-11
0.0492284	7.66686e-11
0.0497207	6.71988e-11
0.0502179	7.29279e-11
0.0507201	7.83386e-11
0.0512273	6.78725e-11
0.0517396	6.17907e-11
0.052257	6.78137e-11
0.0527795	6.66596e-11
0.0533073	9.71055e-11
0.0538404	6.48125e-11
0.0543788	6.03602e-11
0.0549226	6.14563e-11
0.0554718	7.01863e-11
0.0560265	5.7359e-11
0.0565868	8.26533e-11
0.0571527	6.67265e-11
0.0577242	5.78124e-11
0.0583014	5.45147e-11
0.0588844	5.62234e-11
0.0594733	6.46608e-11
0.060068	7.71494e-11
0.0606687	5.27265e-11
0.0612754	6.05561e-11
0.0618881	6.67974e-11
0.062507	5.05762e-11
0.0631321	5.31021e-11
0.0637634	5.31958e-11
0.0644011	7.51951e-11
0.0650451	5.08564e-11
0.0656955	5.49139e-11
0.0663525	4.88913e-11
0.067016	4.8257e-11
0.0676862	4.66109e-11
0.068363	4.78156e-11
0.0690466	5.58942e-11
0.0697371	4.66959e-11
0.0704345	6.37543e-11
0.0711388	5.29326e-11
0.0718502	6.26033e-11
0.0725687	4.74427e-11
0.0732944	4.46569e-11
0.0740273	5.55455e-11
0.0747676	6.87144e-11
0.0755153	5.9014e-11
0.0762705	7.04908e-11
0.0770332	4.07576e-11
0.0778035	4.91398e-11
0.0785815	5.32668e-11
0.0793673	4.57627e-11
0.080161	6.19503e-11
0.0809626	4.04995e-11
0.0817722	4.14046e-11
0.08259	4.28684e-11
0.0834159	3.90422e-11
0.08425	4.58357e-11
0.0850925	3.88918e-11
0.0859435	3.79806e-11
0.0868029	3.73534e-11
0.0876709	4.99677e-11
0.0885476	3.94309e-11
0.0894331	3.64307e-11
0.0903274	4.93837e-11
0.0912307	3.60028e-11
0.092143	3.66967e-11
0.0930644	3.62683e-11
0.0939951	4.71392e-11
0.094935	3.49548e-11
0.0958844	3.80915e-11
0.0968432	4.7722e-11
0.0978117	3.68268e-11
0.0987898	4.15588e-11
0.0997777	3.31581e-11
0.100775	3.70202e-11
0.101783	3.53003e-11
0.102801	3.13886e-11
0.103829	3.14863e-11
0.104867	3.37536e-11
0.105916	3.18644e-11
0.106975	3.09086e-11
0.108045	3.35831e-11
0.109125	2.98834e-11
0.110217	3.3351e-11
0.111319	2.86208e-11
0.112432	2.8774e-11
0.113556	4.26167e-11
0.114692	3.35269e-11
0.115839	2.78663e-11
0.116997	2.78085e-11
0.118167	3.13237e-11
0.119349	3.17657e-11
0.120542	2.97924e-11
0.121748	3.05223e-11
0.122965	2.60567e-11
0.124195	2.65311e-11
0.125437	3.97239e-11
0.126691	3.9648e-11
0.127958	2.55379e-11
0.129238	3.40302e-11
0.13053	2.67835e-11
0.131835	4.02643e-11
0.133154	2.77337e-11
0.134485	2.45747e-11
0.13583	2.64534e-11
0.137188	2.73016e-11
0.13856	2.37029e-11
0.139946	2.33507e-11
0.141345	2.28652e-11
0.142759	3.04774e-11
0.144186	2.26385e-11
0.145628	2.23017e-11
0.147085	2.23813e-11
0.148555	2.97553e-11
0.150041	2.18566e-11
0.151541	2.10604e-11
0.153057	2.14622e-11
0.154587	2.70262e-11
0.156133	2.26656e-11
0.157695	2.22125e-11
0.159271	2.03801e-11
0.160864	2.7825e-11
0.162473	2.76701e-11
0.164098	2.22619e-11
0.165739	2.1664e-11
0.167396	2.6491e-11
0.16907	2.87036e-11
0.170761	2.1493e-11
0.172468	2.18653e-11
0.174193	2.62408e-11
0.175935	2.17901e-11
0.177694	1.81981e-11
0.179471	1.88694e-11
0.181266	2.00951e-11
0.183078	1.95828e-11
0.184909	1.73216e-11
0.186758	1.69531e-11
0.188626	1.75457e-11
0.190512	2.36497e-11
0.192417	1.9306e-11
0.194341	1.92362e-11
0.196285	1.86588e-11
0.198248	1.85795e-11
0.20023	1.8509e-11
0.202232	1.56235e-11
0.204255	1.56996e-11
0.206297	2.02693e-11
0.20836	1.85578e-11
0.210444	1.69577e-11
0.212548	2.29055e-11
0.214674	1.57999e-11
0.216821	1.68284e-11
0.218989	1.53728e-11
0.221179	1.75717e-11
0.22339	1.44576e-11
0.225624	1.41218e-11
0.227881	1.4966e-11
0.230159	1.85702e-11
0.232461	1.52736e-11
0.234786	1.41018e-11
0.237134	1.64902e-11
0.239505	1.38044e-11
0.2419	1.33031e-11
0.244319	1.94816e-11
0.246762	1.35281e-11
0.24923	1.56374e-11
0.251722	1.45871e-11
0.254239	1.29492e-11
0.256782	2.28995e-11
0.259349	1.26806e-11
0.261943	1.23645e-11
0.264562	1.84251e-11
0.267208	1.22344e-11
0.26988	2.0008e-11
0.272579	1.70962e-11
0.275305	1.18536e-11
0.278058	1.16692e-11
0.280838	1.10514e-11
0.283647	1.49404e-11
0.286483	1.13761e-11
0.289348	2.01757e-11
0.292241	1.15923e-11
0.295164	1.07318e-11
0.298115	1.24356e-11
0.301097	1.08242e-11
0.304108	1.27969e-11
0.307149	1.91085e-11
0.31022	1.27061e-11
0.313322	1.31098e-11
0.316456	1.15988e-11
0.31962	1.01481e-11
0.322816	1.08811e-11
0.326045	1.00031e-11
0.329305	1.15791e-11
0.332598	9.53187e-12
0.335924	1.10218e-11
0.339283	1.09736e-11
0.342676	1.05572e-11
0.346103	9.73576e-12
0.349564	9.51892e-12
0.353059	9.81072e-12
0.35659	8.72685e-12
0.360156	1.1113e-11
0.363758	9.06901e-12
0.367395	8.93387e-12
0.371069	1.10566e-11
0.37478	1.04336e-11
0.378528	9.61081e-12
0.382313	9.81467e-12
0.386136	8.36938e-12
0.389997	9.10716e-12
0.393897	8.02478e-12
0.397836	9.17179e-12
0.401815	8.12985e-12
0.405833	8.11881e-12
0.409891	1.01325e-11
0.41399	8.6184e-12
0.41813	7.57402e-12
0.422311	8.21318e-12
0.426534	7.92147e-12
0.4308	7.67153e-12
0.435108	7.54468e-12
0.439459	8.41558e-12
0.443853	7.404e-12
0.448292	1.04902e-11
0.452775	7.69864e-12
0.457303	9.33572e-12
0.461876	8.03041e-12
0.466494	7.04721e-12
0.471159	6.92651e-12
0.475871	7.22048e-12
0.48063	7.6716e-12
0.485436	7.91063e-12
0.49029	6.86559e-12
0.495193	1.28286e-11
0.500145	6.6362e-12
0.505146	6.33263e-12
0.510198	6.72394e-12
0.5153	6.29495e-12
0.520453	8.53025e-12
0.525657	6.66774e-12
0.530914	9.96167e-12
0.536223	5.96673e-12
0.541585	5.7957e-12
0.547001	5.99013e-12
0.552471	8.90009e-12
0.557996	6.61771e-12
0.563576	5.80161e-12
0.569212	9.297e-12
0.574904	6.51102e-12
0.580653	5.95983e-12
0.586459	5.49483e-12
0.592324	6.87931e-12
0.598247	5.12776e-12
0.60423	6.02589e-12
0.610272	6.02731e-12
0.616375	6.01416e-12
0.622538	5.29216e-12
0.628764	5.27718e-12
0.635051	5.47932e-12
0.641402	6.24406e-12
0.647816	4.85201e-12
0.654294	6.18859e-12
0.660837	4.85377e-12
0.667445	6.05015e-12
0.67412	4.86253e-12
0.680861	5.63316e-12
0.68767	5.07361e-12
0.694546	5.68977e-12
0.701492	4.64155e-12
0.708507	5.52839e-12
0.715592	6.53386e-12
0.722748	4.59167e-12
0.729975	5.54701e-12
0.735599	5.47816e-12
0.761075	5.97157e-12
0.786415	4.89183e-12
0.811677	4.84659e-12
0.836868	4.47188e-12
0.861995	4.28897e-12
0.886817	3.63259e-12
0.912154	3.63936e-12
0.936806	3.86814e-12
0.961955	3.15389e-12
0.986829	3.50312e-12
1.01145	3.06023e-12
1.03618	4.24275e-12
1.06068	3.36167e-12
1.08529	3.54803e-12
1.10968	3.61387e-12
1.13419	3.96792e-12
1.15849	3.01848e-12
1.18259	3.74319e-12
1.20652	2.64461e-12
1.23056	3.76023e-12
1.25444	3.76686e-12
1.27787	3.422e-12
1.30143	2.33395e-12
1.32512	2.97334e-12
1.34839	3.20322e-12
1.3718	2.43355e-12
1.39481	2.10929e-12
1.41796	2.67251e-12
1.44074	2.14193e-12
1.46365	2.25833e-12
1.48646	2.99227e-12
1.50893	1.86761e-12
1.53153	3.04417e-12
1.55404	2.85189e-12
1.57623	2.451e-12
1.59856	1.67954e-12
1.62081	2.37376e-12
1.64298	1.99432e-12
1.66485	1.57376e-12
1.68687	2.22193e-12
1.7086	1.85095e-12
1.73048	2.47889e-12
1.75209	1.4818e-12
1.77384	1.73091e-12
1.79533	2.00929e-12
1.81676	1.31017e-12
1.83833	1.48966e-12
1.85966	1.64988e-12
1.88094	1.46995e-12
1.90216	1.22214e-12
1.92335	1.64993e-12
1.94448	1.60135e-12
1.96558	1.67212e-12
1.98663	1.37383e-12
2.00746	1.08842e-12
2.02826	2.33424e-12
2.04919	1.70049e-12
2.06992	1.57476e-12
2.09079	1.0592e-12
2.11145	1.32125e-12
2.13208	9.61472e-13
2.15268	9.5295e-13
2.17325	9.73192e-13
2.19363	1.26297e-12
2.21415	9.20278e-13
2.23464	9.089e-13
2.25494	9.3502e-13
2.27522	8.90543e-13
2.29564	1.10848e-12
2.31588	1.14269e-12
2.3361	9.02613e-13
2.3563	1.15206e-12
2.37632	1.47402e-12
2.39634	8.09116e-13
2.41648	8.01641e-13
2.43646	8.09148e-13
2.45642	8.0089e-13
2.47637	1.24379e-12
2.4963	8.12565e-13
2.51622	8.29831e-13
2.53612	9.66512e-13
2.55587	1.00626e-12
2.57575	1.08347e-12
2.59548	7.13666e-13
2.6152	7.10576e-13
2.6349	9.43372e-13
2.6546	6.44753e-13
2.67429	6.78549e-13
2.69383	8.16061e-13
2.7139	7.61774e-13
2.73249	1.219e-12
2.75228	8.89695e-13
2.77193	6.71203e-13
2.79143	6.3091e-13
2.8108	6.49468e-13
2.83004	7.85319e-13
2.85042	5.9209e-13
2.8694	7.89415e-13
2.88825	6.4994e-13
2.90822	7.10993e-13
2.92681	5.75424e-13
2.94652	6.79539e-13
2.9661	6.92801e-13
2.98555	7.38223e-13
3.00367	6.39954e-13
3.02288	6.4642e-13
3.04316	7.15488e-13
3.06212	5.95181e-13
3.08096	5.46344e-13
3.09969	5.53946e-13
3.11947	6.46269e-13
3.13797	4.82411e-13
3.1575	5.76262e-13
3.17692	7.01647e-13
3.19509	5.15501e-13
3.21428	5.22858e-13
3.23335	5.29138e-13
3.25232	5.17692e-13
3.27117	4.97309e-13
3.28992	4.88921e-13
3.30965	6.13864e-13
3.32818	7.41884e-13
3.34661	4.66949e-13
3.36601	5.61576e-13
3.38423	4.21367e-13
3.40342	4.42669e-13
3.42249	4.71534e-13
3.44147	5.29329e-13
3.46034	5.24041e-13
3.4791	4.70835e-13
3.49777	4.41521e-13
3.51634	4.62836e-13
3.53481	7.10864e-13
3.5542	4.91379e-13
3.57247	5.15968e-13
3.59166	6.9282e-13
3.60974	4.7521e-13
3.62873	4.63777e-13
3.64763	5.8288e-13
3.66642	6.6965e-13
3.68512	4.03114e-13
3.70372	4.18209e-13
3.72223	4.47588e-13
3.74065	3.75418e-13
3.75898	3.72591e-13
3.77722	4.38261e-13
3.79633	4.01648e-13
3.81439	5.30063e-13
3.83331	3.87455e-13
3.85214	4.42093e-13
3.87088	3.78845e-13
3.88859	3.36045e-13
3.90715	3.54409e-13
3.92563	5.07593e-13
3.94493	3.95362e-13
3.96323	3.60375e-13
3.98144	3.28659e-13
4.00048	4.31745e-13
4.01852	4.05083e-13
4.03738	4.23708e-13
4.05526	3.16769e-13
4.07395	3.3241e-13
4.09256	3.2579e-13
4.11108	3.20303e-13
4.12952	4.44999e-13
4.14787	3.23726e-13
4.16615	3.5503e-13
4.18434	3.35388e-13
4.20246	3.36127e-13
4.22135	3.15885e-13
4.23931	3.38205e-13
4.25804	3.25244e-13
4.27669	3.08306e-13
4.29442	2.9383e-13
4.31291	3.18177e-13
4.33132	2.80828e-13
4.34966	2.9821e-13
4.36792	2.94524e-13
4.3861	3.55598e-13
4.40503	3.24415e-13
4.42306	2.81947e-13
4.44102	5.47968e-13
4.45971	3.15417e-13
4.47752	3.32678e-13
4.49607	2.93671e-13
4.51453	3.20731e-13
4.53293	3.24962e-13
4.55124	3.17585e-13
4.56949	2.91287e-13
4.58766	2.97424e-13
4.60576	3.281e-13
4.62379	2.8521e-13
4.64253	2.6955e-13
4.66042	2.82748e-13
4.67901	2.49462e-13
4.69753	3.06383e-13
4.71521	3.08193e-13
4.73358	2.83212e-13
4.75189	2.65443e-13
4.77012	2.86467e-13
4.78829	3.50999e-13
4.80639	3.68248e-13
4.82517	3.16451e-13
4.84313	2.65803e-13
4.86102	2.6257e-13
4.87959	3.13613e-13
4.89735	2.94399e-13
4.91578	2.41751e-13
4.93415	2.30682e-13
4.95244	2.2777e-13
4.97067	2.57344e-13
4.98883	2.99356e-13
5.00692	2.36034e-13
5.02495	2.42324e-13
5.04364	2.65976e-13
5.06154	2.77916e-13
5.08008	2.20104e-13
5.09786	2.37027e-13
5.11627	2.81782e-13
5.13462	2.3425e-13
5.15221	2.62678e-13
5.17043	2.17361e-13
5.18929	2.72059e-13
5.20738	2.43568e-13
5.22541	2.61129e-13
5.24338	2.65513e-13
5.26197	2.53218e-13
5.27982	2.36865e-13
5.29828	2.55486e-13
5.31601	2.39168e-13
5.33435	2.62167e-13
5.35263	3.85168e-13
5.37084	2.44303e-13
5.389	2.00357e-13
5.40709	2.65486e-13
5.42513	2.72839e-13
5.44376	2.22103e-13
5.46168	2.13168e-13
5.47953	2.13807e-13
5.49799	2.27732e-13
5.51638	1.96211e-13
5.53471	2.23041e-13
5.55233	2.10041e-13
5.57054	2.11116e-13
5.58869	2.10381e-13
5.60743	2.03185e-13
5.62547	2.07422e-13
5.64345	1.99425e-13
5.66201	2.25445e-13
5.67987	2.03986e-13
5.69831	1.86166e-13
5.71669	2.55925e-13
5.73438	2.00219e-13
5.75264	1.79534e-13
5.77085	1.94498e-13
5.789	1.94792e-13
5.8071	2.02201e-13
5.82575	2.10438e-13
5.84373	1.88379e-13
5.86227	2.09682e-13
5.88014	1.77236e-13
5.89857	1.95199e-13
5.91633	2.05195e-13
5.93464	1.93289e-13
5.9529	2.04593e-13
5.97111	1.98913e-13
5.98925	1.90682e-13
6.00795	1.70898e-13
6.02598	1.6886e-13
6.04397	1.79804e-13
6.06249	1.97119e-13
6.08096	1.94589e-13
6.09878	2.062e-13
6.11714	2.56614e-13
6.13545	1.94551e-13
6.1537	1.69907e-13
6.1719	1.68579e-13
6.19004	1.74873e-13
6.20871	1.73707e-13
6.22675	2.53994e-13
6.24473	1.61547e-13
6.26324	1.64008e-13
6.2817	2.2188e-13
6.29952	1.67904e-13
6.31787	2.04678e-13
6.33617	1.67688e-13
6.35441	2.05197e-13
6.37317	1.61303e-13
6.39131	1.96443e-13
6.4094	1.98995e-13
6.42799	1.53002e-13
6.44598	2.08384e-13
6.46447	1.68824e-13
6.48291	1.88872e-13
6.5013	1.72486e-13
6.51964	1.61289e-13
6.53792	1.47401e-13
6.55615	1.62422e-13
6.57434	1.57252e-13
6.59247	1.61453e-13
6.6111	1.78808e-13
6.62913	1.77645e-13
6.64766	2.11991e-13
6.66614	1.60542e-13
6.68456	1.65952e-13
6.70294	1.72175e-13
6.72126	1.3954e-13
6.73954	1.66603e-13
6.75776	1.69725e-13
6.77647	1.81744e-13
6.7946	1.5038e-13
6.81321	1.61434e-13
6.83176	1.65006e-13
6.84974	1.55899e-13
6.8682	1.39263e-13
6.88661	1.77791e-13
6.90497	1.74598e-13
6.92329	1.54781e-13
6.94207	1.54967e-13
6.96029	1.60144e-13
6.97897	1.66494e-13
6.99709	1.46572e-13
7.01568	1.32937e-13
7.03422	1.57444e-13
7.05271	1.59131e-13
7.07115	1.43092e-13
7.08954	1.47748e-13
7.10789	1.54248e-13
7.12669	1.60907e-13
7.14494	1.62356e-13
7.16365	1.63605e-13
7.18181	1.45094e-13
7.20042	1.63324e-13
7.21898	1.50672e-13
7.2375	1.58039e-13
7.25597	1.47213e-13
7.27439	1.54845e-13
7.29327	1.49996e-13
7.3116	1.45274e-13
7.33037	1.40549e-13
7.3491	1.32523e-13
7.36729	1.38685e-13
7.38593	1.42661e-13
7.40452	1.2925e-13
7.42306	1.63575e-13
7.44204	1.28812e-13
7.46049	1.39055e-13
7.47889	1.36543e-13
7.49773	1.37745e-13
7.51604	1.41447e-13
7.53479	1.27033e-13
7.55349	1.49809e-13
7.57215	1.36927e-13
7.59076	1.30275e-13
7.60932	1.329e-13
7.62831	1.46985e-13
7.64678	1.33713e-13
7.66521	1.34035e-13
7.68407	1.22028e-13
7.70287	1.33272e-13
7.72164	1.33017e-13
7.74035	1.69471e-13
7.75902	1.33406e-13
7.77765	1.28464e-13
7.79623	1.47376e-13
7.81524	1.32391e-13
7.83373	1.23579e-13
7.85264	1.30367e-13
7.8715	1.21223e-13
7.88987	1.22478e-13
7.90864	1.30974e-13
7.92783	1.24593e-13
7.94652	1.15862e-13
7.96516	1.27947e-13
7.98421	1.20083e-13
8.00277	1.26406e-13
8.02173	1.1888e-13
8.04065	1.37026e-13
8.05907	1.22724e-13
8.0779	1.25316e-13
8.09714	1.27332e-13
8.11588	1.24486e-13
8.13458	1.21865e-13
8.15368	1.12257e-13
8.17229	1.1065e-13
8.1913	1.24849e-13
8.21027	1.1204e-13
8.22919	1.41854e-13
8.24807	1.12876e-13
8.26691	1.37078e-13
8.28571	1.08574e-13
8.3049	1.05704e-13
8.3236	1.27919e-13
8.34271	1.31561e-13
8.36176	1.15707e-13
8.38078	1.1627e-13
8.39975	1.13981e-13
8.41868	1.21149e-13
8.43756	1.19986e-13
8.45683	1.14152e-13
8.47563	1.56963e-13
8.49482	1.16735e-13
8.51438	1.09872e-13
8.53136	1.16004e-13
8.55254	1.15583e-13
8.56944	1.13565e-13
8.59052	1.23724e-13
8.60735	1.13856e-13
8.62834	1.17112e-13
8.64927	1.12985e-13
8.66599	1.21132e-13
8.68683	1.09322e-13
8.70348	1.05364e-13
8.72423	1.241e-13
8.74494	1.13431e-13
8.76147	1.34298e-13
8.78209	1.20345e-13
8.79855	1.07513e-13
8.81909	1.14988e-13
8.83957	1.03618e-13
8.86001	9.85775e-14
8.87633	1.60004e-13
8.89668	1.0873e-13
8.91699	1.15206e-13
8.9332	1.04457e-13
8.95343	1.15306e-13
8.97361	9.84349e-14
8.99374	1.10941e-13
9.01383	1.06175e-13
9.02987	1.1135e-13
9.04988	1.17305e-13
9.06984	9.71887e-14
9.08976	9.54011e-14
9.10964	1.10298e-13
9.12947	1.19613e-13
9.14926	1.16004e-13
9.16506	1.07409e-13
9.18478	9.90673e-14
9.20445	1.09477e-13
9.22408	1.05376e-13
9.24367	1.04241e-13
9.26321	9.84491e-14
9.28272	9.63291e-14
9.30218	1.02671e-13
9.32161	1.07178e-13
9.34099	1.06976e-13
9.36034	1.14328e-13
9.37964	1.24561e-13
9.3989	1.17821e-13
9.41813	1.06074e-13
9.43731	9.57809e-14
9.46029	1.10877e-13
9.47939	1.02305e-13
9.49845	1.02921e-13
9.51747	1.02384e-13
9.53646	1.03744e-13
9.5554	1.10425e-13
9.57431	9.92233e-14
9.59696	9.60625e-14
9.61579	9.23441e-14
9.63458	9.96261e-14
9.65333	1.24046e-13
9.67579	9.6479e-14
9.69447	8.78989e-14
9.71311	9.39248e-14
9.73171	9.56057e-14
9.75399	1.25737e-13
9.77252	1.04059e-13
9.79101	9.79583e-14
9.81315	8.65155e-14
9.83156	9.74179e-14
9.84994	1.00505e-13
9.87196	9.26815e-14
9.89026	8.47121e-14
9.91218	9.78464e-14
9.93041	9.82398e-14
9.94861	9.76879e-14
9.9704	8.94424e-14
9.98853	9.03935e-14
10.0102	9.81885e-14
10.0283	8.52813e-14
10.0499	8.47813e-14
10.0679	1.03247e-13
10.0894	1.00832e-13
10.1109	9.5169e-14
10.1288	9.08717e-14
10.1502	1.02153e-13
10.168	9.13711e-14
10.1893	9.7921e-14
10.2106	9.99099e-14
10.2283	8.39933e-14
10.2495	8.88777e-14
10.2707	1.01582e-13
10.2883	8.68271e-14
10.3093	9.35802e-14
10.3304	9.28467e-14
10.3479	8.48005e-14
10.3688	1.02724e-13
10.3897	9.12977e-14
10.4106	8.88589e-14
10.4279	8.71233e-14
10.4487	8.22432e-14
10.4695	8.6651e-14
10.4902	8.57381e-14
10.5109	8.25033e-14
10.5315	8.51849e-14
10.5521	1.11548e-13
10.5692	8.76279e-14
10.5897	8.43081e-14
10.6102	8.08174e-14
10.6307	9.09124e-14
10.651	1.03179e-13
10.6714	8.65646e-14
10.6917	9.65318e-14
10.712	9.09426e-14
10.7323	9.08005e-14
10.7525	8.19372e-14
10.7726	7.79977e-14
10.7928	8.47352e-14
10.8128	8.01002e-14
10.8363	9.1555e-14
10.8555	8.43511e-14
10.8747	9.54505e-14
10.8972	8.3207e-14
10.9163	8.91075e-14
10.9386	7.6569e-14
10.9609	9.58844e-14
10.9831	9.87211e-14
11.002	8.18814e-14
11.0241	7.59998e-14
11.0461	8.47283e-14
11.0682	9.27729e-14
11.0902	8.5873e-14
11.1121	7.73337e-14
11.1341	7.4083e-14
11.1559	8.09192e-14
11.1777	7.82119e-14
11.1995	7.93704e-14
11.2212	8.08313e-14
11.2462	8.32176e-14
11.2678	7.85725e-14
11.2894	7.7283e-14
11.3142	8.54863e-14
11.3357	7.91025e-14
11.3603	7.34539e-14
11.3817	8.5669e-14
11.4063	8.68981e-14
11.4276	8.59796e-14
11.4521	9.55296e-14
11.4764	8.20824e-14
11.4977	8.38034e-14
11.5219	8.06736e-14
11.5462	8.20459e-14
11.5703	8.10304e-14
11.5945	7.60987e-14
11.6186	7.62617e-14
11.6426	7.98106e-14
11.6666	7.85746e-14
11.6905	7.78638e-14
11.7144	8.22594e-14
11.7382	8.61529e-14
11.762	7.74847e-14
11.7888	7.47161e-14
11.8124	8.4011e-14
11.836	8.1407e-14
11.8627	8.11544e-14
11.8862	9.65248e-14
11.9127	7.59802e-14
11.9361	7.68642e-14
11.9625	7.88229e-14
11.9858	7.77452e-14
12.0121	7.54804e-14
12.0383	8.76482e-14
12.0645	7.71217e-14
12.0877	8.21202e-14
12.1137	7.36727e-14
12.1397	7.11039e-14
12.1656	7.32827e-14
12.1915	7.78292e-14
12.2174	7.48347e-14
12.2431	7.8213e-14
12.2689	7.53338e-14
12.2975	8.50841e-14
12.3231	7.85236e-14
12.3487	7.17857e-14
12.3742	6.9213e-14
12.4026	8.19567e-14
12.428	8.76423e-14
12.4562	7.50796e-14
12.4815	7.93838e-14
12.5095	7.68082e-14
12.5348	7.62041e-14
12.5628	7.63928e-14
12.5879	9.41825e-14
12.6158	8.21107e-14
12.6436	8.12318e-14
12.6714	7.17282e-14
12.699	7.41654e-14
12.7267	7.19561e-14
12.7543	7.32388e-14
12.7819	7.49463e-14
12.8093	9.49375e-14
12.8368	7.49327e-14
12.8641	8.18892e-14
12.8915	8.10398e-14
12.9187	6.98417e-14
12.9487	7.26713e-14
12.9758	7.37249e-14
13.0057	6.93908e-14
13.0328	7.50936e-14
13.0625	7.56066e-14
13.0895	8.33477e-14
13.1191	7.73109e-14
13.1459	7.15175e-14
13.1755	7.58262e-14
13.2049	7.24769e-14
13.2343	7.84196e-14
13.2637	6.96063e-14
13.2902	7.75019e-14
13.3195	7.52441e-14
13.3486	7.28904e-14
13.3804	7.69576e-14
13.4095	7.04029e-14
13.4384	7.55479e-14
13.4674	6.53276e-14
13.4963	7.77205e-14
13.5277	6.61939e-14
13.5565	6.66004e-14
13.5878	7.41225e-14
13.6164	7.3251e-14
13.6477	7.28836e-14
13.6762	7.08124e-14
13.7073	7.10994e-14
13.7384	7.21643e-14
13.7693	7.88234e-14
13.7976	7.49308e-14
13.8284	6.95005e-14
13.8593	7.76736e-14
13.8899	8.09583e-14
13.9232	7.28498e-14
13.9537	7.75728e-14
13.9843	7.67341e-14
14.0147	6.92813e-14
14.0451	7.37949e-14
14.078	6.88202e-14
14.1083	7.16455e-14
14.141	7.89026e-14
14.1711	6.44839e-14
14.2038	6.87151e-14
14.2363	6.84194e-14
14.2688	7.55191e-14
14.2987	7.0299e-14
14.331	6.60797e-14
14.3632	7.34001e-14
14.3954	6.69737e-14
14.4276	7.7956e-14
14.4621	7.08941e-14
14.4941	7.61448e-14
14.526	6.63002e-14
14.5578	7.89853e-14
14.5921	7.32378e-14
14.6238	6.82766e-14
14.6579	6.88506e-14
14.6895	6.66927e-14
14.7234	6.82487e-14
14.7573	7.99605e-14
14.791	6.2588e-14
14.8248	7.18103e-14
14.856	7.46372e-14
14.8896	7.27195e-14
14.9255	7.85129e-14
14.9589	7.5e-14
14.9922	6.67052e-14
15.0256	6.73418e-14
15.0611	6.51432e-14
15.0942	6.48431e-14
15.1297	6.97077e-14
15.1626	6.92799e-14
15.1979	6.35902e-14
15.2331	6.61229e-14
15.2659	5.98131e-14
15.3009	6.99883e-14
15.3358	7.58626e-14
15.3707	7.2769e-14
15.4078	6.41829e-14
15.4425	6.46386e-14
15.4771	7.53413e-14
15.5117	8.07461e-14
15.5485	6.38209e-14
15.5829	6.48073e-14
15.6195	6.20881e-14
15.6537	7.2923e-14
15.6902	6.60475e-14
15.7265	7.55926e-14
15.7628	7.27414e-14
15.799	6.38378e-14
15.8351	6.21404e-14
15.8711	6.76372e-14
15.9071	6.53031e-14
15.9452	6.12753e-14
15.981	7.11531e-14
16.0189	6.6231e-14
16.0545	6.26801e-14
16.0923	6.62681e-14
16.1278	6.53622e-14
16.1653	6.96313e-14
16.2028	6.21574e-14
16.2403	6.84565e-14
16.2775	6.30975e-14
16.3148	6.26586e-14
16.3542	6.51207e-14
16.3912	6.10258e-14
16.4281	6.32914e-14
16.4673	6.189e-14
16.5062	6.83157e-14
16.5429	6.92193e-14
16.5818	6.4274e-14
16.6205	6.11798e-14
16.659	6.88602e-14
16.6976	6.64804e-14
16.736	6.93026e-14
16.7744	6.65238e-14
16.8148	6.55252e-14
16.8529	6.27385e-14
16.8931	7.12074e-14
16.9311	7.11799e-14
16.9711	6.2498e-14
17.011	6.40343e-14
17.0508	6.77411e-14
17.0907	6.66672e-14
17.1302	5.84822e-14
17.1698	5.72661e-14
17.2092	6.95085e-14
17.2507	6.03407e-14
17.2899	6.38569e-14
17.3311	7.05743e-14
17.3702	6.10929e-14
17.4112	7.10871e-14
17.4522	6.87145e-14
17.4931	5.91627e-14
17.5339	6.93294e-14
17.5765	6.45338e-14
17.617	6.36646e-14
17.6575	7.14787e-14
17.6999	6.45753e-14
17.7403	5.95287e-14
17.7824	5.85577e-14
17.8245	6.10144e-14
17.8665	6.56653e-14
17.9084	6.27611e-14
17.9501	5.95748e-14
17.9938	5.74903e-14
18.0354	5.91266e-14
18.0789	7.38062e-14
18.1203	6.09256e-14
18.1635	5.8226e-14
18.2067	6.55476e-14
18.2497	5.95305e-14
18.2927	6.21099e-14
18.3356	5.9004e-14
18.3783	6.36689e-14
18.423	6.41873e-14
18.4656	6.53943e-14
18.51	6.07222e-14
18.5542	5.53584e-14
18.5965	6.47787e-14
18.6406	6.76878e-14
18.6864	6.30201e-14
18.7303	6.57511e-14
18.774	5.61349e-14
18.8195	6.29888e-14
18.863	6.81795e-14
18.9084	6.24136e-14
18.9536	7.12852e-14
18.9987	6.00386e-14
19.0437	6.27777e-14
19.0886	6.08904e-14
19.1353	6.47352e-14
19.18	5.76262e-14
19.2264	6.1326e-14
19.2728	5.73542e-14
19.3171	5.99455e-14
19.3633	6.56174e-14
19.4111	5.85628e-14
19.457	6.11699e-14
19.5027	5.72811e-14
19.5502	6.25482e-14
19.5976	5.80655e-14
19.643	5.59244e-14
19.6902	5.68871e-14
19.7372	5.33766e-14
19.786	6.82089e-14
19.8327	5.89751e-14
19.8812	5.88136e-14
19.9278	6.26993e-14
19.9761	6.74642e-14
20.0243	5.7909e-14
20.0723	5.83918e-14
20.1202	5.61465e-14
20.1679	6.11191e-14
20.2174	6.02314e-14
20.265	5.68073e-14
20.3142	5.31786e-14
20.3633	6.29114e-14
20.4123	6.19557e-14
20.4612	5.94613e-14
20.5116	5.63705e-14
20.5602	5.36811e-14
20.6105	5.99201e-14
20.6606	6.40109e-14
20.7106	5.5591e-14
20.7605	6.6577e-14
20.8102	5.98458e-14
20.8615	5.56944e-14
20.911	6.34915e-14
20.9622	6.40235e-14
21.0132	6.54582e-14
21.0639	5.93242e-14
21.1147	5.91836e-14
21.167	5.8627e-14
21.2174	5.55467e-14
21.2695	5.58967e-14
21.3215	5.73289e-14
21.3731	6.4618e-14
21.4248	5.82677e-14
21.4763	5.79076e-14
21.5294	5.55485e-14
21.5824	5.78925e-14
21.6351	5.78251e-14
21.6878	5.98292e-14
21.7403	5.89202e-14
21.7928	5.57253e-14
21.8467	5.50251e-14
21.8988	5.43781e-14
21.9525	5.80739e-14
22.0077	5.49443e-14
22.0611	5.21195e-14
22.1142	5.47111e-14
22.169	5.96852e-14
22.2237	5.9058e-14
22.2782	5.51982e-14
22.3325	5.39216e-14
22.3866	5.3547e-14
22.4423	5.96434e-14
22.4963	5.39965e-14
22.5517	5.57694e-14
22.6086	6.31561e-14
22.6636	5.74147e-14
22.7186	5.24161e-14
22.7751	5.71202e-14
22.8314	5.42574e-14
22.8874	5.44768e-14
22.9434	5.87076e-14
23.0009	6.03891e-14
23.0567	6.05203e-14
23.1137	5.44403e-14
23.1707	5.23034e-14
23.2276	5.43121e-14
23.2858	5.9579e-14
23.3425	5.35133e-14
23.4003	5.79069e-14
23.4582	5.40719e-14
23.5159	5.08228e-14
23.5749	6.03227e-14
23.6338	5.6873e-14
23.691	5.9465e-14
23.7511	5.77523e-14
23.8096	5.99741e-14
23.8678	5.32587e-14
23.9276	6.27702e-14
23.9871	5.10923e-14
24.0465	5.46142e-14
24.1056	5.63817e-14
24.1661	5.93751e-14
24.2266	5.70602e-14
24.2869	5.76271e-14
24.3468	5.41777e-14
24.4083	5.39361e-14
24.4681	5.52004e-14
24.5293	5.33008e-14
24.5902	5.10644e-14
24.6524	5.53785e-14
24.713	5.53003e-14
24.775	5.97123e-14
24.8368	5.21881e-14
24.8998	5.12487e-14
24.9613	5.63923e-14
25.024	5.32363e-14
25.0866	5.12426e-14
25.1489	5.40612e-14
25.2127	4.95598e-14
25.2763	5.22335e-14
25.3383	5.52626e-14
25.4027	5.3862e-14
25.4658	5.62811e-14
25.5302	5.59978e-14
25.5944	5.55974e-14
25.6583	5.67584e-14
25.7234	5.47994e-14
25.7885	5.90942e-14
25.8534	4.9811e-14
25.9181	4.99024e-14
25.9825	5.01242e-14
26.0483	4.89919e-14
26.1139	5.85664e-14
26.1808	5.67709e-14
26.2459	5.36146e-14
26.3124	5.29859e-14
26.3787	5.29036e-14
26.4462	5.49892e-14
26.5121	5.82697e-14
26.5792	5.3303e-14
26.6462	5.70919e-14
26.7143	5.4829e-14
26.7808	5.37118e-14
26.8472	5.73795e-14
26.9136	5.11889e-14
26.9797	5.30631e-14
27.0587	5.04391e-14
27.1245	5.23709e-14
27.1902	4.94149e-14
27.2557	5.505e-14
27.334	5.27915e-14
27.399	5.40128e-14
27.464	4.92197e-14
27.5417	5.223e-14
27.6064	6.19285e-14
27.6836	4.89911e-14
27.7479	5.61812e-14
27.8249	5.30449e-14
27.8888	5.0666e-14
27.9654	5.31329e-14
28.029	5.10428e-14
28.1052	5.51804e-14
28.1812	5.2874e-14
28.2442	4.92501e-14
28.3198	4.45348e-14
28.3953	4.95856e-14
28.4705	4.5894e-14
28.5453	5.10858e-14
28.6077	4.98926e-14
28.6823	4.56642e-14
28.7568	5.25799e-14
28.8311	5.65808e-14
28.905	5.47756e-14
28.9789	4.6479e-14
29.0526	5.12184e-14
29.1262	5.41824e-14
29.2115	5.04383e-14
29.2846	5.03461e-14
29.3575	4.79628e-14
29.4303	4.75264e-14
29.5027	5.35455e-14
29.5872	5.80804e-14
29.6594	5.05705e-14
29.7314	5.07895e-14
29.815	4.96503e-14
29.8866	5.09695e-14
29.97	4.80112e-14
30.0413	4.94118e-14
30.124	5.13514e-14
30.1949	5.05776e-14
30.2774	4.73043e-14
30.3598	4.7855e-14
30.4299	4.82952e-14
30.5118	4.90878e-14
30.5934	4.75697e-14
30.6748	5.12293e-14
30.7561	4.86863e-14
30.8254	4.92989e-14
30.9062	4.90935e-14
30.9868	4.98602e-14
31.0672	4.76193e-14
31.1472	4.52153e-14
31.2387	5.06547e-14
31.3184	4.61809e-14
31.3979	5.09493e-14
31.4771	5.78512e-14
31.5562	4.46151e-14
31.6464	4.89547e-14
31.7252	5.13013e-14
31.8036	4.84782e-14
31.8931	4.66553e-14
31.9712	4.62033e-14
32.0602	4.69032e-14
32.1379	4.80424e-14
32.2264	4.79546e-14
32.3036	4.45596e-14
32.3918	4.50876e-14
32.4796	4.59116e-14
32.5671	4.62106e-14
32.6436	4.70908e-14
32.7308	4.59756e-14
32.8178	5.01899e-14
32.9043	4.74857e-14
32.9908	5.52821e-14
33.0771	5.77723e-14
33.1633	4.43893e-14
33.2491	4.40373e-14
33.3345	4.98784e-14
33.4306	4.95761e-14
33.5157	4.56593e-14
33.6006	4.62677e-14
33.6958	5.10383e-14
33.7803	5.50254e-14
33.8645	4.48036e-14
33.9591	4.9378e-14
34.0427	4.61987e-14
34.1368	4.49784e-14
34.2307	4.24265e-14
34.3138	4.81574e-14
34.4069	4.36832e-14
34.5	4.6633e-14
34.5928	4.55865e-14
34.6854	4.64804e-14
34.7775	4.33411e-14
34.8696	4.52874e-14
34.9614	4.6084e-14
35.053	4.63518e-14
35.1441	4.5402e-14
35.2353	5.1524e-14
35.3262	4.78335e-14
35.4269	4.93172e-14
35.517	4.43215e-14
35.6072	4.50824e-14
35.7071	4.54749e-14
35.7968	4.23955e-14
35.896	4.41162e-14
35.9951	4.8478e-14
36.084	4.54408e-14
36.1826	4.56315e-14
36.2807	4.34198e-14
36.3789	5.05834e-14
36.4766	5.02783e-14
36.5742	4.68727e-14
36.6712	4.5286e-14
36.7682	4.45043e-14
36.865	4.60238e-14
36.9613	4.47365e-14
37.0575	5.39501e-14
37.1631	4.26352e-14
37.2588	4.33392e-14
37.3542	5.52104e-14
37.4589	4.98683e-14
37.5539	4.22424e-14
37.658	4.426e-14
37.7617	4.50031e-14
37.856	4.42728e-14
37.9594	4.2979e-14
38.0622	4.43704e-14
38.165	5.12029e-14
38.2675	4.05281e-14
38.3697	4.35855e-14
38.4716	4.66989e-14
38.5733	4.62156e-14
38.6839	4.61261e-14
38.7848	4.36592e-14
38.8857	4.53245e-14
38.9956	4.34418e-14
39.0957	4.09349e-14
39.2048	4.36598e-14
39.3046	4.45624e-14
39.4132	4.68854e-14
39.5213	4.316e-14
39.6293	4.663e-14
39.737	4.4335e-14
39.8442	4.06455e-14
39.9513	4.34295e-14
40.0582	4.31771e-14
40.1645	4.26159e-14
40.2707	4.21414e-14
40.3855	4.07823e-14
40.4912	4.50383e-14
40.6053	4.47416e-14
40.7104	4.04566e-14
40.8239	5.0152e-14
40.9282	3.92553e-14
41.0413	4.97883e-14
41.1539	4.13146e-14
41.266	4.63842e-14
41.378	4.29124e-14
41.4897	4.30001e-14
41.601	4.41564e-14
41.7122	4.40733e-14
41.8315	3.98104e-14
41.9418	4.70254e-14
42.052	4.25399e-14
42.1705	3.79299e-14
42.2883	4.03343e-14
42.3976	4.25159e-14
42.515	4.53e-14
42.6318	4.33715e-14
42.7487	4.09158e-14
42.8652	4.25401e-14
42.981	4.29021e-14
43.0969	4.05527e-14
43.2125	4.4495e-14
43.3357	4.61026e-14
43.4505	4.00837e-14
43.5733	4.0391e-14
43.6873	4.17552e-14
43.8095	4.35793e-14
43.9309	4.01482e-14
44.0523	4.19884e-14
44.1653	4.01227e-14
44.286	4.08151e-14
44.4144	4.09351e-14
44.5345	3.83291e-14
44.654	4.13457e-14
44.7735	4.08524e-14
44.9003	4.01084e-14
45.0191	4.18247e-14
45.1454	4.06565e-14
45.2712	4.34366e-14
45.397	4.13439e-14
45.522	4.36145e-14
45.647	4.01401e-14
45.7716	4.3661e-14
45.8957	4.15664e-14
46.0197	4.40335e-14
46.1507	4.22183e-14
46.274	3.88198e-14
46.4047	4.26318e-14
46.527	4.01397e-14
46.6569	3.75579e-14
46.7862	4.20691e-14
46.9155	4.35372e-14
47.044	4.01739e-14
47.1725	4.15939e-14
47.3081	4.33625e-14
47.4357	3.75616e-14
47.5631	3.65433e-14
47.6974	4.76994e-14
47.8317	4.78949e-14
47.9577	3.8973e-14
48.0911	3.86793e-14
48.2239	3.84606e-14
48.3568	4.324e-14
48.4961	4.1315e-14
48.6281	4.0697e-14
48.7594	3.90523e-14
48.898	3.973e-14
49.0362	4.04351e-14
49.1663	4.1185e-14
49.3038	4.12155e-14
49.4406	3.94254e-14
49.5771	3.87599e-14
49.7131	3.83802e-14
49.8562	4.36062e-14
49.9914	4.07357e-14
50.1336	3.68802e-14
50.2682	4.12753e-14
50.4093	4.21066e-14
50.5503	4.46087e-14
50.6907	3.91081e-14
50.831	3.72325e-14
50.9706	3.95967e-14
51.117	4.22977e-14
51.256	4.04762e-14
51.4016	4.24583e-14
51.5396	3.6965e-14
51.6844	3.76919e-14
51.8287	3.87593e-14
51.9724	3.66475e-14
52.116	3.70885e-14
52.2659	3.73495e-14
52.4087	3.6859e-14
52.5576	4.31359e-14
52.6997	3.85906e-14
52.8478	3.73256e-14
52.9955	3.68981e-14
53.1431	3.96468e-14
53.2966	3.56291e-14
53.4433	4.07092e-14
53.5895	3.90418e-14
53.7417	3.62112e-14
53.8938	3.80812e-14
54.0452	3.51084e-14
54.1963	3.85133e-14
54.3471	3.61198e-14
54.4972	3.62145e-14
54.6474	3.70786e-14
54.8031	4.05545e-14
54.9584	3.68203e-14
55.1138	4.36209e-14
55.2618	3.42862e-14
55.4223	3.67569e-14
55.5763	3.97577e-14
55.7295	3.81607e-14
55.8885	3.76423e-14
56.0413	4.07374e-14
56.1995	4.14481e-14
56.3573	3.62873e-14
56.5151	3.57395e-14
56.6783	3.6354e-14
56.8347	3.87007e-14
56.9971	3.95104e-14
57.153	3.86195e-14
57.3143	3.87366e-14
57.4754	3.61058e-14
57.6361	3.97472e-14
57.8022	3.51538e-14
57.9619	3.54682e-14
58.1271	3.56566e-14
58.2922	3.42192e-14
58.4505	3.52617e-14
58.6204	3.61065e-14
58.7838	3.57738e-14
58.9472	3.60861e-14
59.1156	3.81541e-14
59.2836	3.27594e-14
59.4453	3.62687e-14
59.6183	3.60655e-14
59.785	3.87803e-14
59.9514	3.86785e-14
60.123	3.46647e-14
60.2883	3.55806e-14
60.4589	3.91637e-14
60.629	3.37977e-14
60.8046	3.76787e-14
60.9741	4.05678e-14
61.1486	3.44925e-14
61.317	3.76121e-14
61.4905	3.7659e-14
61.6635	3.37105e-14
61.8419	3.40889e-14
62.014	3.99302e-14
62.1914	3.75041e-14
62.3685	3.85605e-14
62.5448	3.57807e-14
62.7207	3.26704e-14
62.896	3.62614e-14
63.0764	3.75012e-14
63.2509	3.43395e-14
63.4303	3.43382e-14
63.6094	3.86519e-14
63.7934	3.60171e-14
63.9712	3.54901e-14
64.1544	3.44502e-14
64.3368	3.39344e-14
64.5188	4.28272e-14
64.7002	3.46571e-14
64.8811	3.45797e-14
65.0671	3.61604e-14
65.252	3.6178e-14
65.437	3.52094e-14
65.6213	3.14277e-14
65.805	3.52395e-14
65.9938	3.64869e-14
66.1819	3.51979e-14
66.3696	3.75729e-14
66.5566	3.19477e-14
66.7431	3.33755e-14
66.9342	3.63571e-14
67.1249	3.84291e-14
67.3153	3.18811e-14
67.505	3.24166e-14
67.6993	3.33693e-14
67.8881	3.6654e-14
68.081	3.57116e-14
68.2739	3.36452e-14
68.4713	3.36003e-14
68.6631	3.35969e-14
68.859	3.57469e-14
69.0547	3.51141e-14
69.25	3.48329e-14
69.4442	3.30446e-14
69.6436	3.50118e-14
69.8422	3.47229e-14
70.04	3.33917e-14
70.2375	3.27706e-14
70.4397	3.61083e-14
70.6407	3.35407e-14
70.8415	3.59392e-14
71.0415	3.22652e-14
71.2412	3.37983e-14
71.4451	3.26586e-14
71.6486	3.23659e-14
71.8513	3.18053e-14
72.0537	3.26581e-14
72.2602	3.3885e-14
72.4664	3.31918e-14
72.6717	3.17576e-14
72.8767	4.12699e-14
73.0857	3.11819e-14
73.2944	3.3553e-14
73.5023	3.60325e-14
73.7093	3.97701e-14
73.9213	3.45632e-14
74.1271	3.18623e-14
74.3422	3.48855e-14
74.5521	3.17048e-14
74.7612	3.36217e-14
74.9743	3.35169e-14
75.187	3.34396e-14
75.404	3.66069e-14
75.6154	3.43281e-14
75.8308	3.4404e-14
76.0457	3.52754e-14
76.2645	3.32169e-14
76.4782	3.14052e-14
76.6962	3.53075e-14
76.9134	3.08804e-14
77.1343	3.6093e-14
77.3548	3.36555e-14
77.5745	3.35216e-14
77.7937	2.96001e-14
78.0122	3.18242e-14
78.2347	3.00425e-14
78.4567	3.28385e-14
78.6823	2.95346e-14
78.903	3.40083e-14
79.1273	3.3228e-14
79.3508	3.05433e-14
79.5783	3.27698e-14
79.8054	3.08901e-14
80.0317	3.13756e-14
80.2575	3.17018e-14
80.4867	3.11613e-14
80.7155	3.8266e-14
80.9438	3.49353e-14
81.1708	3.32262e-14
81.4022	3.07247e-14
81.6327	3.20448e-14
81.8667	3.51225e-14
82.0961	3.05993e-14
82.329	3.30954e-14
82.5653	3.31672e-14
82.797	3.46045e-14
83.032	3.55031e-14
83.2662	3.18511e-14
83.5044	3.19077e-14
83.7416	3.06742e-14
83.9787	3.17328e-14
84.2143	2.98858e-14
84.4416	3.10079e-14
84.693	3.01757e-14
84.9434	2.94105e-14
85.1934	3.45302e-14
85.4007	3.22963e-14
85.6497	3.17627e-14
85.8976	3.72709e-14
86.1444	3.22405e-14
86.3908	3.04741e-14
86.6365	3.24517e-14
86.8813	3.21965e-14
87.1256	3.23429e-14
87.3693	2.78971e-14
87.6122	3.13943e-14
87.8543	3.19985e-14
88.0959	2.90355e-14
88.3771	3.03013e-14
88.6173	3.0228e-14
88.8568	2.85166e-14
89.095	3.11809e-14
89.373	2.92304e-14
89.61	2.9501e-14
89.8469	2.98102e-14
90.1226	3.07139e-14
90.3576	3.21711e-14
90.6317	3.08388e-14
90.8651	2.978e-14
91.1377	2.92177e-14
91.4095	3.03801e-14
91.6412	2.93025e-14
91.911	3.32156e-14
92.1804	3.35518e-14
92.4104	3.11085e-14
92.6779	3.25698e-14
92.9451	2.84411e-14
93.211	2.94649e-14
93.4762	3.08965e-14
93.7406	2.83675e-14
94.0045	3.16748e-14
94.2674	3.13825e-14
94.5295	2.90466e-14
94.7912	2.9258e-14
95.0518	3.12278e-14
95.312	2.98913e-14
95.5713	3.34237e-14
95.8668	3.08121e-14
96.1247	2.87377e-14
96.3817	3.31258e-14
96.675	2.95041e-14
96.9307	2.82285e-14
97.222	2.92209e-14
97.4756	2.88914e-14
97.7292	2.85203e-14
98.0184	3.0327e-14
98.306	2.66859e-14
98.5575	2.8415e-14
98.844	2.97244e-14
99.1293	3.16777e-14
99.3785	3.06752e-14
99.6626	2.7295e-14
99.9456	2.80234e-14
100.228	2.98776e-14
100.509	2.91962e-14
100.79	2.95064e-14
101.07	3.02894e-14
101.349	2.9478e-14
101.627	3.28918e-14
101.905	2.87495e-14
102.182	3.11559e-14
102.458	3.03542e-14
102.767	2.89826e-14
103.042	3.22301e-14
103.315	2.97221e-14
103.623	3.13672e-14
103.894	2.9945e-14
104.199	2.9607e-14
104.471	3.29215e-14
104.774	2.7563e-14
105.042	3.26995e-14
105.345	2.749e-14
105.645	2.88305e-14
105.912	2.78809e-14
106.211	2.78468e-14
106.51	3.0057e-14
106.807	2.88526e-14
107.104	2.94418e-14
107.399	2.6716e-14
107.694	2.84031e-14
107.988	2.76102e-14
108.282	3.25732e-14
108.574	2.86737e-14
108.866	3.27191e-14
109.156	2.78795e-14
109.447	2.9043e-14
109.768	2.78921e-14
110.056	3.06635e-14
110.343	2.74969e-14
110.662	2.81904e-14
110.948	2.71188e-14
111.265	2.77368e-14
111.549	2.80161e-14
111.864	2.82858e-14
112.178	2.74411e-14
112.491	2.65904e-14
112.772	2.73407e-14
113.083	2.52035e-14
113.394	2.95036e-14
113.704	3.20343e-14
114.012	2.96886e-14
114.32	2.67548e-14
114.627	2.84337e-14
114.934	2.75347e-14
115.239	3.16505e-14
115.543	2.76584e-14
115.877	3.08693e-14
116.18	2.96063e-14
116.481	3.04496e-14
116.813	2.6462e-14
117.112	2.67653e-14
117.442	2.85762e-14
117.74	2.8039e-14
118.068	2.86664e-14
118.364	2.59722e-14
118.69	2.70551e-14
119.015	2.58891e-14
119.338	3.13344e-14
119.661	2.96855e-14
119.954	2.79621e-14
120.274	2.84307e-14
120.594	2.84313e-14
120.942	2.73531e-14
121.261	3.17174e-14
121.579	2.95783e-14
121.895	2.9099e-14
122.21	2.80343e-14
122.553	3.16578e-14
122.867	2.48327e-14
123.209	2.71221e-14
123.52	2.7082e-14
123.86	2.78219e-14
124.169	2.71289e-14
124.507	2.98936e-14
124.816	2.52586e-14
125.151	2.76464e-14
125.486	2.75643e-14
125.82	2.56858e-14
126.152	2.75083e-14
126.484	2.97998e-14
126.815	2.59435e-14
127.145	2.58482e-14
127.474	2.73689e-14
127.802	2.67917e-14
128.157	2.97073e-14
128.483	2.61459e-14
128.807	2.50268e-14
129.159	2.63828e-14
129.483	2.56955e-14
129.832	2.60089e-14
130.154	2.86325e-14
130.501	2.62694e-14
130.848	2.6174e-14
131.166	2.97919e-14
131.511	2.74694e-14
131.855	2.56197e-14
132.197	2.70389e-14
132.538	2.49766e-14
132.879	2.55441e-14
133.219	2.64244e-14
133.557	2.71947e-14
133.895	2.67651e-14
134.258	2.6445e-14
134.593	2.42567e-14
134.954	2.66389e-14
135.288	2.63167e-14
135.621	2.55708e-14
135.979	2.47564e-14
136.335	2.75474e-14
136.665	2.80233e-14
137.02	2.82901e-14
137.373	2.61455e-14
137.726	2.66351e-14
138.078	2.6787e-14
138.428	2.82737e-14
138.778	2.46731e-14
139.126	2.55446e-14
139.474	2.5402e-14
139.821	2.84012e-14
140.191	2.54745e-14
140.535	2.49782e-14
140.878	2.87313e-14
141.246	2.57252e-14
141.587	2.55468e-14
141.952	2.50507e-14
142.316	2.60902e-14
142.655	2.55087e-14
143.017	2.44671e-14
143.378	2.57603e-14
143.738	2.45251e-14
144.097	2.74004e-14
144.455	2.68419e-14
144.811	2.82123e-14
145.167	2.45557e-14
145.546	2.75425e-14
145.899	2.40092e-14
146.251	2.71605e-14
146.627	2.47348e-14
146.977	2.50438e-14
147.35	2.5099e-14
147.699	2.48405e-14
148.07	2.74813e-14
148.44	2.56701e-14
148.785	2.39314e-14
149.153	2.66221e-14
149.519	2.53718e-14
149.885	2.56038e-14
150.25	2.53365e-14
150.613	2.46716e-14
150.999	2.52423e-14
151.359	2.77878e-14
151.72	2.49781e-14
152.102	2.79326e-14
152.46	2.29785e-14
152.839	2.55241e-14
153.195	2.45056e-14
153.572	2.50382e-14
153.949	2.60651e-14
154.302	2.32644e-14
154.675	2.39223e-14
155.049	2.60474e-14
155.42	2.39158e-14
155.791	2.45319e-14
156.161	2.6922e-14
156.551	2.48615e-14
156.918	2.53476e-14
157.285	2.60385e-14
157.672	2.55887e-14
158.036	2.52217e-14
158.421	2.33992e-14
158.783	2.51538e-14
159.165	2.50106e-14
159.546	2.46321e-14
159.926	2.53429e-14
160.306	2.26437e-14
160.684	2.38716e-14
161.061	2.62818e-14
161.436	2.30686e-14
161.81	2.58501e-14
162.183	2.33262e-14
162.556	2.30065e-14
162.948	2.45566e-14
163.318	2.39797e-14
163.708	2.84496e-14
164.096	2.39126e-14
164.462	2.94493e-14
164.848	2.50476e-14
165.233	2.30269e-14
165.617	2.5787e-14
166	2.46801e-14
166.381	2.57986e-14
166.761	2.23556e-14
167.14	2.37195e-14
167.517	2.28425e-14
167.914	2.4621e-14
168.29	2.51626e-14
168.685	2.38e-14
169.057	3.09526e-14
169.45	2.48434e-14
169.841	2.46867e-14
170.21	2.5087e-14
170.598	2.38948e-14
170.985	2.6617e-14
171.372	2.42008e-14
171.756	2.35565e-14
172.16	2.63233e-14
172.542	2.94093e-14
172.923	2.30493e-14
173.322	2.55864e-14
173.701	2.35653e-14
174.097	2.33921e-14
174.474	2.39551e-14
174.868	2.56923e-14
175.261	2.30761e-14
175.653	2.19579e-14
176.043	2.31407e-14
176.433	2.49914e-14
176.821	2.78892e-14
177.207	2.32113e-14
177.592	2.29518e-14
177.996	2.287e-14
178.379	2.13105e-14
178.779	2.46773e-14
179.159	2.51725e-14
179.558	2.32964e-14
179.954	2.45286e-14
180.349	2.25654e-14
180.744	2.36619e-14
181.136	2.64759e-14
181.527	2.39313e-14
181.917	2.58499e-14
182.306	2.45182e-14
182.712	2.15793e-14
183.098	2.3025e-14
183.501	2.40266e-14
183.885	2.43725e-14
184.285	2.26539e-14
184.684	2.42109e-14
185.083	2.34818e-14
185.459	2.30588e-14
185.873	2.29404e-14
186.267	2.5175e-14
186.659	2.69712e-14
187.05	2.82771e-14
187.458	2.5669e-14
187.846	2.36635e-14
188.25	2.42657e-14
188.636	2.4284e-14
189.039	2.53196e-14
189.439	2.54432e-14
189.839	2.20419e-14
190.236	2.25471e-14
190.632	2.36306e-14
191.027	2.50005e-14
191.42	2.54442e-14
191.831	2.4634e-14
192.221	2.24696e-14
192.629	2.54406e-14
193.016	2.52308e-14
193.419	2.51925e-14
193.822	2.20074e-14
194.224	2.43867e-14
194.623	2.43445e-14
195.021	2.11661e-14
195.417	2.48304e-14
195.813	2.61077e-14
196.225	2.42196e-14
196.616	2.29961e-14
197.024	2.43383e-14
197.413	2.33373e-14
197.819	2.33743e-14
198.222	2.40319e-14
198.624	2.42877e-14
199.024	2.23439e-14
199.424	2.4939e-14
199.821	2.45762e-14
200.235	2.36146e-14
200.629	2.48166e-14
201.038	2.60553e-14
201.43	2.34275e-14
201.837	2.5231e-14
202.241	2.35143e-14
202.646	2.7142e-14
203.047	2.28981e-14
203.447	2.35667e-14
203.847	2.41549e-14
204.261	2.76706e-14
204.656	2.81371e-14
205.067	2.22212e-14
205.459	2.30715e-14
205.867	2.28879e-14
206.272	2.38107e-14
206.677	2.64483e-14
207.079	2.34072e-14
207.482	2.22504e-14
207.881	2.37169e-14
208.294	2.31719e-14
208.691	2.09502e-14
209.101	2.28605e-14
209.51	2.43971e-14
209.902	2.50328e-14
210.308	2.29779e-14
210.712	2.61449e-14
211.114	2.47203e-14
211.531	2.19492e-14
211.931	2.3473e-14
212.344	2.4259e-14
212.74	2.4413e-14
213.151	2.58797e-14
213.559	2.48044e-14
213.95	2.38393e-14
214.355	2.30014e-14
214.773	2.32887e-14
215.175	2.38336e-14
215.576	2.32427e-14
215.989	2.37703e-14
216.387	2.54763e-14
216.796	2.32762e-14
217.204	2.56816e-14
217.612	2.48165e-14
218.017	2.3761e-14
218.421	2.27128e-14
218.823	2.45114e-14
219.222	2.29652e-14
219.637	2.54277e-14
220.032	2.53986e-14
220.443	2.27716e-14
220.851	2.69896e-14
221.258	2.55847e-14
221.663	2.32179e-14
222.066	2.21431e-14
222.467	2.32699e-14
222.882	2.30968e-14
223.28	2.32265e-14
223.69	2.58761e-14
224.1	2.29824e-14
224.494	2.56137e-14
224.899	2.39149e-14
225.303	2.21346e-14
225.719	2.22701e-14
226.12	2.40743e-14
226.519	2.16193e-14
226.931	2.39099e-14
227.341	2.3547e-14
227.733	2.23075e-14
228.14	2.21278e-14
228.545	2.50243e-14
228.948	2.34863e-14
229.362	2.42057e-14
229.761	2.21115e-14
230.174	2.37543e-14
230.569	2.37893e-14
230.976	2.37107e-14
231.383	2.34027e-14
231.788	2.45302e-14
232.19	2.57032e-14
232.591	2.40767e-14
232.991	2.31209e-14
233.402	2.82625e-14
233.798	2.54236e-14
234.206	2.2844e-14
234.598	2.59261e-14
235.002	2.7389e-14
235.406	2.50732e-14
235.806	2.52561e-14
236.218	2.49198e-14
236.616	2.32992e-14
237.012	2.35096e-14
237.418	2.57239e-14
237.825	2.43751e-14
238.215	2.56529e-14
238.617	2.57449e-14
239.018	2.52347e-14
239.416	2.29493e-14
239.827	2.8889e-14
240.222	2.34679e-14
240.615	2.57579e-14
241.02	2.31999e-14
241.41	2.42866e-14
241.811	2.39342e-14
242.211	2.56996e-14
242.611	2.44932e-14
243.006	2.38823e-14
243.401	2.54324e-14
243.794	2.7764e-14
244.198	2.50369e-14
244.588	2.48442e-14
244.988	2.29418e-14
245.374	2.43398e-14
245.772	2.52531e-14
246.168	2.2843e-14
246.563	2.36841e-14
246.954	2.63926e-14
247.345	2.37609e-14
247.735	2.57545e-14
248.136	2.49175e-14
248.522	2.41258e-14
248.918	2.45852e-14
249.301	2.29811e-14
249.695	2.42204e-14
250.075	2.58622e-14
250.466	2.45155e-14
250.855	2.5788e-14
251.241	2.33757e-14
251.627	2.53498e-14
252.012	2.34786e-14
252.395	2.89167e-14
252.776	2.45393e-14
253.155	2.27912e-14
253.534	2.45312e-14
253.912	2.45082e-14
254.286	2.31997e-14
254.66	2.55127e-14
255.033	2.46915e-14
255.404	2.67058e-14
255.894	2.51237e-14
256.262	2.5688e-14
256.628	2.74912e-14
256.995	2.46277e-14
257.357	2.69013e-14
257.722	2.4797e-14
258.082	2.53689e-14
258.442	2.70326e-14
258.801	2.41315e-14
259.157	3.02563e-14
259.632	2.65506e-14
259.987	2.59867e-14
260.342	2.6235e-14
260.694	2.75342e-14
261.045	2.8702e-14
261.395	2.88081e-14
261.745	2.75567e-14
262.093	2.91406e-14
262.554	2.56306e-14
262.901	2.5926e-14
263.244	2.81606e-14
263.588	2.63494e-14
263.932	2.61907e-14
264.272	2.88652e-14
264.613	2.65063e-14
264.952	2.75703e-14
265.404	2.90979e-14
265.742	2.83995e-14
266.078	3.05964e-14
266.413	2.64964e-14
266.747	2.69061e-14
267.083	2.90669e-14
267.414	2.45983e-14
267.746	2.61949e-14
268.078	2.58516e-14
268.409	2.82295e-14
268.738	2.69862e-14
269.177	3.025e-14
269.505	2.8608e-14
269.832	2.78543e-14
270.158	2.70001e-14
270.485	3.07651e-14
270.81	2.53898e-14
271.135	2.74471e-14
271.459	2.96125e-14
271.781	2.85328e-14
272.104	2.79391e-14
272.427	2.62034e-14
272.748	2.78674e-14
273.069	2.78015e-14
273.389	2.7386e-14
273.71	2.63002e-14
273.922	3.10077e-14
274.241	3.22792e-14
274.56	3.39777e-14
274.88	2.70163e-14
275.197	2.61023e-14
275.515	2.53433e-14
275.831	2.6825e-14
276.044	2.71453e-14
276.36	2.89141e-14
276.676	2.78327e-14
276.992	3.04017e-14
277.204	2.89862e-14
277.52	2.98917e-14
277.836	2.81433e-14
278.152	2.8907e-14
278.363	2.70839e-14
278.677	2.74897e-14
278.888	2.81137e-14
279.205	2.83573e-14
279.52	3.17122e-14
279.732	2.89826e-14
280.047	2.77195e-14
280.258	3.4178e-14
280.575	3.10739e-14
280.788	2.84835e-14
280.999	2.8352e-14
281.316	3.38629e-14
281.531	2.72916e-14
281.743	3.00649e-14
282.06	3.01167e-14
282.275	3.42806e-14
282.49	3.33428e-14
282.707	2.9092e-14
283.024	2.8004e-14
283.241	3.04708e-14
283.458	2.90752e-14
283.676	3.01082e-14
283.894	3.00818e-14
284.113	2.88598e-14
284.333	3.21414e-14
284.551	3.28945e-14
284.774	2.85038e-14
284.893	2.98756e-14
285.116	3.17425e-14
285.339	2.90386e-14
285.562	3.34446e-14
285.688	3.76695e-14
285.912	2.90194e-14
286.139	2.99524e-14
286.266	3.02642e-14
286.493	2.98603e-14
286.621	3.00445e-14
286.852	3.31881e-14
286.983	3.64205e-14
287.213	3.09403e-14
287.348	3.33247e-14
287.48	3.07634e-14
287.616	3.30025e-14
287.853	3.41475e-14
287.989	3.59529e-14
288.127	3.00978e-14
288.269	3.10487e-14
288.408	3.21227e-14
288.55	3.62524e-14
288.694	3.20262e-14
288.838	3.22132e-14
288.886	3.46346e-14
289.033	3.18121e-14
289.182	3.25791e-14
289.233	3.19182e-14
289.384	3.44408e-14
289.536	3.31849e-14
289.592	3.35744e-14
289.746	3.16527e-14
289.805	3.39303e-14
289.866	3.41881e-14
290.024	3.22115e-14
290.087	3.32405e-14
290.152	3.23096e-14
290.217	3.24076e-14
290.284	3.21632e-14
290.352	3.63638e-14
290.423	3.50713e-14
290.495	3.29256e-14
290.567	3.07886e-14
290.642	3.34139e-14
290.718	3.19644e-14
290.699	3.44068e-14
290.778	3.46649e-14
290.762	3.52783e-14
290.844	2.98152e-14
290.831	3.36088e-14
290.916	3.36483e-14
290.905	3.21029e-14
290.995	3.36187e-14
290.989	3.14448e-14
290.985	3.32704e-14
290.995	3.36187e-14
293.905	3.63253e-14
296.844	3.72527e-14
299.813	4.10924e-14
302.811	4.03309e-14
305.839	4.00929e-14
308.898	4.16538e-14
311.987	4.36868e-14
315.106	4.67113e-14
318.257	4.29716e-14
321.44	4.24061e-14
324.654	4.37186e-14
327.901	4.38659e-14
331.18	4.55762e-14
334.492	5.07864e-14
337.837	4.69935e-14
341.215	5.45186e-14
344.627	4.3956e-14
348.073	4.98691e-14
351.554	4.95972e-14
355.07	5.06396e-14
358.62	4.96085e-14
362.207	4.69126e-14
365.829	5.79527e-14
369.487	5.72763e-14
373.182	5.31258e-14
376.914	5.3282e-14
380.683	5.46682e-14
384.49	5.32316e-14
388.335	5.39302e-14
392.218	5.34022e-14
396.14	6.02165e-14
400.101	5.59951e-14
404.103	6.58943e-14
408.144	6.74018e-14
412.225	5.95027e-14
416.347	5.60459e-14
420.511	5.67979e-14
424.716	5.83495e-14
428.963	6.11954e-14
433.253	6.22602e-14
437.585	5.97243e-14
441.961	5.55312e-14
446.381	6.74446e-14
450.844	6.07362e-14
455.353	5.78347e-14
459.906	6.94169e-14
464.505	6.16271e-14
469.15	5.91286e-14
473.842	7.31881e-14
478.58	7.51768e-14
483.366	6.66263e-14
488.2	6.58097e-14
493.082	6.4236e-14
498.013	7.23103e-14
502.993	6.59413e-14
508.023	6.74133e-14
513.103	6.43866e-14
518.234	6.27054e-14
523.416	7.46681e-14
528.65	6.4499e-14
533.937	9.29342e-14
539.276	7.18669e-14
544.669	6.58824e-14
550.116	6.69209e-14
555.617	7.44874e-14
561.173	6.1313e-14
566.785	7.76511e-14
572.453	7.73063e-14
578.177	7.12635e-14
583.959	7.31077e-14
589.799	7.00178e-14
595.697	7.25075e-14
601.654	6.57003e-14
607.67	6.97434e-14
613.747	7.03236e-14
619.884	7.12425e-14
626.083	7.50624e-14
632.344	7.98513e-14
638.667	7.42141e-14
645.054	7.61065e-14
651.505	7.60576e-14
658.02	7.58872e-14
664.6	7.61069e-14
671.246	7.97528e-14
677.958	7.97134e-14
684.738	7.05476e-14
691.585	7.16949e-14
698.501	8.57319e-14
705.486	7.84701e-14
712.541	8.11257e-14
719.666	8.49254e-14
726.863	8.11711e-14
734.132	8.00582e-14
741.473	8.44417e-14
748.888	8.00631e-14
756.377	8.41012e-14
763.94	7.78351e-14
771.58	8.26319e-14
779.296	8.11602e-14
787.089	8.08303e-14
794.959	8.0828e-14
802.909	9.0635e-14
810.938	8.87356e-14
819.047	8.19232e-14
827.238	7.93332e-14
835.51	8.07077e-14
843.865	8.54441e-14
852.304	8.87262e-14
860.827	8.19141e-14
869.435	9.82423e-14
878.13	8.25965e-14
886.911	7.72201e-14
895.78	8.53017e-14
904.738	9.31283e-14
913.785	8.4597e-14
922.923	9.55801e-14
932.152	9.11221e-14
941.474	9.38816e-14
950.889	9.34944e-14
960.398	8.56537e-14
970.002	9.18548e-14
979.702	8.86954e-14
989.499	8.94179e-14
999.394	9.03246e-14
1009.39	9.97688e-14
1019.48	1.05276e-13
1029.68	9.47238e-14
1039.97	9.83219e-14
1050.37	8.96971e-14
1060.88	8.90147e-14
1071.49	9.78322e-14
1082.2	1.02691e-13
1093.02	9.38441e-14
1103.95	1.07052e-13
1114.99	1.07577e-13
1126.14	1.12932e-13
1137.4	1.00976e-13
1148.78	1.05664e-13
1160.26	1.17487e-13
1171.87	1.01852e-13
1183.59	1.01362e-13
1195.42	1.01811e-13
1207.38	9.94199e-14
1219.45	1.01865e-13
1231.64	9.77167e-14
1243.96	1.02879e-13
1256.4	1.11457e-13
1268.96	1.00856e-13
1281.65	1.00839e-13
1294.47	1.04292e-13
1307.42	1.10416e-13
1320.49	1.0795e-13
1333.69	1.15233e-13
1347.03	1.23083e-13
1360.5	1.16699e-13
1374.11	1.13433e-13
1387.85	1.08555e-13
1401.73	1.16502e-13
1415.74	1.14286e-13
1429.9	1.21839e-13
1444.2	1.22382e-13
1458.64	1.23899e-13
1473.23	1.15548e-13
1487.96	1.17986e-13
1502.84	1.1964e-13
1517.87	1.33043e-13
1533.05	1.20369e-13
1548.38	1.27504e-13
1563.86	1.28497e-13
1579.5	1.2859e-13
1595.3	1.19215e-13
1611.25	1.18906e-13
1627.36	1.1637e-13
1643.63	1.15708e-13
1660.07	1.24951e-13
1676.67	1.33671e-13
1693.44	1.40835e-13
1710.37	1.38992e-13
1727.48	1.35755e-13
1744.75	1.33537e-13
1762.2	1.43181e-13
1779.82	1.38789e-13
1797.62	1.24212e-13
1815.6	1.35571e-13
1833.75	1.36348e-13
1852.09	1.419e-13
1870.61	1.58628e-13
1889.32	1.66316e-13
1908.21	1.69137e-13
1927.29	1.56094e-13
1946.56	1.52912e-13
1966.03	1.59294e-13
1985.69	1.63121e-13
2005.55	1.43024e-13
2025.6	1.50114e-13
2045.86	1.67711e-13
2066.32	1.73916e-13
2086.98	1.60562e-13
2107.85	1.63736e-13
2128.93	1.53783e-13
2150.22	1.68281e-13
2171.72	1.51656e-13
2193.44	1.56254e-13
2215.37	1.55032e-13
2237.52	1.69646e-13
2259.9	1.71164e-13
2282.5	1.67874e-13
2305.32	1.59822e-13
2328.38	1.69466e-13
2351.66	1.84775e-13
2375.18	1.84995e-13
2398.93	1.64766e-13
2422.92	1.761e-13
2447.15	1.94348e-13
2471.62	1.64853e-13
2496.34	1.89221e-13
2521.3	1.6833e-13
2546.51	1.86619e-13
2571.98	1.95113e-13
2597.7	1.77275e-13
2623.67	1.87085e-13
2649.91	1.99686e-13
2676.41	1.93983e-13
2703.17	1.85633e-13
2730.21	1.99725e-13
2757.51	1.97216e-13
2785.08	2.32726e-13
2812.93	2.10019e-13
2841.06	2.11371e-13
2869.47	2.44749e-13
2898.17	2.16197e-13
2927.15	1.94826e-13
2956.42	2.12815e-13
2985.99	2.04325e-13
3015.85	2.14115e-13
3046	2.19134e-13
3076.46	2.07069e-13
3107.23	2.08088e-13
3138.3	2.44087e-13
3169.68	2.33833e-13
3201.38	2.30487e-13
3233.39	2.2773e-13
3265.73	2.59382e-13
3298.39	2.57751e-13
3331.37	2.24939e-13
3364.68	2.34933e-13
3398.33	2.46248e-13
3432.31	2.30976e-13
3466.64	2.55386e-13
3501.3	2.49818e-13
3536.32	2.54023e-13
3571.68	2.55346e-13
3607.4	2.46744e-13
3643.47	2.69582e-13
3679.9	2.70866e-13
3716.7	2.53582e-13
3753.87	2.52577e-13
3791.41	2.53422e-13
3829.32	2.67812e-13
3867.62	2.99416e-13
3906.29	2.88231e-13
3945.36	2.83787e-13
3984.81	2.98944e-13
4024.66	2.96911e-13
4064.9	3.70717e-13
4105.55	2.89462e-13
4146.61	3.29332e-13
4188.07	3.07834e-13
4229.96	3.12027e-13
4272.25	3.64923e-13
4314.98	3.12066e-13
4358.13	3.34786e-13
4401.71	3.67476e-13
4445.73	3.34183e-13
4490.18	3.90501e-13
4535.08	3.4464e-13
4580.44	4.04776e-13
4626.24	3.7966e-13
4672.5	3.63186e-13
4719.23	3.96344e-13
4766.42	3.76694e-13
4814.08	3.61201e-13
4862.22	3.89574e-13
4910.85	3.76811e-13
4959.95	4.23041e-13
5009.55	4.22005e-13
5059.65	4.09119e-13
5110.25	3.83976e-13
5161.35	4.09934e-13
5212.96	4.33752e-13
5265.09	4.46208e-13
5317.74	4.39546e-13
5370.92	5.06452e-13
5424.63	4.75028e-13
5478.88	4.89103e-13
5533.66	4.39932e-13
5589	4.59987e-13
5644.89	4.85813e-13
5701.34	4.51279e-13
5758.35	4.66611e-13
5815.94	4.90954e-13
5874.1	5.50868e-13
5932.84	5.54275e-13
5992.17	5.10463e-13
6052.09	5.87894e-13
6112.61	5.56275e-13
6173.73	5.29444e-13
6235.47	6.27634e-13
6297.83	5.88367e-13
6360.8	6.6824e-13
6424.41	6.37612e-13
6488.66	6.99972e-13
6553.54	6.30716e-13
6619.08	6.52163e-13
6685.27	6.7612e-13
6752.12	6.56765e-13
6819.64	6.47942e-13
6887.84	6.33793e-13
6956.72	7.18113e-13
7026.29	7.07839e-13
7096.55	6.81658e-13
7167.51	7.05921e-13
7239.19	7.06178e-13
7311.58	7.76357e-13
7384.7	7.31541e-13
7458.54	7.9225e-13
7533.13	7.57696e-13
7608.46	7.60224e-13
7684.55	8.6423e-13
7761.39	8.67029e-13
7839	9.03904e-13
7917.39	8.71245e-13
7996.57	8.89276e-13
8076.53	8.42536e-13
8157.3	9.145e-13
8238.87	8.85607e-13
8321.26	9.60347e-13
8404.47	1.001e-12
8488.52	1.04336e-12
8573.4	1.04035e-12
8659.14	1.05023e-12
8745.73	1.12482e-12
8833.19	1.13405e-12
8921.52	1.23934e-12
9010.73	1.18075e-12
9100.84	1.21184e-12
9191.85	1.15845e-12
9283.77	1.20203e-12
9376.61	1.29192e-12
9470.37	1.2734e-12
9565.08	1.29471e-12
9660.73	1.29229e-12
9757.33	1.40811e-12
9854.91	1.5555e-12
9953.46	1.66257e-12
10053	1.44016e-12
10153.5	1.4778e-12
10255.1	1.48874e-12
10357.6	1.55711e-12
10461.2	1.67775e-12
10565.8	1.71404e-12
10671.5	1.73565e-12
10778.2	1.67083e-12
10885.9	1.9335e-12
10994.8	1.80758e-12
11104.8	1.95367e-12
11215.8	1.8454e-12
11328	1.80372e-12
11441.2	1.98657e-12
11555.7	2.2205e-12
11671.2	2.1488e-12
11787.9	2.31378e-12
11905.8	2.21372e-12
12024.9	2.43751e-12
12145.1	2.42067e-12
12266.6	2.68807e-12
12389.2	3.02208e-12
12513.1	2.98537e-12
12638.2	2.82999e-12
12764.6	2.80902e-12
12892.3	2.75708e-12
13021.2	2.79295e-12
13151.4	3.14679e-12
13282.9	3.22519e-12
13415.8	3.17344e-12
13549.9	3.15824e-12
13685.4	3.63614e-12
13822.3	3.50299e-12
13960.5	4.06368e-12
14100.1	4.1643e-12
14241.1	3.62279e-12
14383.5	3.91057e-12
14527.3	4.03894e-12
14672.6	4.21294e-12
14819.3	4.39083e-12
14967.5	4.21485e-12
15117.2	4.51933e-12
15268.4	4.75652e-12
15421.1	4.96023e-12
15575.3	5.17013e-12
15731	5.52611e-12
15888.3	5.29705e-12
16047.2	5.46878e-12
16207.7	6.33047e-12
16369.8	6.01153e-12
16533.5	5.71688e-12
16698.8	6.28737e-12
16865.8	6.62323e-12
17034.4	6.76052e-12
17204.8	6.99361e-12
17376.8	7.14368e-12
17550.6	8.34216e-12
17726.1	8.03022e-12
17903.4	8.73112e-12
18082.4	9.27061e-12
18263.2	9.14429e-12
18445.9	9.59002e-12
18630.3	1.01477e-11
18816.6	1.00466e-11
19004.8	1.0694e-11
19194.8	1.104e-11
19386.8	1.28057e-11
19580.7	1.22224e-11
19776.5	1.28204e-11
19974.2	1.24836e-11
20174	1.52586e-11
20375.7	1.44627e-11
20579.5	1.52625e-11
20785.3	1.47383e-11
20993.1	1.59721e-11
21203	1.71855e-11
21415.1	1.67832e-11
21629.2	1.93734e-11
21845.5	1.98201e-11
22064	1.95011e-11
22284.6	2.03174e-11
22507.5	2.27389e-11
22732.5	2.1169e-11
22959.9	2.43328e-11
23189.5	2.30354e-11
23421.4	2.51155e-11
23655.6	2.61739e-11
23892.1	2.80111e-11
24131	3.15225e-11
24372.4	3.08014e-11
24616.1	3.35232e-11
24862.2	3.46206e-11
25110.9	3.38917e-11
25362	4.14363e-11
25615.6	4.00453e-11
25871.7	4.53368e-11
26130.5	4.79937e-11
26391.8	4.69178e-11
26655.7	4.94247e-11
26922.2	5.38133e-11
27191.5	5.53902e-11
27463.4	5.9041e-11
27738	6.44101e-11
28015.4	6.43556e-11
28295.6	6.47537e-11
28578.5	6.84485e-11
28864.3	7.18157e-11
29152.9	7.53743e-11
29444.5	7.78772e-11
29738.9	9.44301e-11
30036.3	9.29042e-11
30336.7	1.02806e-10
30640	9.84394e-11
30946.4	1.11851e-10
31255.9	1.22744e-10
31568.4	1.19675e-10
31884.1	1.3705e-10
32203	1.35838e-10
32525	1.52487e-10
32850.3	1.56875e-10
33178.8	1.81091e-10
33510.5	1.92613e-10
33845.7	2.06038e-10
34184.1	2.16042e-10
34525.9	2.0307e-10
34871.2	2.41676e-10
35219.9	2.45298e-10
35572.1	2.86771e-10
35927.8	2.6869e-10
36287.1	3.15671e-10
36650	3.18795e-10
37016.5	3.67822e-10
37386.7	3.80081e-10
37760.5	4.35327e-10
38138.1	4.29713e-10
38519.5	4.56636e-10
38904.7	5.00885e-10
39293.8	5.06541e-10
39686.7	5.90477e-10
40083.6	7.27321e-10
40484.4	7.05141e-10
40889.2	7.02171e-10
41298.1	7.48868e-10
41711.1	8.23128e-10
42128.2	8.63132e-10
42549.5	1.17691e-09
42975	1.0482e-09
43404.7	1.19719e-09
43838.8	1.30349e-09
44277.2	1.31558e-09
44720	1.56783e-09
45167.2	1.65115e-09
45618.8	1.67819e-09
46075	2.05579e-09
46535.8	2.40242e-09
47001.1	2.45105e-09
47471.1	2.5897e-09
47945.8	2.63955e-09
48425.3	2.95971e-09
48909.6	3.62131e-09
49398.6	3.63456e-09
49892.6	3.97804e-09
50391.6	4.79265e-09
50895.5	4.87166e-09
51404.4	5.33787e-09
51918.5	6.26165e-09
52437.7	6.46362e-09
52962	7.73397e-09
53491.7	8.382e-09
54026.6	9.21601e-09
54566.8	9.70866e-09
55112.5	1.09519e-08
55663.6	1.36796e-08
56220.3	1.26275e-08
56782.5	1.54698e-08
57350.3	1.59683e-08
57923.8	1.89258e-08
58503	2.10827e-08
59088.1	2.30224e-08
59679	2.55937e-08
60275.7	2.82599e-08
60878.5	3.19353e-08
61487.3	3.33876e-08
62102.2	3.73297e-08
62723.2	4.41017e-08
63350.4	4.89454e-08
63983.9	5.68656e-08
64623.8	5.91355e-08
65270	8.20499e-08
65922.7	8.35466e-08
66581.9	8.59494e-08
67247.7	1.02213e-07
67920.2	1.14794e-07
68599.4	1.33414e-07
69285.4	1.5497e-07
69978.3	1.76079e-07
70678	1.90165e-07
71384.8	2.74263e-07
72098.7	2.56299e-07
72819.7	2.92087e-07
73547.9	3.61869e-07
74283.3	3.93248e-07
75026.2	4.18574e-07
75776.4	5.24689e-07
76534.2	5.64589e-07
77299.5	6.91497e-07
78072.5	7.94539e-07
78853.3	9.07174e-07
79641.8	1.09438e-06
80438.2	1.26038e-06
81242.6	1.38246e-06
82055	1.93905e-06
82875.6	2.02299e-06
83704.3	2.14363e-06
84541.4	2.58345e-06
85386.8	2.94979e-06
86240.6	4.96531e-06
87103.1	3.95503e-06
87974.1	4.78378e-06
88853.8	6.28355e-06
89742.4	6.87602e-06
90639.8	7.7483e-06
91546.2	1.22044e-05
92461.6	1.19961e-05
93386.3	1.35835e-05
94320.1	1.80326e-05
95263.3	2.26511e-05
96216	2.51481e-05
97178.1	2.87675e-05
98149.9	4.00631e-05
99131.4	4.3418e-05
