0.0001	2.27174e-07
0.000101	3.23347e-07
0.00010201	6.98075e-07
0.00010303	3.70395e-07
0.00010406	4.24942e-07
0.000105101	4.07272e-07
0.000106152	5.84792e-07
0.000107214	2.26817e-07
0.000108286	1.96928e-07
0.000109369	4.29958e-07
0.000110462	3.8948e-07
0.000111567	2.5897e-07
0.000112683	2.476e-07
0.000113809	3.36433e-07
0.000114947	3.25782e-07
0.000116097	2.3662e-07
0.000117258	2.39531e-07
0.00011843	2.897e-07
0.000119615	2.70558e-07
0.000120811	1.56674e-07
0.000122019	1.84758e-07
0.000123239	1.68664e-07
0.000124472	2.80444e-07
0.000125716	1.78611e-07
0.000126973	1.54246e-07
0.000128243	1.71444e-07
0.000129526	1.72838e-07
0.000130821	1.44264e-07
0.000132129	1.65446e-07
0.00013345	2.33487e-07
0.000134785	1.86394e-07
0.000136133	1.75689e-07
0.000137494	1.34807e-07
0.000138869	1.60744e-07
0.000140258	1.48789e-07
0.00014166	1.66834e-07
0.000143077	3.20918e-07
0.000144508	1.3768e-07
0.000145953	1.5675e-07
0.000147412	1.41764e-07
0.000148886	1.41522e-07
0.000150375	1.42452e-07
0.000151879	1.21013e-07
0.000153398	1.17486e-07
0.000154932	1.1614e-07
0.000156481	1.19831e-07
0.000158046	1.13373e-07
0.000159626	1.13121e-07
0.000161223	1.23595e-07
0.000162835	1.11778e-07
0.000164463	1.09398e-07
0.000166108	1.06948e-07
0.000167769	1.07389e-07
0.000169447	1.04233e-07
0.000171141	9.47542e-08
0.000172852	1.03957e-07
0.000174581	9.21236e-08
0.000176327	9.5395e-08
0.00017809	9.33155e-08
0.000179871	9.86344e-08
0.00018167	8.53007e-08
0.000183486	8.48175e-08
0.000185321	8.68456e-08
0.000187174	8.30992e-08
0.000189046	8.04031e-08
0.000190937	8.28584e-08
0.000192846	7.94684e-08
0.000194774	7.80046e-08
0.000196722	7.47615e-08
0.000198689	7.63443e-08
0.000200676	7.48445e-08
0.000202683	6.99776e-08
0.00020471	6.97217e-08
0.000206757	6.7382e-08
0.000208825	6.89934e-08
0.000210913	6.639e-08
0.000213022	6.52592e-08
0.000215152	6.35389e-08
0.000217304	6.21429e-08
0.000219477	6.14471e-08
0.000221672	5.99945e-08
0.000223888	5.86429e-08
0.000226127	5.79448e-08
0.000228388	5.69906e-08
0.000230672	5.50258e-08
0.000232979	5.47512e-08
0.000235309	5.28401e-08
0.000237662	5.09317e-08
0.000240038	5.1712e-08
0.000242439	5.04247e-08
0.000244863	4.82828e-08
0.000247312	4.71868e-08
0.000249785	4.69873e-08
0.000252283	4.64724e-08
0.000254806	4.52269e-08
0.000257354	4.46935e-08
0.000259927	4.2991e-08
0.000262527	4.28566e-08
0.000265152	4.15288e-08
0.000267803	4.10062e-08
0.000270481	4.06121e-08
0.000273186	4.0192e-08
0.000275918	3.87493e-08
0.000278677	3.78852e-08
0.000281464	3.71782e-08
0.000284279	3.67008e-08
0.000287121	3.55527e-08
0.000289993	3.48498e-08
0.000292893	3.43467e-08
0.000295822	3.36995e-08
0.00029878	3.2956e-08
0.000301768	3.23166e-08
0.000304785	3.15749e-08
0.000307833	3.12987e-08
0.000310911	3.04802e-08
0.00031402	2.97418e-08
0.000317161	2.93583e-08
0.000320332	2.88569e-08
0.000323536	2.80851e-08
0.000326771	2.75875e-08
0.000330039	2.70445e-08
0.000333339	2.65811e-08
0.000336672	2.61429e-08
0.000340039	2.54222e-08
0.00034344	2.50691e-08
0.000346874	2.45796e-08
0.000350343	2.40617e-08
0.000353846	2.36304e-08
0.000357385	2.31108e-08
0.000360958	2.26515e-08
0.000364568	2.2165e-08
0.000368214	2.17278e-08
0.000371896	2.13468e-08
0.000375615	2.08752e-08
0.000379371	2.05668e-08
0.000383165	2.01454e-08
0.000386996	1.97309e-08
0.000390866	1.93465e-08
0.000394775	1.89405e-08
0.000398723	1.85723e-08
0.00040271	1.82091e-08
0.000406737	1.78028e-08
0.000410804	1.74593e-08
0.000414912	1.71221e-08
0.000419062	1.68044e-08
0.000423252	1.64751e-08
0.000427485	1.61803e-08
0.00043176	1.5855e-08
0.000436077	1.55168e-08
0.000440438	1.52414e-08
0.000444842	1.49128e-08
0.000449291	1.4622e-08
0.000453784	1.43313e-08
0.000458321	1.40437e-08
0.000462905	1.37714e-08
0.000467534	1.35131e-08
0.000472209	1.32275e-08
0.000476931	1.29899e-08
0.0004817	1.27192e-08
0.000486517	1.24812e-08
0.000491383	1.22217e-08
0.000496296	1.19876e-08
0.000501259	1.17453e-08
0.000506272	1.15134e-08
0.000511335	1.12962e-08
0.000516448	1.10682e-08
0.000521613	1.08452e-08
0.000526829	1.06364e-08
0.000532097	1.04209e-08
0.000537418	1.0218e-08
0.000542792	1.00214e-08
0.00054822	9.82212e-09
0.000553702	9.62845e-09
0.000559239	9.4397e-09
0.000564832	9.24917e-09
0.00057048	9.07099e-09
0.000576185	8.89003e-09
0.000581947	8.71628e-09
0.000587766	8.54518e-09
0.000593644	8.37826e-09
0.00059958	8.2115e-09
0.000605576	8.04851e-09
0.000611632	7.88883e-09
0.000617748	7.73591e-09
0.000623926	7.58183e-09
0.000630165	7.43359e-09
0.000636466	7.28763e-09
0.000642831	7.14209e-09
0.000649259	7.00004e-09
0.000655752	6.86371e-09
0.00066231	6.72941e-09
0.000668933	6.59649e-09
0.000675622	6.46749e-09
0.000682378	6.33911e-09
0.000689202	6.2141e-09
0.000696094	6.09117e-09
0.000703055	5.97132e-09
0.000710085	5.85435e-09
0.000717186	5.73882e-09
0.000724358	5.6252e-09
0.000731602	5.51445e-09
0.000738918	5.40641e-09
0.000746307	5.29975e-09
0.00075377	5.19493e-09
0.000761308	5.09319e-09
0.000768921	4.99242e-09
0.00077661	4.89427e-09
0.000784376	4.79752e-09
0.00079222	4.70297e-09
0.000800142	4.61038e-09
0.000808144	4.51937e-09
0.000816225	4.43052e-09
0.000824387	4.34329e-09
0.000832631	4.25768e-09
0.000840957	4.17368e-09
0.000849367	4.09158e-09
0.000857861	4.01079e-09
0.000866439	3.93194e-09
0.000875104	3.85433e-09
0.000883855	3.77816e-09
0.000892693	3.70397e-09
0.00090162	3.63106e-09
0.000910636	3.55947e-09
0.000919743	3.48923e-09
0.00092894	3.42039e-09
0.00093823	3.35322e-09
0.000947612	3.28704e-09
0.000957088	3.2223e-09
0.000966659	3.15879e-09
0.000976325	3.09656e-09
0.000986089	3.03553e-09
0.00099595	2.97568e-09
0.00100591	2.91707e-09
0.00101597	2.85962e-09
0.00102613	2.80329e-09
0.00103639	2.74805e-09
0.00104675	2.69391e-09
0.00105722	2.64082e-09
0.00106779	2.58876e-09
0.00107847	2.53778e-09
0.00108926	2.48776e-09
0.00110015	2.43878e-09
0.00111115	2.39069e-09
0.00112226	2.34359e-09
0.00113348	2.29741e-09
0.00114482	2.25215e-09
0.00115627	2.20777e-09
0.00116783	2.16427e-09
0.00117951	2.12163e-09
0.0011913	2.07982e-09
0.00120322	2.03884e-09
0.00121525	1.99866e-09
0.0012274	1.95928e-09
0.00123967	1.92068e-09
0.00125207	1.88283e-09
0.00126459	1.84574e-09
0.00127724	1.80938e-09
0.00129001	1.77372e-09
0.00130291	1.73877e-09
0.00131594	1.70451e-09
0.0013291	1.67092e-09
0.00134239	1.638e-09
0.00135581	1.60572e-09
0.00136937	1.57408e-09
0.00138307	1.54307e-09
0.0013969	1.51266e-09
0.00141086	1.48286e-09
0.00142497	1.45364e-09
0.00143922	1.425e-09
0.00145362	1.39692e-09
0.00146815	1.36939e-09
0.00148283	1.34241e-09
0.00149766	1.31596e-09
0.00151264	1.29003e-09
0.00152776	1.26462e-09
0.00154304	1.2397e-09
0.00155847	1.21527e-09
0.00157406	1.19132e-09
0.0015898	1.16785e-09
0.0016057	1.14484e-09
0.00162175	1.12228e-09
0.00163797	1.10017e-09
0.00165435	1.07849e-09
0.00167089	1.05724e-09
0.0016876	1.03641e-09
0.00170448	1.01599e-09
0.00172152	9.95967e-10
0.00173874	9.76343e-10
0.00175613	9.57106e-10
0.00177369	9.38247e-10
0.00179142	9.19759e-10
0.00180934	9.01637e-10
0.00182743	8.8387e-10
0.00184571	8.66455e-10
0.00186416	8.49382e-10
0.0018828	8.32646e-10
0.00190163	8.1624e-10
0.00192065	8.00157e-10
0.00193986	7.84391e-10
0.00195925	7.68936e-10
0.00197885	7.53785e-10
0.00199864	7.38932e-10
0.00201862	7.24372e-10
0.00203881	7.10099e-10
0.0020592	6.96108e-10
0.00207979	6.82391e-10
0.00210059	6.68946e-10
0.00212159	6.55765e-10
0.00214281	6.42844e-10
0.00216424	6.30178e-10
0.00218588	6.17761e-10
0.00220774	6.05589e-10
0.00222981	5.93656e-10
0.00225211	5.81959e-10
0.00227463	5.70492e-10
0.00229738	5.59251e-10
0.00232035	5.48232e-10
0.00234356	5.3743e-10
0.00236699	5.2684e-10
0.00239066	5.1646e-10
0.00241457	5.06284e-10
0.00243871	4.96308e-10
0.0024631	4.86529e-10
0.00248773	4.76942e-10
0.00251261	4.67545e-10
0.00253774	4.58333e-10
0.00256311	4.49302e-10
0.00258874	4.40449e-10
0.00261463	4.3177e-10
0.00264078	4.23263e-10
0.00266719	4.14923e-10
0.00269386	4.06748e-10
0.0027208	3.98733e-10
0.002748	3.90877e-10
0.00277548	3.83175e-10
0.00280324	3.75625e-10
0.00283127	3.68224e-10
0.00285958	3.60969e-10
0.00288818	3.53857e-10
0.00291706	3.46884e-10
0.00294623	3.4005e-10
0.0029757	3.3335e-10
0.00300545	3.26781e-10
0.00303551	3.20343e-10
0.00306586	3.14031e-10
0.00309652	3.07843e-10
0.00312749	3.01778e-10
0.00315876	2.95832e-10
0.00319035	2.90003e-10
0.00322225	2.84289e-10
0.00325447	2.78688e-10
0.00328702	2.73197e-10
0.00331989	2.67814e-10
0.00335309	2.62537e-10
0.00338662	2.57364e-10
0.00342049	2.52294e-10
0.00345469	2.47323e-10
0.00348924	2.4245e-10
0.00352413	2.37673e-10
0.00355937	2.3299e-10
0.00359496	2.28399e-10
0.00363091	2.23899e-10
0.00366722	2.19488e-10
0.0037039	2.15163e-10
0.00374093	2.10924e-10
0.00377834	2.06768e-10
0.00381613	2.02695e-10
0.00385429	1.98701e-10
0.00389283	1.94786e-10
0.00393176	1.90948e-10
0.00397108	1.87186e-10
0.00401079	1.83498e-10
0.0040509	1.79883e-10
0.0040914	1.76339e-10
0.00413232	1.72865e-10
0.00417364	1.69459e-10
0.00421538	1.66121e-10
0.00425753	1.62848e-10
0.00430011	1.59639e-10
0.00434311	1.56494e-10
0.00438654	1.53411e-10
0.0044304	1.50389e-10
0.00447471	1.47426e-10
0.00451946	1.44521e-10
0.00456465	1.41674e-10
0.0046103	1.38883e-10
0.0046564	1.36147e-10
0.00470296	1.33465e-10
0.00474999	1.30836e-10
0.00479749	1.28258e-10
0.00484547	1.25732e-10
0.00489392	1.23255e-10
0.00494286	1.20827e-10
0.00499229	1.18446e-10
0.00504221	1.16113e-10
0.00509264	1.13826e-10
0.00514356	1.11583e-10
0.005195	1.09385e-10
0.00524695	1.07231e-10
0.00529942	1.05118e-10
0.00535241	1.03048e-10
0.00540594	1.01018e-10
0.00546	9.90282e-11
0.0055146	9.70776e-11
0.00556974	9.51654e-11
0.00562544	9.3291e-11
0.00568169	9.14535e-11
0.00573851	8.96522e-11
0.00579589	8.78864e-11
0.00585385	8.61555e-11
0.00591239	8.44586e-11
0.00597152	8.27952e-11
0.00603123	8.11646e-11
0.00609154	7.95661e-11
0.00615246	7.79992e-11
0.00621398	7.64631e-11
0.00627612	7.49574e-11
0.00633888	7.34813e-11
0.00640227	7.20343e-11
0.0064663	7.06158e-11
0.00653096	6.92253e-11
0.00659627	6.78623e-11
0.00666223	6.65261e-11
0.00672885	6.52162e-11
0.00679614	6.39322e-11
0.0068641	6.26735e-11
0.00693275	6.14396e-11
0.00700207	6.02301e-11
0.00707209	5.90444e-11
0.00714281	5.78821e-11
0.00721424	5.67427e-11
0.00728638	5.56258e-11
0.00735925	5.45309e-11
0.00743284	5.34576e-11
0.00750717	5.24055e-11
0.00758224	5.13741e-11
0.00765806	5.03631e-11
0.00773464	4.93721e-11
0.00781199	4.84005e-11
0.00789011	4.74482e-11
0.00796901	4.65147e-11
0.0080487	4.55995e-11
0.00812919	4.47025e-11
0.00821048	4.38231e-11
0.00829259	4.29611e-11
0.00837551	4.21161e-11
0.00845927	4.12878e-11
0.00854386	4.04758e-11
0.0086293	3.96799e-11
0.00871559	3.88997e-11
0.00880275	3.81348e-11
0.00889077	3.73851e-11
0.00897968	3.66502e-11
0.00906948	3.59298e-11
0.00916017	3.52237e-11
0.00925178	3.45315e-11
0.00934429	3.38529e-11
0.00943774	3.31878e-11
0.00953211	3.25358e-11
0.00962743	3.18967e-11
0.00972371	3.12703e-11
0.00982095	3.06562e-11
0.00991916	3.00543e-11
0.0100183	2.94642e-11
0.0101185	2.88858e-11
0.0102197	2.83189e-11
0.0103219	2.77632e-11
0.0104251	2.72185e-11
0.0105294	2.66846e-11
0.0106347	2.61612e-11
0.010741	2.56482e-11
0.0108484	2.51453e-11
0.0109569	2.46524e-11
0.0110665	2.41693e-11
0.0111772	2.36957e-11
0.0112889	2.32316e-11
0.0114018	2.27766e-11
0.0115158	2.23306e-11
0.011631	2.18935e-11
0.0117473	2.14651e-11
0.0118648	2.10451e-11
0.0119834	2.06335e-11
0.0121033	2.02301e-11
0.0122243	1.98347e-11
0.0123465	1.94471e-11
0.01247	1.90672e-11
0.0125947	1.86949e-11
0.0127206	1.833e-11
0.0128478	1.79723e-11
0.0129763	1.76218e-11
0.0131061	1.72782e-11
0.0132372	1.69415e-11
0.0133695	1.66115e-11
0.0135032	1.6288e-11
0.0136383	1.5971e-11
0.0137746	1.56604e-11
0.0139124	1.53559e-11
0.0140515	1.50575e-11
0.014192	1.47651e-11
0.0143339	1.44785e-11
0.0144773	1.41977e-11
0.0146221	1.39224e-11
0.0147683	1.36527e-11
0.014916	1.33884e-11
0.0150651	1.31294e-11
0.0152158	1.28756e-11
0.0153679	1.26268e-11
0.0155216	1.23831e-11
0.0156768	1.21443e-11
0.0158336	1.19103e-11
0.0159919	1.16809e-11
0.0161518	1.14563e-11
0.0163134	1.12361e-11
0.0164765	1.10204e-11
0.0166413	1.0809e-11
0.0168077	1.0602e-11
0.0169757	1.03991e-11
0.0171455	1.02003e-11
0.017317	1.00056e-11
0.0174901	9.81477e-12
0.017665	9.62786e-12
0.0178417	9.44475e-12
0.0180201	9.26538e-12
0.0182003	9.08966e-12
0.0183823	8.91754e-12
0.0185661	8.74893e-12
0.0187518	8.58378e-12
0.0189393	8.42202e-12
0.0191287	8.26357e-12
0.01932	8.10839e-12
0.0195132	7.9564e-12
0.0197083	7.80755e-12
0.0199054	7.66177e-12
0.0201045	7.51901e-12
0.0203055	7.3792e-12
0.0205086	7.2423e-12
0.0207136	7.10825e-12
0.0209208	6.97699e-12
0.02113	6.84846e-12
0.0213413	6.72263e-12
0.0215547	6.59943e-12
0.0217702	6.47881e-12
0.0219879	6.36074e-12
0.0222078	6.24514e-12
0.0224299	6.13199e-12
0.0226542	6.02123e-12
0.0228807	5.91282e-12
0.0231095	5.80671e-12
0.0233406	5.70285e-12
0.0235741	5.60121e-12
0.0238098	5.50174e-12
0.0240479	5.4044e-12
0.0242884	5.30915e-12
0.0245313	5.21594e-12
0.0247766	5.12474e-12
0.0250243	5.03551e-12
0.0252746	4.9482e-12
0.0255273	4.86279e-12
0.0257826	4.77923e-12
0.0260404	4.69748e-12
0.0263008	4.61751e-12
0.0265638	4.53928e-12
0.0268295	4.46277e-12
0.0270978	4.38792e-12
0.0273687	4.31471e-12
0.0276424	4.24311e-12
0.0279189	4.17307e-12
0.028198	4.10457e-12
0.02848	4.03758e-12
0.0287648	3.97206e-12
0.0290525	3.90797e-12
0.029343	3.84529e-12
0.0296364	3.78399e-12
0.0299328	3.72403e-12
0.0302321	3.66539e-12
0.0305344	3.60803e-12
0.0308398	3.55193e-12
0.0311482	3.49705e-12
0.0314597	3.44337e-12
0.0317743	3.39085e-12
0.032092	3.33947e-12
0.0324129	3.28921e-12
0.032737	3.24002e-12
0.0330644	3.19189e-12
0.0333951	3.14479e-12
0.033729	3.09869e-12
0.0340663	3.05357e-12
0.034407	3.0094e-12
0.034751	2.96615e-12
0.0350985	2.92381e-12
0.0354495	2.88235e-12
0.035804	2.84174e-12
0.0361621	2.80196e-12
0.0365237	2.76299e-12
0.0368889	2.72481e-12
0.0372578	2.68739e-12
0.0376304	2.65072e-12
0.0380067	2.61478e-12
0.0383868	2.57954e-12
0.0387706	2.54499e-12
0.0391583	2.51111e-12
0.0395499	2.47788e-12
0.0399454	2.44529e-12
0.0403449	2.41331e-12
0.0407483	2.38193e-12
0.0411558	2.35114e-12
0.0415674	2.32092e-12
0.041983	2.29125e-12
0.0424029	2.26212e-12
0.0428269	2.23352e-12
0.0432552	2.20543e-12
0.0436877	2.17784e-12
0.0441246	2.15074e-12
0.0445658	2.12411e-12
0.0450115	2.09794e-12
0.0454616	2.07221e-12
0.0459162	2.04693e-12
0.0463754	2.02206e-12
0.0468391	1.99762e-12
0.0473075	1.97357e-12
0.0477806	1.94992e-12
0.0482584	1.92665e-12
0.048741	1.90375e-12
0.0492284	1.88121e-12
0.0497207	1.85903e-12
0.0502179	1.83719e-12
0.0507201	1.81569e-12
0.0512273	1.79452e-12
0.0517396	1.77366e-12
0.052257	1.75312e-12
0.0527795	1.73288e-12
0.0533073	1.71293e-12
0.0538404	1.69328e-12
0.0543788	1.67391e-12
0.0549226	1.65482e-12
0.0554718	1.63601e-12
0.0560265	1.61745e-12
0.0565868	1.59916e-12
0.0571527	1.58112e-12
0.0577242	1.56334e-12
0.0583014	1.5458e-12
0.0588844	1.52849e-12
0.0594733	1.51143e-12
0.060068	1.49459e-12
0.0606687	1.47799e-12
0.0612754	1.4616e-12
0.0618881	1.44544e-12
0.062507	1.42949e-12
0.0631321	1.41375e-12
0.0637634	1.39822e-12
0.0644011	1.38289e-12
0.0650451	1.36776e-12
0.0656955	1.35283e-12
0.0663525	1.3381e-12
0.067016	1.32355e-12
0.0676862	1.3092e-12
0.068363	1.29502e-12
0.0690466	1.28103e-12
0.0697371	1.26722e-12
0.0704345	1.25358e-12
0.0711388	1.24012e-12
0.0718502	1.22683e-12
0.0725687	1.2137e-12
0.0732944	1.20074e-12
0.0740273	1.18795e-12
0.0747676	1.17531e-12
0.0755153	1.16284e-12
0.0762705	1.15052e-12
0.0770332	1.13835e-12
0.0778035	1.12634e-12
0.0785815	1.11447e-12
0.0793673	1.10275e-12
0.080161	1.09118e-12
0.0809626	1.07975e-12
0.0817722	1.06846e-12
0.08259	1.05731e-12
0.0834159	1.0463e-12
0.08425	1.03542e-12
0.0850925	1.02467e-12
0.0859435	1.01406e-12
0.0868029	1.00358e-12
0.0876709	9.93225e-13
0.0885476	9.82998e-13
0.0894331	9.72895e-13
0.0903274	9.62915e-13
0.0912307	9.53057e-13
0.092143	9.43319e-13
0.0930644	9.33698e-13
0.0939951	9.24195e-13
0.094935	9.14807e-13
0.0958844	9.05532e-13
0.0968432	8.9637e-13
0.0978117	8.87319e-13
0.0987898	8.78377e-13
0.0997777	8.69543e-13
0.100775	8.60816e-13
0.101783	8.52193e-13
0.102801	8.43675e-13
0.103829	8.35259e-13
0.104867	8.26945e-13
0.105916	8.1873e-13
0.106975	8.10615e-13
0.108045	8.02596e-13
0.109125	7.94674e-13
0.110217	7.86847e-13
0.111319	7.79114e-13
0.112432	7.71474e-13
0.113556	7.63925e-13
0.114692	7.56467e-13
0.115839	7.49098e-13
0.116997	7.41817e-13
0.118167	7.34623e-13
0.119349	7.27516e-13
0.120542	7.20493e-13
0.121748	7.13555e-13
0.122965	7.06699e-13
0.124195	6.99925e-13
0.125437	6.93233e-13
0.126691	6.8662e-13
0.127958	6.80086e-13
0.129238	6.7363e-13
0.13053	6.67252e-13
0.131835	6.60949e-13
0.133154	6.54722e-13
0.134485	6.4857e-13
0.13583	6.4249e-13
0.137188	6.36484e-13
0.13856	6.30549e-13
0.139946	6.24685e-13
0.141345	6.18891e-13
0.142759	6.13167e-13
0.144186	6.07511e-13
0.145628	6.01922e-13
0.147085	5.964e-13
0.148555	5.90945e-13
0.150041	5.85555e-13
0.151541	5.80229e-13
0.153057	5.74967e-13
0.154587	5.69768e-13
0.156133	5.64632e-13
0.157695	5.59557e-13
0.159271	5.54543e-13
0.160864	5.4959e-13
0.162473	5.44695e-13
0.164098	5.3986e-13
0.165739	5.35083e-13
0.167396	5.30364e-13
0.16907	5.25702e-13
0.170761	5.21095e-13
0.172468	5.16545e-13
0.174193	5.1205e-13
0.175935	5.07609e-13
0.177694	5.03222e-13
0.179471	4.98888e-13
0.181266	4.94607e-13
0.183078	4.90378e-13
0.184909	4.86201e-13
0.186758	4.82074e-13
0.188626	4.77999e-13
0.190512	4.73973e-13
0.192417	4.69997e-13
0.194341	4.66069e-13
0.196285	4.62191e-13
0.198248	4.5836e-13
0.20023	4.54577e-13
0.202232	4.5084e-13
0.204255	4.47151e-13
0.206297	4.43507e-13
0.20836	4.39909e-13
0.210444	4.36356e-13
0.212548	4.32848e-13
0.214674	4.29385e-13
0.216821	4.25965e-13
0.218989	4.2259e-13
0.221179	4.19257e-13
0.22339	4.15967e-13
0.225624	4.1272e-13
0.227881	4.09515e-13
0.230159	4.06351e-13
0.232461	4.03229e-13
0.234786	4.00148e-13
0.237134	3.97108e-13
0.239505	3.94108e-13
0.2419	3.91149e-13
0.244319	3.88229e-13
0.246762	3.85349e-13
0.24923	3.82509e-13
0.251722	3.79707e-13
0.254239	3.76944e-13
0.256782	3.7422e-13
0.259349	3.71535e-13
0.261943	3.68887e-13
0.264562	3.66277e-13
0.267208	3.63706e-13
0.26988	3.61171e-13
0.272579	3.58675e-13
0.275305	3.56215e-13
0.278058	3.53793e-13
0.280838	3.51407e-13
0.283647	3.49059e-13
0.286483	3.46747e-13
0.289348	3.44471e-13
0.292241	3.42233e-13
0.295164	3.4003e-13
0.298115	3.37864e-13
0.301097	3.35735e-13
0.304108	3.33642e-13
0.307149	3.31584e-13
0.31022	3.29563e-13
0.313322	3.27579e-13
0.316456	3.2563e-13
0.31962	3.23718e-13
0.322816	3.21841e-13
0.326045	3.20001e-13
0.329305	3.18197e-13
0.332598	3.1643e-13
0.335924	3.14698e-13
0.339283	3.13003e-13
0.342676	3.11344e-13
0.346103	3.09722e-13
0.349564	3.08136e-13
0.353059	3.06587e-13
0.35659	3.05074e-13
0.360156	3.03598e-13
0.363758	3.02158e-13
0.367395	3.00755e-13
0.371069	2.99389e-13
0.37478	2.9806e-13
0.378528	2.96768e-13
0.382313	2.95513e-13
0.386136	2.94294e-13
0.389997	2.93112e-13
0.393897	2.91968e-13
0.397836	2.9086e-13
0.401815	2.89789e-13
0.405833	2.88755e-13
0.409891	2.87757e-13
0.41399	2.86795e-13
0.41813	2.8587e-13
0.422311	2.84982e-13
0.426534	2.84128e-13
0.4308	2.83311e-13
0.435108	2.82529e-13
0.439459	2.81781e-13
0.443853	2.81068e-13
0.448292	2.8039e-13
0.452775	2.79744e-13
0.457303	2.79132e-13
0.461876	2.78552e-13
0.466494	2.78003e-13
0.471159	2.77486e-13
0.475871	2.76999e-13
0.48063	2.76541e-13
0.485436	2.76112e-13
0.49029	2.7571e-13
0.495193	2.75335e-13
0.500145	2.74985e-13
0.505146	2.7466e-13
0.510198	2.74359e-13
0.5153	2.7408e-13
0.520453	2.73822e-13
0.525657	2.73584e-13
0.530914	2.73366e-13
0.536223	2.73165e-13
0.541585	2.7298e-13
0.547001	2.72811e-13
0.552471	2.72656e-13
0.557996	2.72515e-13
0.563576	2.72385e-13
0.569212	2.72267e-13
0.574904	2.72159e-13
0.580653	2.72059e-13
0.586459	2.71968e-13
0.592324	2.71884e-13
0.598247	2.71807e-13
0.60423	2.71735e-13
0.610272	2.71668e-13
0.616375	2.71606e-13
0.622538	2.71548e-13
0.628764	2.71493e-13
0.635051	2.71441e-13
0.641402	2.71392e-13
0.647816	2.71345e-13
0.654294	2.713e-13
0.660837	2.71256e-13
0.667445	2.71214e-13
0.67412	2.71173e-13
0.680861	2.71133e-13
0.68767	2.71095e-13
0.694546	2.71057e-13
0.701492	2.7102e-13
0.708507	2.70983e-13
0.715592	2.70948e-13
0.722748	2.70913e-13
0.729975	2.70878e-13
0.735599	2.70848e-13
0.761075	2.7073e-13
0.786415	2.70625e-13
0.811677	2.70527e-13
0.836868	2.70436e-13
0.861995	2.70351e-13
0.886817	2.70271e-13
0.912154	2.70194e-13
0.936806	2.70122e-13
0.961955	2.70052e-13
0.986829	2.69985e-13
1.01145	2.69921e-13
1.03618	2.69858e-13
1.06068	2.69797e-13
1.08529	2.69737e-13
1.10968	2.69678e-13
1.13419	2.69619e-13
1.15849	2.69561e-13
1.18259	2.69504e-13
1.20652	2.69446e-13
1.23056	2.69389e-13
1.25444	2.6933e-13
1.27787	2.69271e-13
1.30143	2.69211e-13
1.32512	2.6915e-13
1.34839	2.69088e-13
1.3718	2.69023e-13
1.39481	2.68957e-13
1.41796	2.68889e-13
1.44074	2.68818e-13
1.46365	2.68745e-13
1.48646	2.6867e-13
1.50893	2.68591e-13
1.53153	2.68508e-13
1.55404	2.68423e-13
1.57623	2.68333e-13
1.59856	2.68241e-13
1.62081	2.68142e-13
1.64298	2.68037e-13
1.66485	2.6793e-13
1.68687	2.67817e-13
1.7086	2.67698e-13
1.73048	2.67574e-13
1.75209	2.67443e-13
1.77384	2.67307e-13
1.79533	2.67161e-13
1.81676	2.67008e-13
1.83833	2.66851e-13
1.85966	2.66679e-13
1.88094	2.66506e-13
1.90216	2.66318e-13
1.92335	2.66129e-13
1.94448	2.65917e-13
1.96558	2.65703e-13
1.98663	2.65475e-13
2.00746	2.65247e-13
2.02826	2.64999e-13
2.04919	2.64741e-13
2.06992	2.64469e-13
2.09079	2.64199e-13
2.11145	2.63893e-13
2.13208	2.63574e-13
2.15268	2.63252e-13
2.17325	2.62915e-13
2.19363	2.62565e-13
2.21415	2.62203e-13
2.23464	2.61807e-13
2.25494	2.61411e-13
2.27522	2.61005e-13
2.29564	2.60565e-13
2.31588	2.60084e-13
2.3361	2.59626e-13
2.3563	2.59149e-13
2.37632	2.58633e-13
2.39634	2.58126e-13
2.41648	2.57577e-13
2.43646	2.57032e-13
2.45642	2.56445e-13
2.47637	2.55842e-13
2.4963	2.55192e-13
2.51622	2.54547e-13
2.53612	2.53881e-13
2.55587	2.53228e-13
2.57575	2.52527e-13
2.59548	2.51801e-13
2.6152	2.5106e-13
2.6349	2.50302e-13
2.6546	2.4956e-13
2.67429	2.48764e-13
2.69383	2.47917e-13
2.7139	2.47019e-13
2.73249	2.46145e-13
2.75228	2.45309e-13
2.77193	2.44377e-13
2.79143	2.43463e-13
2.8108	2.42532e-13
2.83004	2.4162e-13
2.85042	2.40625e-13
2.8694	2.39595e-13
2.88825	2.38629e-13
2.90822	2.37631e-13
2.92681	2.36494e-13
2.94652	2.35452e-13
2.9661	2.34353e-13
2.98555	2.3323e-13
3.00367	2.32081e-13
3.02288	2.31093e-13
3.04316	2.29965e-13
3.06212	2.28741e-13
3.08096	2.27605e-13
3.09969	2.26462e-13
3.11947	2.25286e-13
3.13797	2.24076e-13
3.1575	2.22907e-13
3.17692	2.21565e-13
3.19509	2.20316e-13
3.21428	2.19146e-13
3.23335	2.17913e-13
3.25232	2.16667e-13
3.27117	2.15422e-13
3.28992	2.14221e-13
3.30965	2.12984e-13
3.32818	2.11663e-13
3.34661	2.10444e-13
3.36601	2.09146e-13
3.38423	2.0788e-13
3.40342	2.06694e-13
3.42249	2.05363e-13
3.44147	2.03966e-13
3.46034	2.02709e-13
3.4791	2.01451e-13
3.49777	2.00137e-13
3.51634	1.98887e-13
3.53481	1.97636e-13
3.5542	1.96414e-13
3.57247	1.95109e-13
3.59166	1.9383e-13
3.60974	1.92595e-13
3.62873	1.91385e-13
3.64763	1.90123e-13
3.66642	1.88916e-13
3.68512	1.87655e-13
3.70372	1.86306e-13
3.72223	1.84964e-13
3.74065	1.83718e-13
3.75898	1.82539e-13
3.77722	1.81366e-13
3.79633	1.80118e-13
3.81439	1.78959e-13
3.83331	1.77825e-13
3.85214	1.76586e-13
3.87088	1.75347e-13
3.88859	1.74156e-13
3.90715	1.73059e-13
3.92563	1.71963e-13
3.94493	1.70787e-13
3.96323	1.696e-13
3.98144	1.68513e-13
4.00048	1.67363e-13
4.01852	1.66157e-13
4.03738	1.64979e-13
4.05526	1.63835e-13
4.07395	1.62816e-13
4.09256	1.6171e-13
4.11108	1.60605e-13
4.12952	1.59555e-13
4.14787	1.58465e-13
4.16615	1.57432e-13
4.18434	1.56366e-13
4.20246	1.55354e-13
4.22135	1.54327e-13
4.23931	1.5329e-13
4.25804	1.52317e-13
4.27669	1.51263e-13
4.29442	1.50288e-13
4.31291	1.49345e-13
4.33132	1.48327e-13
4.34966	1.47312e-13
4.36792	1.46223e-13
4.3861	1.45311e-13
4.40503	1.4438e-13
4.42306	1.43401e-13
4.44102	1.42508e-13
4.45971	1.41565e-13
4.47752	1.40656e-13
4.49607	1.39811e-13
4.51453	1.38896e-13
4.53293	1.38021e-13
4.55124	1.37114e-13
4.56949	1.36254e-13
4.58766	1.35366e-13
4.60576	1.34527e-13
4.62379	1.33696e-13
4.64253	1.32889e-13
4.66042	1.3204e-13
4.67901	1.31242e-13
4.69753	1.303e-13
4.71521	1.29426e-13
4.73358	1.28657e-13
4.75189	1.2786e-13
4.77012	1.27068e-13
4.78829	1.26285e-13
4.80639	1.2554e-13
4.82517	1.24781e-13
4.84313	1.23985e-13
4.86102	1.2326e-13
4.87959	1.22527e-13
4.89735	1.21789e-13
4.91578	1.2107e-13
4.93415	1.20359e-13
4.95244	1.1965e-13
4.97067	1.18917e-13
4.98883	1.1822e-13
