0.001	1.22196e-08
0.0011	1.00988e-08
0.00121	8.34616e-09
0.001331	6.89766e-09
0.0014641	5.70055e-09
0.00161051	4.7112e-09
0.00177156	3.89356e-09
0.00194872	3.21783e-09
0.00214359	2.65937e-09
0.00235795	2.19784e-09
0.00259374	1.81642e-09
0.00285312	1.50119e-09
0.00313843	1.24068e-09
0.00345227	1.02538e-09
0.0037975	8.47457e-10
0.00417725	7.0042e-10
0.00459497	5.7891e-10
0.00505447	4.78499e-10
0.00555992	3.95527e-10
0.00611591	3.26971e-10
0.0067275	2.70332e-10
0.00740025	2.23545e-10
0.00814027	1.84906e-10
0.0089543	1.53005e-10
0.00984973	1.2668e-10
0.0108347	1.04972e-10
0.0119182	8.70872e-11
0.01311	7.23743e-11
0.014421	6.02944e-11
0.0158631	5.0404e-11
0.0174494	4.23365e-11
0.0191943	3.57876e-11
0.0211138	3.05012e-11
0.0232252	2.62574e-11
0.0255477	2.28615e-11
0.0281024	2.01389e-11
0.0309127	1.79379e-11
0.0340039	1.61386e-11
0.0374043	1.46585e-11
0.0411448	1.34471e-11
0.0452593	1.24761e-11
0.0497852	1.17297e-11
0.0547637	1.11963e-11
0.0602401	1.08587e-11
0.0662641	1.0683e-11
0.0728905	1.06155e-11
0.0801795	1.05989e-11
0.0881975	1.05964e-11
0.0970172	1.05959e-11
0.106719	1.05954e-11
0.117391	1.0595e-11
0.12913	1.05945e-11
0.142043	1.0594e-11
0.156247	1.05934e-11
0.171872	1.05928e-11
0.189059	1.0592e-11
0.207965	1.0591e-11
0.228762	1.05899e-11
0.251638	1.05886e-11
0.276801	1.0587e-11
0.304482	1.05851e-11
0.33493	1.05828e-11
0.368423	1.058e-11
0.405265	1.05765e-11
0.445792	1.05723e-11
0.490371	1.05672e-11
0.539408	1.05609e-11
0.593349	1.05532e-11
0.652683	1.05434e-11
0.717952	1.05294e-11
0.735599	1.04352e-11
0.761075	1.03051e-11
0.786415	1.02557e-11
0.811677	1.02017e-11
0.836868	1.01438e-11
0.861995	1.00806e-11
0.886817	1.00129e-11
0.912154	9.94319e-12
0.936806	9.86849e-12
0.961955	9.79137e-12
0.986829	9.71259e-12
1.01145	9.63175e-12
1.03618	9.54441e-12
1.06068	9.46032e-12
1.08529	9.37739e-12
1.10968	9.288e-12
1.13419	9.19637e-12
1.15849	9.1094e-12
1.18259	9.01906e-12
1.20652	8.92949e-12
1.23056	8.8467e-12
1.25444	8.75562e-12
1.27787	8.66524e-12
1.30143	8.5751e-12
1.32512	8.49124e-12
1.34839	8.4083e-12
1.3718	8.31948e-12
1.39481	8.23686e-12
1.41796	8.15444e-12
1.44074	8.07364e-12
1.46365	7.99588e-12
1.48646	7.91873e-12
1.50893	7.84099e-12
1.53153	7.76635e-12
1.55404	7.69501e-12
1.57623	7.6222e-12
1.59856	7.55648e-12
1.62081	7.48813e-12
1.64298	7.41767e-12
1.66485	7.3533e-12
1.68687	7.29058e-12
1.7086	7.22947e-12
1.73048	7.17024e-12
1.75209	7.11266e-12
1.77384	7.05688e-12
1.79533	6.99876e-12
1.81676	6.9443e-12
1.83833	6.89313e-12
1.85966	6.83949e-12
1.88094	6.79073e-12
1.90216	6.74119e-12
1.92335	6.69541e-12
1.94448	6.6459e-12
1.96558	6.59954e-12
1.98663	6.55375e-12
2.00746	6.51108e-12
2.02826	6.47015e-12
2.04919	6.42922e-12
2.06992	6.38937e-12
2.09079	6.35209e-12
2.11145	6.31019e-12
2.13208	6.2703e-12
2.15268	6.23388e-12
2.17325	6.19698e-12
2.19363	6.16233e-12
2.21415	6.12958e-12
2.23464	6.09361e-12
2.25494	6.05988e-12
2.27522	6.02978e-12
2.29564	5.99658e-12
2.31588	5.96151e-12
2.3361	5.93153e-12
2.3563	5.90072e-12
2.37632	5.86976e-12
2.39634	5.84312e-12
2.41648	5.81487e-12
2.43646	5.78677e-12
2.45642	5.75976e-12
2.47637	5.73215e-12
2.4963	5.70423e-12
2.51622	5.67864e-12
2.53612	5.65221e-12
2.55587	5.62825e-12
2.57575	5.60389e-12
2.59548	5.57878e-12
2.6152	5.5554e-12
2.6349	5.53275e-12
2.6546	5.51109e-12
2.67429	5.48827e-12
2.69383	5.46721e-12
2.7139	5.43388e-12
2.73249	5.41147e-12
2.75228	5.40171e-12
2.77193	5.37988e-12
2.79143	5.35738e-12
2.8108	5.33684e-12
2.83004	5.32718e-12
2.85042	5.30367e-12
2.8694	5.27118e-12
2.88825	5.26066e-12
2.90822	5.24141e-12
2.92681	5.22179e-12
2.94652	5.21225e-12
2.9661	5.19111e-12
2.98555	5.1586e-12
3.00367	5.14159e-12
3.02288	5.14669e-12
3.04316	5.12888e-12
3.06212	5.09878e-12
3.08096	5.08018e-12
3.09969	5.07316e-12
3.11947	5.05723e-12
3.13797	5.04184e-12
3.1575	5.03206e-12
3.17692	5.00361e-12
3.19509	4.9871e-12
3.21428	4.98115e-12
3.23335	4.96674e-12
3.25232	4.95122e-12
3.27117	4.93736e-12
3.28992	4.93139e-12
3.30965	4.91526e-12
3.32818	4.89206e-12
3.34661	4.88476e-12
3.36601	4.8717e-12
3.38423	4.86014e-12
3.40342	4.85587e-12
3.42249	4.84243e-12
3.44147	4.8269e-12
3.46034	4.8123e-12
3.4791	4.79799e-12
3.49777	4.78436e-12
3.51634	4.77312e-12
3.53481	4.76878e-12
3.5542	4.75773e-12
3.57247	4.74533e-12
3.59166	4.73282e-12
3.60974	4.72271e-12
3.62873	4.71872e-12
3.64763	4.70835e-12
3.66642	4.69633e-12
3.68512	4.68357e-12
3.70372	4.66984e-12
3.72223	4.65658e-12
3.74065	4.6453e-12
3.75898	4.6365e-12
3.77722	4.63333e-12
3.79633	4.6252e-12
3.81439	4.61732e-12
3.83331	4.61334e-12
3.85214	4.60226e-12
3.87088	4.58545e-12
3.88859	4.57602e-12
3.90715	4.5745e-12
3.92563	4.57296e-12
3.94493	4.56388e-12
3.96323	4.55028e-12
3.98144	4.54489e-12
4.00048	4.53622e-12
4.01852	4.52621e-12
4.03738	4.51632e-12
4.05526	4.50906e-12
4.07395	4.50599e-12
4.09256	4.49876e-12
4.11108	4.49001e-12
4.12952	4.48093e-12
4.14787	4.472e-12
4.16615	4.46383e-12
4.18434	4.45737e-12
4.20246	4.45463e-12
4.22135	4.4488e-12
4.23931	4.44265e-12
4.25804	4.43795e-12
4.27669	4.42713e-12
4.29442	4.41998e-12
4.31291	4.41677e-12
4.33132	4.41078e-12
4.34966	4.40344e-12
4.36792	4.39692e-12
4.3861	4.39356e-12
4.40503	4.38659e-12
4.42306	4.37723e-12
4.44102	4.37306e-12
4.45971	4.36785e-12
4.47752	4.3633e-12
4.49607	4.36095e-12
4.51453	4.35584e-12
4.53293	4.34943e-12
4.55124	4.34261e-12
4.56949	4.33595e-12
4.58766	4.32988e-12
4.60576	4.32527e-12
4.62379	4.3231e-12
4.64253	4.31909e-12
4.66042	4.31468e-12
4.67901	4.31055e-12
4.69753	4.30201e-12
4.71521	4.29581e-12
4.73358	4.29281e-12
4.75189	4.28861e-12
4.77012	4.28392e-12
4.78829	4.27984e-12
4.80639	4.27715e-12
4.82517	4.27191e-12
4.84313	4.26519e-12
4.86102	4.26171e-12
4.87959	4.25793e-12
4.89735	4.25465e-12
4.91578	4.25267e-12
4.93415	4.24902e-12
4.95244	4.24439e-12
4.97067	4.23951e-12
4.98883	4.23501e-12
