0.0001	6.97088e-09
0.00011	5.7639e-09
0.000121	4.76521e-09
0.0001331	3.94075e-09
0.00014641	3.25995e-09
0.000161051	2.69787e-09
0.000177156	2.23394e-09
0.000194872	1.85123e-09
0.000214359	1.53566e-09
0.000235795	1.2755e-09
0.000259374	1.06096e-09
0.000285312	8.83823e-10
0.000313843	7.37187e-10
0.000345227	6.1539e-10
0.00037975	5.1396e-10
0.000417725	4.2949e-10
0.000459497	3.59296e-10
0.000505447	3.01062e-10
0.000555992	2.527e-10
0.000611591	2.12403e-10
0.00067275	1.78721e-10
0.000740025	1.50538e-10
0.000814027	1.26955e-10
0.00089543	1.07211e-10
0.000984973	9.06687e-11
0.00108347	7.67981e-11
0.00119182	6.51597e-11
0.001311	5.53857e-11
0.0014421	4.71696e-11
0.00158631	4.02558e-11
0.00174494	3.44306e-11
0.00191943	2.95158e-11
0.00211138	2.53627e-11
0.00232252	2.1847e-11
0.00255477	1.8865e-11
0.00281024	1.63302e-11
0.00309127	1.41703e-11
0.00340039	1.23253e-11
0.00374043	1.0745e-11
0.00411448	9.38771e-12
0.00452593	8.2187e-12
0.00497852	7.20907e-12
0.00547637	6.33475e-12
0.00602401	5.57566e-12
0.00662641	4.91504e-12
0.00728905	4.33884e-12
0.00801795	3.83527e-12
0.00881975	3.39435e-12
0.00970172	3.00768e-12
0.0106719	2.66808e-12
0.0117391	2.36947e-12
0.012913	2.10659e-12
0.0142043	1.87499e-12
0.0156247	1.67079e-12
0.0171872	1.49068e-12
0.0189059	1.3318e-12
0.0207965	1.19168e-12
0.0228762	1.06821e-12
0.0251638	9.59589e-13
0.0276801	8.64282e-13
0.0304482	7.81029e-13
0.033493	7.08809e-13
0.0368423	6.46836e-13
0.0405265	5.94553e-13
0.0445792	5.51612e-13
0.0490371	5.17815e-13
0.0539408	4.92977e-13
0.0593349	4.76633e-13
0.0652683	4.67627e-13
0.0717952	4.63863e-13
0.0789747	4.62817e-13
0.0868722	4.62645e-13
0.0955594	4.62616e-13
0.105115	4.62597e-13
0.115627	4.62578e-13
0.12719	4.62557e-13
0.139908	4.62534e-13
0.153899	4.62509e-13
0.169289	4.62479e-13
0.186218	4.62445e-13
0.20484	4.62405e-13
0.225324	4.62357e-13
0.247856	4.623e-13
0.272642	4.6223e-13
0.299906	4.62147e-13
0.329897	4.62046e-13
0.362887	4.61923e-13
0.399175	4.61774e-13
0.439093	4.61591e-13
0.483002	4.61367e-13
0.531302	4.61091e-13
0.584432	4.60746e-13
0.642876	4.60307e-13
0.707163	4.59653e-13
0.735599	4.54942e-13
0.861995	4.39186e-13
0.986829	4.23474e-13
1.10968	4.05302e-13
1.23056	3.86304e-13
1.34839	3.6734e-13
1.46365	3.4943e-13
1.57623	3.33159e-13
1.68687	3.18695e-13
1.79533	3.05952e-13
1.90216	2.94701e-13
2.00746	2.8465e-13
2.11145	2.75871e-13
2.21415	2.67982e-13
2.31588	2.60641e-13
2.41648	2.54238e-13
2.51622	2.48285e-13
2.6152	2.42903e-13
2.7139	2.37597e-13
2.8108	2.33351e-13
2.90822	2.29178e-13
3.00367	2.24812e-13
3.09969	2.21816e-13
3.19509	2.18046e-13
3.28992	2.15605e-13
3.38423	2.12479e-13
3.4791	2.09756e-13
3.57247	2.07443e-13
3.66642	2.05292e-13
3.75898	2.02665e-13
3.85214	2.01163e-13
3.94493	1.99475e-13
4.03738	1.97383e-13
4.12952	1.95828e-13
4.22135	1.94415e-13
4.31291	1.93006e-13
4.40503	1.91679e-13
4.49607	1.9055e-13
4.58766	1.89181e-13
4.67901	1.88333e-13
4.77012	1.87159e-13
4.86102	1.86182e-13
4.95244	1.85418e-13
