1e-06	3.38477e-56
1.1e-06	8.77922e-56
1.21e-06	2.2771e-55
1.331e-06	5.90622e-55
1.4641e-06	1.53192e-54
1.61051e-06	3.97341e-54
1.77156e-06	1.0306e-53
1.94872e-06	2.67311e-53
2.14359e-06	6.93337e-53
2.35795e-06	1.79834e-52
2.59374e-06	4.66442e-52
2.85312e-06	1.20983e-51
3.13843e-06	3.13799e-51
3.45227e-06	8.13914e-51
3.7975e-06	2.11108e-50
4.17725e-06	5.4756e-50
4.59497e-06	1.42023e-49
5.05447e-06	3.68371e-49
5.55992e-06	9.5546e-49
6.11591e-06	2.47822e-48
6.7275e-06	6.42786e-48
7.40025e-06	1.66722e-47
8.14027e-06	4.32434e-47
8.9543e-06	1.12162e-46
9.84973e-06	2.9092e-46
1.08347e-05	7.54572e-46
1.19182e-05	1.95716e-45
1.311e-05	5.07638e-45
1.4421e-05	1.31668e-44
1.58631e-05	3.41514e-44
1.74494e-05	8.85798e-44
1.91943e-05	2.29753e-43
2.11138e-05	5.95921e-43
2.32252e-05	1.54567e-42
2.55477e-05	4.00906e-42
2.81024e-05	1.03985e-41
3.09127e-05	2.69709e-41
3.40039e-05	6.99556e-41
3.74043e-05	1.81447e-40
4.11448e-05	4.70627e-40
4.52593e-05	1.22068e-39
4.97852e-05	3.16614e-39
5.47637e-05	8.21215e-39
6.02401e-05	2.13002e-38
6.62641e-05	5.52473e-38
7.28905e-05	8.20593e-38
8.01795e-05	1.16201e-37
8.81975e-05	1.63567e-37
9.70172e-05	2.32648e-37
0.000106719	3.27203e-37
0.000117391	4.53126e-37
0.00012913	6.26028e-37
0.000142043	8.39593e-37
0.000156247	1.07966e-36
0.000171872	1.30853e-36
0.000189059	1.4958e-36
0.000207965	1.50567e-36
0.000228762	1.25712e-36
0.000251638	6.64645e-37
0.000276801	2.92668e-37
0.000304482	2.45703e-37
0.00033493	2.52458e-37
0.000368423	2.77303e-37
0.000405265	3.1585e-37
0.000445792	3.78496e-37
0.000490371	4.60681e-37
0.000539408	5.67554e-37
0.000593349	7.04874e-37
0.000652683	9.03108e-37
0.000717952	1.13336e-36
0.000789747	1.47131e-36
0.000868722	1.9685e-36
0.000955594	2.53761e-36
0.00105115	3.37121e-36
0.00115627	4.35781e-36
0.0012719	5.793e-36
0.00139908	7.91948e-36
0.00153899	1.05267e-35
0.00169289	1.39994e-35
0.00186218	1.86603e-35
0.0020484	2.41336e-35
0.00225324	3.24033e-35
0.00247856	4.35226e-35
0.00272642	5.67883e-35
0.00299906	7.53956e-35
0.00329897	1.00484e-34
0.00362887	1.3509e-34
0.00399175	1.78719e-34
0.00439093	2.46288e-34
0.00483002	3.26914e-34
0.00531302	4.38179e-34
0.00584432	6.07569e-34
0.00642876	8.70521e-34
0.00707163	1.26337e-33
0.0077788	1.85081e-33
0.00855668	2.82969e-33
0.00941234	4.46155e-33
0.0103536	7.26139e-33
0.0113889	1.2061e-32
0.0125278	2.04862e-32
0.0137806	3.52904e-32
0.0151587	6.14908e-32
0.0166745	1.07942e-31
0.018342	1.90265e-31
0.0201762	3.36247e-31
0.0221938	5.95092e-31
0.0244132	1.05375e-30
0.0268545	1.86658e-30
0.02954	3.30677e-30
0.032494	5.85814e-30
0.0357434	1.03781e-29
0.0393177	1.83854e-29
0.0432495	3.25708e-29
0.0475744	5.77011e-29
0.0523319	1.02221e-28
0.057565	1.81091e-28
0.0633215	3.20814e-28
0.0696537	5.68341e-28
0.0766191	1.00685e-27
0.084281	1.7837e-27
0.0927091	3.15993e-27
0.10198	5.59801e-27
0.112178	9.91722e-27
0.123396	1.7569e-26
0.135735	3.11245e-26
0.149309	5.5139e-26
0.16424	9.76822e-26
0.180664	1.7305e-25
0.19873	3.06569e-25
0.218603	5.43107e-25
0.240463	9.62148e-25
0.26451	1.70451e-24
0.290961	3.01965e-24
0.320057	5.3495e-24
0.352063	9.477e-24
0.387269	1.67892e-23
0.425996	2.97432e-23
0.468595	5.26921e-23
0.515455	9.3348e-23
0.567	1.65373e-22
0.6237	2.92972e-22
0.68607	5.19023e-22
0.754677	9.19496e-22
0.830145	1.62897e-21
0.91316	2.88589e-21
1.00448	5.11267e-21
1.10492	9.0577e-21
1.21542	1.60469e-20
1.33696	2.84294e-20
1.47065	5.03674e-20
1.61772	8.92352e-20
1.77949	1.58099e-19
1.95744	2.80111e-19
2.15318	4.96296e-19
2.3685	8.7935e-19
2.60535	1.55811e-18
2.86589	2.76089e-18
3.15247	4.89239e-18
3.46772	8.66998e-18
3.81449	1.53654e-17
4.19594	2.72336e-17
4.61554	4.82737e-17
5.07709	8.55792e-17
5.5848	1.51736e-16
6.14328	2.69083e-16
6.75761	4.77285e-16
7.43337	8.468e-16
8.17671	1.50287e-15
8.99438	2.66825e-15
9.89382	4.73952e-15
10.8832	8.42335e-15
11.9715	1.49807e-14
13.1687	2.66649e-14
14.4855	4.751e-14
15.9341	8.47547e-14
17.5275	1.51424e-13
19.2802	2.7103e-13
21.2083	4.86201e-13
23.3291	8.74597e-13
25.662	1.5786e-12
28.2282	2.86122e-12
31.051	5.21302e-12
34.1561	9.55978e-12
37.5717	1.76749e-11
41.3289	3.30198e-11
45.4618	6.25161e-11
50.008	1.20442e-10
55.0088	2.37491e-10
60.5097	4.83389e-10
66.5606	1.0291e-09
73.2167	2.34188e-09
80.5384	5.91784e-09
88.5922	1.77154e-08
97.4514	6.23667e-08
107.197	8.8801e-08
117.916	9.88313e-08
129.708	1.10313e-07
142.679	1.1913e-07
156.947	1.32172e-07
172.641	1.38781e-07
189.905	1.47966e-07
208.896	1.50629e-07
229.785	1.31903e-07
252.764	1.04987e-07
278.04	4.55294e-08
305.844	8.37775e-09
336.429	4.62286e-09
370.072	2.92889e-09
407.079	2.39642e-09
447.787	1.71588e-09
492.565	1.57773e-09
541.822	1.52767e-09
596.004	1.09953e-09
655.605	1.17711e-09
721.165	7.62481e-10
793.281	8.45613e-10
872.61	1.01423e-09
959.871	5.47803e-10
1055.86	7.76706e-10
1161.44	2.9127e-10
1277.59	3.94753e-10
1405.35	8.07573e-10
1545.88	1.69997e-10
1700.47	2.97398e-10
1870.52	1.49988e-09
2057.57	9.34194e-11
2263.32	2.64854e-10
2489.66	3.10732e-11
2738.62	4.69464e-11
3012.49	5.48619e-10
3313.73	1.02975e-11
3645.11	2.31707e-11
4009.62	2.22852e-12
4410.58	2.64437e-12
4851.64	1.84456e-11
5336.8	3.4903e-13
5870.48	5.22511e-13
6457.53	6.39587e-14
7103.28	3.47024e-14
7813.61	1.56513e-13
8594.97	2.51908e-15
9454.47	2.00671e-15
