1e-06	2.42778e-32
1.1e-06	5.22532e-32
1.21e-06	1.11732e-31
1.331e-06	2.36676e-31
1.4641e-06	5.00034e-31
1.61051e-06	1.06067e-30
1.77156e-06	2.27194e-30
1.94872e-06	4.87375e-30
2.14359e-06	1.04545e-29
2.35795e-06	2.2417e-29
2.59374e-06	4.82395e-29
2.85312e-06	1.03114e-28
3.13843e-06	2.21079e-28
3.45227e-06	4.73501e-28
3.7975e-06	1.01673e-27
4.17725e-06	2.17457e-27
4.59497e-06	4.66271e-27
5.05447e-06	9.98947e-27
5.55992e-06	2.14293e-26
6.11591e-06	4.59429e-26
6.7275e-06	9.85591e-26
7.40025e-06	2.11006e-25
8.14027e-06	4.52484e-25
8.9543e-06	9.69789e-25
9.84973e-06	2.07917e-24
1.08347e-05	4.45671e-24
1.19182e-05	9.55238e-24
1.311e-05	2.04787e-23
1.4421e-05	4.38984e-23
1.58631e-05	9.40999e-23
1.74494e-05	2.01733e-22
1.91943e-05	4.32392e-22
2.11138e-05	9.26843e-22
2.32252e-05	1.98678e-21
2.55477e-05	4.25897e-21
2.81024e-05	9.12898e-21
3.09127e-05	1.95686e-20
3.40039e-05	4.19455e-20
3.74043e-05	8.99097e-20
4.11448e-05	1.92713e-19
4.52593e-05	4.13043e-19
4.97852e-05	8.85254e-19
5.47637e-05	1.89719e-18
6.02401e-05	4.0653e-18
6.62641e-05	8.7098e-18
7.28905e-05	1.86557e-17
8.01795e-05	3.9945e-17
8.81975e-05	8.54852e-17
9.70172e-05	1.82803e-16
0.000106719	3.90478e-16
0.000117391	8.32725e-16
0.00012913	1.77166e-15
0.000142043	3.75634e-15
0.000156247	7.92481e-15
0.000171872	1.65999e-14
0.000189059	3.44186e-14
0.000207965	7.03499e-14
0.000228762	1.41002e-13
0.000251638	2.75465e-13
0.000276801	5.21911e-13
0.000304482	9.59467e-13
0.00033493	1.73582e-12
0.000368423	3.19131e-12
0.000405265	6.14004e-12
0.000445792	1.22642e-11
0.000490371	2.4921e-11
0.000539408	5.12511e-11
0.000593349	1.03415e-10
0.000652683	2.03679e-10
0.000717952	3.89663e-10
0.000789747	7.22659e-10
0.000868722	1.29489e-09
0.000955594	2.29199e-09
0.00105115	4.25115e-09
0.00115627	8.62032e-09
0.0012719	1.78015e-08
0.00139908	3.2665e-08
0.00153899	5.46528e-08
0.00169289	9.45509e-08
0.00186218	1.3652e-07
0.0020484	1.96452e-07
0.00225324	2.48208e-07
0.00247856	3.10307e-07
0.00272642	4.18332e-07
0.00299906	6.01204e-07
0.00329897	8.77606e-07
0.00362887	1.31852e-06
0.00399175	1.96854e-06
0.00439093	2.91034e-06
0.00483002	4.26254e-06
0.00531302	6.21187e-06
0.00584432	9.07918e-06
0.00642876	1.33034e-05
0.00707163	1.9488e-05
0.0077788	2.85239e-05
0.00855668	4.17588e-05
0.00941234	6.11161e-05
0.0103536	8.94652e-05
0.0113889	0.000131113
0.0125278	0.000191717
0.0137806	0.000281225
0.0151587	0.000411629
0.0166745	0.00060226
0.018342	0.000881843
0.0201762	0.00129096
0.0221938	0.00189015
0.0244132	0.00276738
0.0268545	0.00405172
0.02954	0.00593212
0.032494	0.00868522
0.0357434	0.012716
0.0393177	0.0186176
0.0432495	0.027258
0.0475744	0.0399084
0.0523319	0.05843
0.057565	0.0855474
0.0633215	0.12525
0.0696537	0.183379
0.0766191	0.268485
0.084281	0.39309
0.0927091	0.575524
0.10198	0.842626
0.112178	1.23369
0.123396	1.80625
0.135735	2.64455
0.149309	3.8719
0.16424	5.66888
0.180664	8.29987
0.19873	12.1519
0.218603	17.7918
0.240463	26.0494
0.26451	38.1394
0.290961	55.841
0.320057	81.7585
0.352063	119.706
0.387269	175.267
0.425996	256.617
0.468595	375.73
0.515455	550.136
0.567	805.503
0.6237	1179.42
0.68607	1726.93
0.754677	2528.64
0.830145	3702.55
0.91316	5421.44
1.00448	7938.09
1.10492	11622.6
1.21542	17017.3
1.33696	24916.3
1.47065	36482.3
1.61772	53418.2
1.77949	78219.2
1.95744	114543
2.15318	167756
2.3685	245740
2.60535	360083
2.86589	527843
3.15247	774133
3.46772	1.13589e+06
3.81449	1.66763e+06
4.19594	2.45005e+06
4.61554	3.60302e+06
5.07709	5.30552e+06
5.5848	7.82702e+06
6.14328	1.15787e+07
6.75761	1.72032e+07
7.43337	2.57501e+07
8.17671	3.90836e+07
8.99438	6.09394e+07
9.89382	9.49273e+07
10.8832	1.12515e+08
11.9715	1.62362e+08
13.1687	2.40935e+08
14.4855	3.58724e+08
15.9341	5.36429e+08
17.5275	8.06871e+08
19.2802	1.22347e+09
21.2083	1.8757e+09
23.3291	2.91597e+09
25.662	4.60218e+09
28.2282	7.35397e+09
31.051	1.18152e+10
34.1561	1.88882e+10
37.5717	2.97459e+10
41.3289	4.57591e+10
45.4618	6.82401e+10
50.008	9.84656e+10
55.0088	1.36868e+11
60.5097	1.83558e+11
66.5606	2.37003e+11
73.2167	2.95489e+11
80.5384	3.54454e+11
88.5922	4.1048e+11
97.4514	4.5717e+11
107.197	4.88288e+11
117.916	4.97613e+11
129.708	4.80684e+11
142.679	4.32504e+11
156.947	3.57549e+11
172.641	2.61816e+11
189.905	1.61568e+11
208.896	7.72033e+10
229.785	2.42848e+10
252.764	3.44635e+09
278.04	3.81788e+07
305.844	0
336.429	0
370.072	0
407.079	0
447.787	0
492.565	0
541.822	0
596.004	0
655.605	0
721.165	0
793.281	0
872.61	0
959.871	0
1055.86	0
1161.44	0
1277.59	0
1405.35	0
1545.88	0
1700.47	0
1870.52	0
2057.57	0
2263.32	0
2489.66	0
2738.62	0
3012.49	0
3313.73	0
3645.11	0
4009.62	0
4410.58	0
4851.64	0
5336.8	0
5870.48	0
6457.53	0
7103.28	0
7813.61	0
8594.97	0
9454.47	0
