1e-06	4.95732e-29
1.1e-06	1.06063e-28
1.21e-06	2.26922e-28
1.331e-06	4.85503e-28
1.4641e-06	1.03874e-27
1.61051e-06	2.22239e-27
1.77156e-06	4.75482e-27
1.94872e-06	1.0173e-26
2.14359e-06	2.17651e-26
2.35795e-06	4.65664e-26
2.59374e-06	9.96287e-26
2.85312e-06	2.13155e-25
3.13843e-06	4.56045e-25
3.45227e-06	9.75705e-25
3.7975e-06	2.08751e-24
4.17725e-06	4.46621e-24
4.59497e-06	9.55541e-24
5.05447e-06	2.04437e-23
5.55992e-06	4.37389e-23
6.11591e-06	9.35786e-23
6.7275e-06	2.0021e-22
7.40025e-06	4.28345e-22
8.14027e-06	9.16434e-22
8.9543e-06	1.96069e-21
9.84973e-06	4.19484e-21
1.08347e-05	8.97475e-21
1.19182e-05	1.92012e-20
1.311e-05	4.10804e-20
1.4421e-05	8.78902e-20
1.58631e-05	1.88038e-19
1.74494e-05	4.023e-19
1.91943e-05	8.60707e-19
2.11138e-05	1.84145e-18
2.32252e-05	3.9397e-18
2.55477e-05	8.42882e-18
2.81024e-05	1.80331e-17
3.09127e-05	3.85809e-17
3.40039e-05	8.25421e-17
3.74043e-05	1.76595e-16
4.11448e-05	3.77815e-16
4.52593e-05	8.08315e-16
4.97852e-05	1.72935e-15
5.47637e-05	3.69984e-15
6.02401e-05	7.91559e-15
6.62641e-05	1.69349e-14
7.28905e-05	3.62312e-14
8.01795e-05	7.75144e-14
8.81975e-05	1.65837e-13
9.70172e-05	3.54797e-13
0.000106719	7.59065e-13
0.000117391	1.62397e-12
0.00012913	3.47436e-12
0.000142043	7.43313e-12
0.000156247	1.59026e-11
0.000171872	3.40224e-11
0.000189059	7.27884e-11
0.000207965	1.55725e-10
0.000228762	3.33161e-10
0.000251638	7.12769e-10
0.000276801	1.52491e-09
0.000304482	3.26241e-09
0.00033493	6.97964e-09
0.000368423	1.49323e-08
0.000405265	3.19463e-08
0.000445792	6.83462e-08
0.000490371	1.4622e-07
0.000539408	3.12824e-07
0.000593349	6.69256e-07
0.000652683	1.43181e-06
0.000717952	3.06321e-06
0.000789747	6.55341e-06
0.000868722	1.40203e-05
0.000955594	2.9995e-05
0.00105115	6.41711e-05
0.00115627	0.000137287
0.0012719	0.000293711
0.00139908	0.000628361
0.00153899	0.00134431
0.00169289	0.00287599
0.00186218	0.00615284
0.0020484	0.0131633
0.00225324	0.0281612
0.00247856	0.0602475
0.00272642	0.128892
0.00299906	0.275748
0.00329897	0.589928
0.00362887	1.26208
0.00399175	2.70005
0.00439093	5.7764
0.00483002	12.3578
0.00531302	26.4379
0.00584432	56.5603
0.00642876	121.003
0.00707163	258.869
0.0077788	553.814
0.00855668	1184.81
0.00941234	2534.72
0.0103536	5422.68
0.0113889	11601
0.0125278	24818.7
0.0137806	53095.9
0.0151587	113591
0.0166745	243010
0.018342	519883
0.0201762	1.11221e+06
0.0221938	2.3794e+06
0.0244132	5.09035e+06
0.0268545	1.089e+07
0.02954	2.32975e+07
0.032494	4.98413e+07
0.0357434	1.06628e+08
0.0393177	2.28113e+08
0.0432495	4.88012e+08
0.0475744	1.04402e+09
0.0523319	2.23353e+09
0.057565	4.7783e+09
0.0633215	1.02224e+10
0.0696537	2.18694e+10
0.0766191	4.67866e+10
0.084281	1.00094e+11
0.0927091	2.14137e+11
0.10198	4.58121e+11
0.112178	9.80102e+11
0.123396	2.09684e+12
0.135735	4.48603e+12
0.149309	9.59764e+12
0.16424	2.05339e+13
0.180664	4.39325e+13
0.19873	9.39958e+13
0.218603	2.01113e+14
0.240463	4.30314e+14
0.26451	9.20757e+14
0.290961	1.97026e+15
0.320057	4.21621e+15
0.352063	9.02295e+15
0.387269	1.93111e+16
0.425996	4.13338e+16
0.468595	8.84812e+16
0.515455	1.89433e+17
0.567	4.05631e+17
0.6237	8.68747e+17
0.68607	1.86107e+18
0.754677	3.98805e+18
0.830145	8.54908e+18
0.91316	1.83374e+19
1.00448	3.9345e+19
1.10492	8.45035e+19
1.21542	1.81641e+20
1.33696	3.91111e+20
1.47065	8.45899e+20
1.61772	1.90093e+21
1.77949	4.13976e+21
1.95744	9.34719e+21
2.15318	4.36488e+22
2.3685	6.20459e+22
2.60535	1.7883e+23
2.86589	8.71825e+23
3.15247	2.40243e+24
3.46772	6.93967e+24
3.81449	4.30083e+25
4.19594	7.72422e+25
4.61554	2.29925e+26
5.07709	8.52339e+26
5.5848	2.27721e+27
6.14328	5.6182e+27
6.75761	1.93384e+28
7.43337	3.93454e+28
8.17671	1.0749e+29
8.99438	2.87579e+29
9.89382	6.33228e+29
10.8832	1.34477e+30
11.9715	2.57863e+30
13.1687	4.86531e+30
14.4855	8.9357e+30
15.9341	1.59462e+31
17.5275	2.98093e+31
19.2802	5.32486e+31
21.2083	9.3694e+31
23.3291	1.6394e+32
25.662	2.90149e+32
28.2282	5.06189e+32
31.051	8.72408e+32
34.1561	1.51343e+33
37.5717	2.63245e+33
41.3289	4.5404e+33
45.4618	7.81216e+33
50.008	1.34462e+34
55.0088	2.33299e+34
60.5097	3.99206e+34
66.5606	6.82744e+34
73.2167	1.16122e+35
80.5384	1.97438e+35
88.5922	3.33944e+35
97.4514	5.63566e+35
107.197	9.41026e+35
117.916	1.56547e+36
129.708	2.56893e+36
142.679	4.16776e+36
156.947	6.75991e+36
172.641	1.04903e+37
189.905	1.56926e+37
208.896	2.21253e+37
229.785	2.85048e+37
252.764	3.18439e+37
278.04	2.75368e+37
305.844	1.35303e+37
336.429	9.22605e+36
370.072	7.87867e+36
407.079	7.48736e+36
447.787	7.37161e+36
492.565	7.43186e+36
541.822	7.72779e+36
596.004	7.94916e+36
655.605	8.16395e+36
721.165	8.60045e+36
793.281	8.76466e+36
872.61	9.17952e+36
959.871	9.18515e+36
1055.86	9.50138e+36
1161.44	9.24263e+36
1277.59	9.3945e+36
1405.35	8.7804e+36
1545.88	8.72949e+36
1700.47	7.70772e+36
1870.52	7.4633e+36
2057.57	7.09778e+36
2263.32	5.67954e+36
2489.66	5.22255e+36
2738.62	4.69308e+36
3012.49	4.11321e+36
3313.73	2.74689e+36
3645.11	2.47562e+36
4009.62	2.16386e+36
4410.58	1.46552e+36
4851.64	1.65988e+36
5336.8	5.78666e+35
5870.48	3.51256e+35
6457.53	2.38039e+35
7103.28	1.53635e+35
7813.61	3.54314e+35
8594.97	2.20231e+35
9454.47	0
