0.0001	4.7191e-08
0.000101	4.63546e-08
0.00010201	4.5533e-08
0.00010303	4.47261e-08
0.00010406	4.39334e-08
0.000105101	4.31549e-08
0.000106152	4.23903e-08
0.000107214	4.16394e-08
0.000108286	4.09022e-08
0.000109369	4.01785e-08
0.000110462	3.94682e-08
0.000111567	3.87711e-08
0.000112683	3.80874e-08
0.000113809	3.74168e-08
0.000114947	3.67594e-08
0.000116097	3.61152e-08
0.000117258	3.5484e-08
0.00011843	3.48658e-08
0.000119615	3.42606e-08
0.000120811	3.36683e-08
0.000122019	3.30889e-08
0.000123239	3.25222e-08
0.000124472	3.1968e-08
0.000125716	3.14262e-08
0.000126973	3.08966e-08
0.000128243	3.03789e-08
0.000129526	2.98728e-08
0.000130821	2.93778e-08
0.000132129	2.88937e-08
0.00013345	2.84199e-08
0.000134785	2.79558e-08
0.000136133	2.75011e-08
0.000137494	2.7055e-08
0.000138869	2.6617e-08
0.000140258	2.61864e-08
0.00014166	2.57627e-08
0.000143077	2.53452e-08
0.000144508	2.49336e-08
0.000145953	2.45272e-08
0.000147412	2.41258e-08
0.000148886	2.3729e-08
0.000150375	2.33369e-08
0.000151879	2.29493e-08
0.000153398	2.25663e-08
0.000154932	2.21883e-08
0.000156481	2.18155e-08
0.000158046	2.14485e-08
0.000159626	2.10875e-08
0.000161223	2.07333e-08
0.000162835	2.03861e-08
0.000164463	2.00465e-08
0.000166108	1.97146e-08
0.000167769	1.93908e-08
0.000169447	1.90749e-08
0.000171141	1.87669e-08
0.000172852	1.84664e-08
0.000174581	1.8173e-08
0.000176327	1.78862e-08
0.00017809	1.76053e-08
0.000179871	1.73298e-08
0.00018167	1.70592e-08
0.000183486	1.6793e-08
0.000185321	1.65311e-08
0.000187174	1.62733e-08
0.000189046	1.60199e-08
0.000190937	1.57711e-08
0.000192846	1.55272e-08
0.000194774	1.52887e-08
0.000196722	1.50556e-08
0.000198689	1.4828e-08
0.000200676	1.46056e-08
0.000202683	1.43877e-08
0.00020471	1.41737e-08
0.000206757	1.39623e-08
0.000208825	1.37528e-08
0.000210913	1.35443e-08
0.000213022	1.33363e-08
0.000215152	1.31291e-08
0.000217304	1.29233e-08
0.000219477	1.27199e-08
0.000221672	1.25202e-08
0.000223888	1.23254e-08
0.000226127	1.21364e-08
0.000228388	1.19534e-08
0.000230672	1.17764e-08
0.000232979	1.16045e-08
0.000235309	1.1437e-08
0.000237662	1.1273e-08
0.000240038	1.11122e-08
0.000242439	1.09547e-08
0.000244863	1.0801e-08
0.000247312	1.06514e-08
0.000249785	1.05061e-08
0.000252283	1.03643e-08
0.000254806	1.02244e-08
0.000257354	1.00847e-08
0.000259927	9.94345e-09
0.000262527	9.80009e-09
0.000265152	9.65541e-09
0.000267803	9.51134e-09
0.000270481	9.3701e-09
0.000273186	9.23328e-09
0.000275918	9.10124e-09
0.000278677	8.97335e-09
0.000281464	8.84875e-09
0.000284279	8.7273e-09
0.000287121	8.60982e-09
0.000289993	8.49743e-09
0.000292893	8.39026e-09
0.000295822	8.28667e-09
0.00029878	8.18369e-09
0.000301768	8.07878e-09
0.000304785	7.97152e-09
0.000307833	7.86387e-09
0.000310911	7.75835e-09
0.00031402	7.65587e-09
0.000317161	7.5553e-09
0.000320332	7.45523e-09
0.000323536	7.35605e-09
0.000326771	7.25972e-09
0.000330039	7.16722e-09
0.000333339	7.07665e-09
0.000336672	6.98497e-09
0.000340039	6.89191e-09
0.00034344	6.80103e-09
0.000346874	6.71602e-09
0.000350343	6.63681e-09
0.000353846	6.56073e-09
0.000357385	6.4867e-09
0.000360958	6.41556e-09
0.000364568	6.34534e-09
0.000368214	6.27032e-09
0.000371896	6.18788e-09
0.000375615	6.10277e-09
0.000379371	6.0207e-09
0.000383165	5.94226e-09
0.000386996	5.86741e-09
0.000390866	5.79949e-09
0.000394775	5.73832e-09
0.000398723	5.67719e-09
0.00040271	5.61356e-09
0.000406737	5.55215e-09
0.000410804	5.49312e-09
0.000414912	5.43251e-09
0.000419062	5.37213e-09
0.000423252	5.31145e-09
0.000427485	5.2443e-09
0.00043176	5.17512e-09
0.000436077	5.11263e-09
0.000440438	5.05525e-09
0.000444842	5.00339e-09
0.000449291	4.95556e-09
0.000453784	4.90169e-09
0.000458321	4.84596e-09
0.000462905	4.7953e-09
0.000467534	4.74752e-09
0.000472209	4.70508e-09
0.000476931	4.65768e-09
0.0004817	4.60213e-09
0.000486517	4.54711e-09
0.000491383	4.49153e-09
0.000496296	4.44167e-09
0.000501259	4.39146e-09
0.000506272	4.34802e-09
0.000511335	4.31573e-09
0.000516448	4.28796e-09
0.000521613	4.25252e-09
0.000526829	4.20006e-09
0.000532097	4.14688e-09
0.000537418	4.09918e-09
0.000542792	4.05825e-09
0.00054822	4.01599e-09
0.000553702	3.98065e-09
0.000559239	3.94911e-09
0.000564832	3.91326e-09
0.00057048	3.8775e-09
0.000576185	3.84789e-09
0.000581947	3.81791e-09
0.000587766	3.77105e-09
0.000593644	3.72765e-09
0.00059958	3.69482e-09
0.000605576	3.65793e-09
0.000611632	3.62534e-09
0.000617748	3.60037e-09
0.000623926	3.57395e-09
0.000630165	3.55618e-09
0.000636466	3.53457e-09
0.000642831	3.48208e-09
0.000649259	3.43184e-09
0.000655752	3.40463e-09
0.00066231	3.38621e-09
0.000668933	3.37495e-09
0.000675622	3.34952e-09
0.000682378	3.32193e-09
0.000689202	3.29555e-09
0.000696094	3.25539e-09
0.000703055	3.23254e-09
0.000710085	3.20376e-09
0.000717186	3.17477e-09
0.000724358	3.15124e-09
0.000731602	3.15064e-09
0.000738918	3.13634e-09
0.000746307	3.09416e-09
0.00075377	3.06079e-09
0.000761308	3.02877e-09
0.000768921	3.00225e-09
0.00077661	2.99886e-09
0.000784376	2.99667e-09
0.00079222	2.9769e-09
0.000800142	2.93318e-09
0.000808144	2.88949e-09
0.000816225	2.87402e-09
0.000824387	2.87523e-09
0.000832631	2.83761e-09
0.000840957	2.82712e-09
0.000849367	2.82004e-09
0.000857861	2.77812e-09
0.000866439	2.72998e-09
0.000875104	2.7087e-09
0.000883855	2.7056e-09
0.000892693	2.69933e-09
0.00090162	2.68355e-09
0.000910636	2.61195e-09
0.000919743	2.58629e-09
0.00092894	2.56455e-09
0.00093823	2.56417e-09
0.000947612	2.54717e-09
0.000957088	2.49875e-09
0.000966659	2.45664e-09
0.000976325	2.43991e-09
0.000986089	2.39725e-09
0.00099595	2.39578e-09
0.00100591	2.39315e-09
0.00101597	2.32825e-09
0.00102613	2.26916e-09
0.00103639	2.26979e-09
0.00104675	2.2534e-09
0.00105722	2.23399e-09
0.00106779	2.18374e-09
0.00107847	2.1453e-09
0.00108926	2.13083e-09
0.00110015	2.11433e-09
0.00111115	2.09482e-09
0.00112226	2.06611e-09
0.00113348	2.02389e-09
0.00114482	1.99982e-09
0.00115627	2.00822e-09
0.00116783	1.98174e-09
0.00117951	1.92757e-09
0.0011913	1.92926e-09
0.00120322	1.91345e-09
0.00121525	1.90175e-09
0.0012274	1.87513e-09
0.00123967	1.84373e-09
0.00125207	1.83586e-09
0.00126459	1.83805e-09
0.00127724	1.83307e-09
0.00129001	1.7763e-09
0.00130291	1.78273e-09
0.00131594	1.79271e-09
0.0013291	1.75588e-09
0.00134239	1.74931e-09
0.00135581	1.7173e-09
0.00136937	1.72357e-09
0.00138307	1.71966e-09
0.0013969	1.66322e-09
0.00141086	1.66494e-09
0.00142497	1.69411e-09
0.00143922	1.635e-09
0.00145362	1.59913e-09
0.00146815	1.6103e-09
0.00148283	1.5895e-09
0.00149766	1.56341e-09
0.00151264	1.51863e-09
0.00152776	1.53831e-09
0.00154304	1.50577e-09
0.00155847	1.48205e-09
0.00157406	1.47442e-09
0.0015898	1.47548e-09
0.0016057	1.42987e-09
0.00162175	1.41936e-09
0.00163797	1.42485e-09
0.00165435	1.39606e-09
0.00167089	1.36903e-09
0.0016876	1.40799e-09
0.00170448	1.36559e-09
0.00172152	1.34985e-09
0.00173874	1.34963e-09
0.00175613	1.34294e-09
0.00177369	1.31553e-09
0.00179142	1.3165e-09
0.00180934	1.2912e-09
0.00182743	1.27366e-09
0.00184571	1.26512e-09
0.00186416	1.25459e-09
0.0018828	1.21814e-09
0.00190163	1.24341e-09
0.00192065	1.19713e-09
0.00193986	1.18471e-09
0.00195925	1.2022e-09
0.00197885	1.15942e-09
0.00199864	1.15646e-09
0.00201862	1.17876e-09
0.00203881	1.12981e-09
0.0020592	1.16353e-09
0.00207979	1.12632e-09
0.00210059	1.11583e-09
0.00212159	1.11289e-09
0.00214281	1.08677e-09
0.00216424	1.0884e-09
0.00218588	1.04788e-09
0.00220774	1.06831e-09
0.00222981	1.05926e-09
0.00225211	1.03723e-09
0.00227463	1.03721e-09
0.00229738	1.01495e-09
0.00232035	1.02198e-09
0.00234356	9.81717e-10
0.00236699	9.86434e-10
0.00239066	9.81309e-10
0.00241457	9.49043e-10
0.00243871	9.78784e-10
0.0024631	9.31293e-10
0.00248773	9.45635e-10
0.00251261	9.44083e-10
0.00253774	9.33828e-10
0.00256311	8.96904e-10
0.00258874	9.1868e-10
0.00261463	8.74211e-10
0.00264078	8.7557e-10
0.00266719	8.70462e-10
0.00269386	8.72264e-10
0.0027208	8.46503e-10
0.002748	8.58631e-10
0.00277548	8.39818e-10
0.00280324	8.34125e-10
0.00283127	8.03007e-10
0.00285958	8.15372e-10
0.00288818	8.03564e-10
0.00291706	8.18609e-10
0.00294623	7.88672e-10
0.0029757	7.79247e-10
0.00300545	7.80516e-10
0.00303551	7.71179e-10
0.00306586	7.69043e-10
0.00309652	7.35797e-10
0.00312749	7.567e-10
0.00315876	7.28689e-10
0.00319035	7.33942e-10
0.00322225	7.31326e-10
0.00325447	7.04803e-10
0.00328702	7.18498e-10
0.00331989	6.91458e-10
0.00335309	6.74742e-10
0.00338662	6.84471e-10
0.00342049	6.74503e-10
0.00345469	6.75098e-10
0.00348924	7.08234e-10
0.00352413	6.60256e-10
0.00355937	6.61142e-10
0.00359496	6.44605e-10
0.00363091	6.47177e-10
0.00366722	6.30466e-10
0.0037039	6.43e-10
0.00374093	6.21101e-10
0.00377834	6.01234e-10
0.00381613	6.13851e-10
0.00385429	6.03437e-10
0.00389283	6.05251e-10
0.00393176	5.91247e-10
0.00397108	5.9722e-10
0.00401079	5.95913e-10
0.0040509	5.8121e-10
0.0040914	5.78133e-10
0.00413232	5.75358e-10
0.00417364	5.52521e-10
0.00421538	5.38513e-10
0.00425753	5.42569e-10
0.00430011	5.42582e-10
0.00434311	5.47089e-10
0.00438654	5.34238e-10
0.0044304	5.23667e-10
0.00447471	5.11862e-10
0.00451946	5.0027e-10
0.00456465	5.28006e-10
0.0046103	5.13179e-10
0.0046564	5.09439e-10
0.00470296	4.85803e-10
0.00474999	4.95575e-10
0.00479749	4.85089e-10
0.00484547	4.69628e-10
0.00489392	4.71277e-10
0.00494286	4.63767e-10
0.00499229	4.80883e-10
0.00504221	4.64647e-10
0.00509264	4.67647e-10
0.00514356	4.55149e-10
0.005195	4.57965e-10
0.00524695	4.50484e-10
0.00529942	4.43315e-10
0.00535241	4.36698e-10
0.00540594	4.37347e-10
0.00546	4.30121e-10
0.0055146	4.34278e-10
0.00556974	4.28274e-10
0.00562544	4.35495e-10
0.00568169	4.03837e-10
0.00573851	4.09128e-10
0.00579589	3.96027e-10
0.00585385	4.08894e-10
0.00591239	3.94631e-10
0.00597152	3.88277e-10
0.00603123	3.86508e-10
0.00609154	3.78703e-10
0.00615246	3.98288e-10
0.00621398	3.72665e-10
0.00627612	3.65362e-10
0.00633888	3.76183e-10
0.00640227	3.63139e-10
0.0064663	3.60832e-10
0.00653096	3.59153e-10
0.00659627	3.53943e-10
0.00666223	3.42915e-10
0.00672885	3.41485e-10
0.00679614	3.48483e-10
0.0068641	3.47544e-10
0.00693275	3.36374e-10
0.00700207	3.39941e-10
0.00707209	3.2333e-10
0.00714281	3.23244e-10
0.00721424	3.2873e-10
0.00728638	3.18956e-10
0.00735925	3.1818e-10
0.00743284	3.18963e-10
0.00750717	3.11881e-10
0.00758224	3.16634e-10
0.00765806	3.07502e-10
0.00773464	3.00249e-10
0.00781199	2.91726e-10
0.00789011	2.93027e-10
0.00796901	2.88934e-10
0.0080487	2.86486e-10
0.00812919	2.79619e-10
0.00821048	2.93444e-10
0.00829259	2.80217e-10
0.00837551	2.76227e-10
0.00845927	2.69559e-10
0.00854386	2.80247e-10
0.0086293	2.70033e-10
0.00871559	2.57593e-10
0.00880275	2.69391e-10
0.00889077	2.58294e-10
0.00897968	2.56767e-10
0.00906948	2.59426e-10
0.00916017	2.54823e-10
0.00925178	2.53996e-10
0.00934429	2.58098e-10
0.00943774	2.50641e-10
0.00953211	2.51379e-10
0.00962743	2.3802e-10
0.00972371	2.31333e-10
0.00982095	2.36839e-10
0.00991916	2.34763e-10
0.0100183	2.40595e-10
0.0101185	2.26613e-10
0.0102197	2.22888e-10
0.0103219	2.28989e-10
0.0104251	2.19794e-10
0.0105294	2.16147e-10
0.0106347	2.22754e-10
0.010741	2.10678e-10
0.0108484	2.235e-10
0.0109569	2.09989e-10
0.0110665	2.108e-10
0.0111772	2.09979e-10
0.0112889	2.06046e-10
0.0114018	2.00229e-10
0.0115158	2.01711e-10
0.011631	2.05919e-10
0.0117473	2.02655e-10
0.0118648	1.93216e-10
0.0119834	1.98116e-10
0.0121033	1.9807e-10
0.0122243	1.95656e-10
0.0123465	1.92491e-10
0.01247	1.90511e-10
0.0125947	1.85896e-10
0.0127206	1.87534e-10
0.0128478	1.75399e-10
0.0129763	1.84145e-10
0.0131061	1.77873e-10
0.0132372	1.76738e-10
0.0133695	1.70169e-10
0.0135032	1.72657e-10
0.0136383	1.70357e-10
0.0137746	1.6968e-10
0.0139124	1.68591e-10
0.0140515	1.65297e-10
0.014192	1.63069e-10
0.0143339	1.62067e-10
0.0144773	1.57284e-10
0.0146221	1.61107e-10
0.0147683	1.58872e-10
0.014916	1.57199e-10
0.0150651	1.50535e-10
0.0152158	1.54259e-10
0.0153679	1.53101e-10
0.0155216	1.51787e-10
0.0156768	1.45935e-10
0.0158336	1.47091e-10
0.0159919	1.42957e-10
0.0161518	1.41956e-10
0.0163134	1.39895e-10
0.0164765	1.41125e-10
0.0166413	1.44254e-10
0.0168077	1.36287e-10
0.0169757	1.37225e-10
0.0171455	1.36701e-10
0.017317	1.35092e-10
0.0174901	1.35282e-10
0.017665	1.30635e-10
0.0178417	1.2984e-10
0.0180201	1.29446e-10
0.0182003	1.27274e-10
0.0183823	1.23916e-10
0.0185661	1.21563e-10
0.0187518	1.29192e-10
0.0189393	1.24668e-10
0.0191287	1.16077e-10
0.01932	1.29229e-10
0.0195132	1.17439e-10
0.0197083	1.15236e-10
0.0199054	1.21501e-10
0.0201045	1.14693e-10
0.0203055	1.16604e-10
0.0205086	1.16648e-10
0.0207136	1.13415e-10
0.0209208	1.09416e-10
0.02113	1.10092e-10
0.0213413	1.07897e-10
0.0215547	1.0813e-10
0.0217702	1.06253e-10
0.0219879	1.08176e-10
0.0222078	1.04391e-10
0.0224299	1.06196e-10
0.0226542	1.01492e-10
0.0228807	1.01736e-10
0.0231095	1.02898e-10
0.0233406	9.95617e-11
0.0235741	9.87669e-11
0.0238098	9.70927e-11
0.0240479	9.68893e-11
0.0242884	9.46087e-11
0.0245313	9.32872e-11
0.0247766	9.54009e-11
0.0250243	9.34461e-11
0.0252746	9.2529e-11
0.0255273	9.25594e-11
0.0257826	9.12128e-11
0.0260404	9.02704e-11
0.0263008	8.86854e-11
0.0265638	8.88824e-11
0.0268295	8.527e-11
0.0270978	8.45013e-11
0.0273687	8.55015e-11
0.0276424	8.38282e-11
0.0279189	8.58663e-11
0.028198	7.94002e-11
0.02848	8.12473e-11
0.0287648	8.07375e-11
0.0290525	8.05354e-11
0.029343	8.05207e-11
0.0296364	7.96655e-11
0.0299328	7.8406e-11
0.0302321	7.78589e-11
0.0305344	7.77824e-11
0.0308398	7.68453e-11
0.0311482	7.52785e-11
0.0314597	7.28937e-11
0.0317743	7.22502e-11
0.032092	7.02272e-11
0.0324129	7.31297e-11
0.032737	7.15035e-11
0.0330644	7.07067e-11
0.0333951	7.31824e-11
0.033729	6.99185e-11
0.0340663	6.80016e-11
0.034407	6.7496e-11
0.034751	6.51069e-11
0.0350985	6.85319e-11
0.0354495	6.63161e-11
0.035804	6.66942e-11
0.0361621	6.38055e-11
0.0365237	6.54616e-11
0.0368889	6.32565e-11
0.0372578	6.23618e-11
0.0376304	6.3051e-11
0.0380067	6.20116e-11
0.0383868	5.96876e-11
0.0387706	5.88501e-11
0.0391583	6.01483e-11
0.0395499	5.98722e-11
0.0399454	5.91166e-11
0.0403449	5.80024e-11
0.0407483	5.67124e-11
0.0411558	5.64883e-11
0.0415674	5.63689e-11
0.041983	5.44475e-11
0.0424029	5.71412e-11
0.0428269	5.29166e-11
0.0432552	5.41835e-11
0.0436877	5.43517e-11
0.0441246	5.21566e-11
0.0445658	5.32992e-11
0.0450115	5.1822e-11
0.0454616	5.15975e-11
0.0459162	5.07326e-11
0.0463754	5.04952e-11
0.0468391	4.97001e-11
0.0473075	4.84817e-11
0.0477806	4.94927e-11
0.0482584	4.66661e-11
0.048741	4.80018e-11
0.0492284	4.69301e-11
0.0497207	4.59867e-11
0.0502179	4.61878e-11
0.0507201	4.62334e-11
0.0512273	4.61153e-11
0.0517396	4.48793e-11
0.052257	4.38923e-11
0.0527795	4.49898e-11
0.0533073	4.35433e-11
0.0538404	4.31262e-11
0.0543788	4.34452e-11
0.0549226	4.1894e-11
0.0554718	4.16343e-11
0.0560265	4.03419e-11
0.0565868	4.06485e-11
0.0571527	4.18052e-11
0.0577242	4.05422e-11
0.0583014	3.99469e-11
0.0588844	4.04771e-11
0.0594733	4.01774e-11
0.060068	3.75882e-11
0.0606687	3.7061e-11
0.0612754	4.00539e-11
0.0618881	3.83805e-11
0.062507	3.62129e-11
0.0631321	3.6207e-11
0.0637634	3.63903e-11
0.0644011	3.53294e-11
0.0650451	3.53208e-11
0.0656955	3.49542e-11
0.0663525	3.56403e-11
0.067016	3.58746e-11
0.0676862	3.30478e-11
0.068363	3.43929e-11
0.0690466	3.48739e-11
0.0697371	3.32716e-11
0.0704345	3.34526e-11
0.0711388	3.30934e-11
0.0718502	3.19532e-11
0.0725687	3.0643e-11
0.0732944	3.1938e-11
0.0740273	3.25433e-11
0.0747676	3.18276e-11
0.0755153	3.11723e-11
0.0762705	2.99999e-11
0.0770332	3.10919e-11
0.0778035	2.93966e-11
0.0785815	2.95377e-11
0.0793673	2.93663e-11
0.080161	2.95756e-11
0.0809626	2.85872e-11
0.0817722	2.91907e-11
0.08259	2.809e-11
0.0834159	2.83286e-11
0.08425	2.78468e-11
0.0850925	2.75123e-11
0.0859435	2.68454e-11
0.0868029	2.63139e-11
0.0876709	2.71391e-11
0.0885476	2.61356e-11
0.0894331	2.55891e-11
0.0903274	2.5355e-11
0.0912307	2.55485e-11
0.092143	2.5281e-11
0.0930644	2.53851e-11
0.0939951	2.50102e-11
0.094935	2.51636e-11
0.0958844	2.41305e-11
0.0968432	2.48557e-11
0.0978117	2.32708e-11
0.0987898	2.39104e-11
0.0997777	2.44176e-11
0.100775	2.40504e-11
0.101783	2.23811e-11
0.102801	2.39136e-11
0.103829	2.19716e-11
0.104867	2.209e-11
0.105916	2.13519e-11
0.106975	2.23378e-11
0.108045	2.16936e-11
0.109125	2.08123e-11
0.110217	2.14523e-11
0.111319	2.10502e-11
0.112432	2.07302e-11
0.113556	2.0446e-11
0.114692	2.08543e-11
0.115839	1.97443e-11
0.116997	1.99381e-11
0.118167	2.00494e-11
0.119349	1.96753e-11
0.120542	1.95761e-11
0.121748	2.008e-11
0.122965	1.92467e-11
0.124195	1.8143e-11
0.125437	1.87275e-11
0.126691	1.87692e-11
0.127958	1.8075e-11
0.129238	1.7897e-11
0.13053	1.78455e-11
0.131835	1.72929e-11
0.133154	1.76042e-11
0.134485	1.7016e-11
0.13583	1.73588e-11
0.137188	1.72063e-11
0.13856	1.73178e-11
0.139946	1.66551e-11
0.141345	1.62672e-11
0.142759	1.59432e-11
0.144186	1.62535e-11
0.145628	1.65637e-11
0.147085	1.54551e-11
0.148555	1.57235e-11
0.150041	1.55094e-11
0.151541	1.50403e-11
0.153057	1.52857e-11
0.154587	1.50219e-11
0.156133	1.50561e-11
0.157695	1.45247e-11
0.159271	1.50777e-11
0.160864	1.45005e-11
0.162473	1.39166e-11
0.164098	1.41844e-11
0.165739	1.41953e-11
0.167396	1.3892e-11
0.16907	1.41554e-11
0.170761	1.37265e-11
0.172468	1.29748e-11
0.174193	1.37125e-11
0.175935	1.35129e-11
0.177694	1.31469e-11
0.179471	1.28203e-11
0.181266	1.27929e-11
0.183078	1.31447e-11
0.184909	1.24841e-11
0.186758	1.25411e-11
0.188626	1.2419e-11
0.190512	1.21414e-11
0.192417	1.19475e-11
0.194341	1.18511e-11
0.196285	1.21535e-11
0.198248	1.20167e-11
0.20023	1.17277e-11
0.202232	1.15146e-11
0.204255	1.11508e-11
0.206297	1.12082e-11
0.20836	1.13733e-11
0.210444	1.08606e-11
0.212548	1.09516e-11
0.214674	1.12964e-11
0.216821	1.08766e-11
0.218989	1.09653e-11
0.221179	1.0578e-11
0.22339	1.05815e-11
0.225624	1.02904e-11
0.227881	1.03703e-11
0.230159	1.01365e-11
0.232461	1.0091e-11
0.234786	1.00589e-11
0.237134	9.76966e-12
0.239505	9.72522e-12
0.2419	9.58987e-12
0.244319	9.64858e-12
0.246762	9.26605e-12
0.24923	9.32753e-12
0.251722	9.05112e-12
0.254239	9.09453e-12
0.256782	8.84117e-12
0.259349	9.05592e-12
0.261943	9.11582e-12
0.264562	8.78612e-12
0.267208	8.82955e-12
0.26988	8.89183e-12
0.272579	8.51605e-12
0.275305	8.42828e-12
0.278058	8.25747e-12
0.280838	8.5715e-12
0.283647	8.18791e-12
0.286483	8.15505e-12
0.289348	7.94133e-12
0.292241	8.47877e-12
0.295164	7.71541e-12
0.298115	7.78427e-12
0.301097	7.65308e-12
0.304108	7.68291e-12
0.307149	7.58414e-12
0.31022	7.41296e-12
0.313322	7.17798e-12
0.316456	7.57479e-12
0.31962	7.31266e-12
0.322816	7.02043e-12
0.326045	7.11478e-12
0.329305	6.98761e-12
0.332598	6.65643e-12
0.335924	6.87003e-12
0.339283	6.78896e-12
0.342676	6.69603e-12
0.346103	6.76883e-12
0.349564	6.59444e-12
0.353059	6.34115e-12
0.35659	6.6615e-12
0.360156	6.41485e-12
0.363758	6.32192e-12
0.367395	6.42996e-12
0.371069	6.22455e-12
0.37478	6.2551e-12
0.378528	6.10293e-12
0.382313	6.16504e-12
0.386136	6.04073e-12
0.389997	5.92454e-12
0.393897	5.9994e-12
0.397836	5.72506e-12
0.401815	5.69228e-12
0.405833	5.84507e-12
0.409891	5.79294e-12
0.41399	5.62921e-12
0.41813	5.62143e-12
0.422311	5.58911e-12
0.426534	5.41943e-12
0.4308	5.42647e-12
0.435108	5.3337e-12
0.439459	5.22265e-12
0.443853	5.0668e-12
0.448292	5.02371e-12
0.452775	4.94724e-12
0.457303	5.04421e-12
0.461876	4.98255e-12
0.466494	4.82293e-12
0.471159	4.91207e-12
0.475871	4.79951e-12
0.48063	4.76094e-12
0.485436	4.64503e-12
0.49029	4.60734e-12
0.495193	4.64343e-12
0.500145	4.55279e-12
0.505146	4.78788e-12
0.510198	4.44482e-12
0.5153	4.42153e-12
0.520453	4.53091e-12
0.525657	4.36997e-12
0.530914	4.28685e-12
0.536223	4.35769e-12
0.541585	4.18416e-12
0.547001	4.1722e-12
0.552471	4.25834e-12
0.557996	4.07836e-12
0.563576	4.09008e-12
0.569212	4.07829e-12
0.574904	3.98492e-12
0.580653	3.85827e-12
0.586459	3.90877e-12
0.592324	3.92818e-12
0.598247	3.92217e-12
0.60423	3.74386e-12
0.610272	3.82595e-12
0.616375	3.7748e-12
0.622538	3.7005e-12
0.628764	3.62367e-12
0.635051	3.60146e-12
0.641402	3.48618e-12
0.647816	3.52173e-12
0.654294	3.46353e-12
0.660837	3.39419e-12
0.667445	3.39858e-12
0.67412	3.34272e-12
0.680861	3.21493e-12
0.68767	3.26676e-12
0.694546	3.23179e-12
0.701492	3.16821e-12
0.708507	3.12612e-12
0.715592	3.11516e-12
0.722748	3.04708e-12
0.729975	3.02809e-12
0.735599	2.91297e-12
0.761075	2.77536e-12
0.786415	2.68494e-12
0.811677	2.66744e-12
0.836868	2.57076e-12
0.861995	2.36511e-12
0.886817	2.40435e-12
0.912154	2.33029e-12
0.936806	2.22938e-12
0.961955	2.16729e-12
0.986829	2.12725e-12
1.01145	2.05269e-12
1.03618	1.99451e-12
1.06068	1.87426e-12
1.08529	1.92722e-12
1.10968	1.82674e-12
1.13419	1.85109e-12
1.15849	1.75064e-12
1.18259	1.76668e-12
1.20652	1.65873e-12
1.23056	1.67879e-12
1.25444	1.61146e-12
1.27787	1.62635e-12
1.30143	1.6055e-12
1.32512	1.53552e-12
1.34839	1.52883e-12
1.3718	1.47286e-12
1.39481	1.49866e-12
1.41796	1.43591e-12
1.44074	1.41284e-12
1.46365	1.42311e-12
1.48646	1.39252e-12
1.50893	1.33665e-12
1.53153	1.32157e-12
1.55404	1.3359e-12
1.57623	1.30993e-12
1.59856	1.26441e-12
1.62081	1.25566e-12
1.64298	1.22703e-12
1.66485	1.22917e-12
1.68687	1.2305e-12
1.7086	1.23724e-12
1.73048	1.13735e-12
1.75209	1.20193e-12
1.77384	1.17532e-12
1.79533	1.15356e-12
1.81676	1.14301e-12
1.83833	1.10872e-12
1.85966	1.08015e-12
1.88094	1.05989e-12
1.90216	1.07854e-12
1.92335	1.09411e-12
1.94448	1.05667e-12
1.96558	1.0386e-12
1.98663	1.04562e-12
2.00746	1.05264e-12
2.02826	9.91356e-13
2.04919	1.02315e-12
2.06992	9.8509e-13
2.09079	9.77955e-13
2.11145	9.94886e-13
2.13208	9.55265e-13
2.15268	9.77101e-13
2.17325	9.33671e-13
2.19363	9.19128e-13
2.21415	8.96145e-13
2.23464	9.3429e-13
2.25494	9.16426e-13
2.27522	9.04853e-13
2.29564	8.67818e-13
2.31588	9.03787e-13
2.3361	8.58925e-13
2.3563	8.72605e-13
2.37632	8.50296e-13
2.39634	8.28378e-13
2.41648	8.31695e-13
2.43646	8.14737e-13
2.45642	8.2113e-13
2.47637	8.17199e-13
2.4963	7.82546e-13
2.51622	8.38001e-13
2.53612	8.34421e-13
2.55587	7.60846e-13
2.57575	7.84624e-13
2.59548	7.88279e-13
2.6152	7.92416e-13
2.6349	7.71897e-13
2.6546	7.50423e-13
2.67429	7.44876e-13
2.69383	7.44569e-13
2.7139	7.62341e-13
2.73249	7.67059e-13
2.75228	7.26111e-13
2.77193	7.15279e-13
2.79143	7.51981e-13
2.8108	7.37835e-13
2.83004	7.14959e-13
2.85042	6.99608e-13
2.8694	7.14543e-13
2.88825	7.11287e-13
2.90822	6.86961e-13
2.92681	6.88187e-13
2.94652	6.88095e-13
2.9661	6.75009e-13
2.98555	6.84025e-13
3.00367	6.82039e-13
3.02288	6.75415e-13
3.04316	6.92274e-13
3.06212	7.01165e-13
3.08096	6.55496e-13
3.09969	6.59246e-13
3.11947	6.48615e-13
3.13797	6.4039e-13
3.1575	6.57143e-13
3.17692	6.51435e-13
3.19509	6.42004e-13
3.21428	6.16152e-13
3.23335	6.50127e-13
3.25232	6.17496e-13
3.27117	6.23899e-13
3.28992	6.08903e-13
3.30965	6.06055e-13
3.32818	6.02974e-13
3.34661	6.06122e-13
3.36601	6.26994e-13
3.38423	5.92765e-13
3.40342	5.90663e-13
3.42249	6.17971e-13
3.44147	5.93526e-13
3.46034	5.95223e-13
3.4791	5.85692e-13
3.49777	5.80513e-13
3.51634	5.75149e-13
3.53481	5.85362e-13
3.5542	5.72406e-13
3.57247	5.77671e-13
3.59166	5.97518e-13
3.60974	5.6178e-13
3.62873	5.40591e-13
3.64763	5.55652e-13
3.66642	5.4847e-13
3.68512	5.43011e-13
3.70372	5.38442e-13
3.72223	5.40342e-13
3.74065	5.54836e-13
3.75898	5.43985e-13
3.77722	5.26258e-13
3.79633	5.25747e-13
3.81439	5.50042e-13
3.83331	5.3673e-13
3.85214	5.31853e-13
3.87088	5.26431e-13
3.88859	5.20702e-13
3.90715	5.35296e-13
3.92563	5.22379e-13
3.94493	5.18043e-13
3.96323	5.15467e-13
3.98144	5.28973e-13
4.00048	4.92133e-13
4.01852	5.06922e-13
4.03738	4.97429e-13
4.05526	5.12076e-13
4.07395	5.02681e-13
4.09256	4.95494e-13
4.11108	4.91708e-13
4.12952	5.01282e-13
4.14787	5.17421e-13
4.16615	4.97798e-13
4.18434	5.02875e-13
4.20246	4.87693e-13
4.22135	4.81025e-13
4.23931	4.78088e-13
4.25804	4.86217e-13
4.27669	4.67516e-13
4.29442	4.88017e-13
4.31291	4.80328e-13
4.33132	4.80744e-13
4.34966	4.70582e-13
4.36792	4.72384e-13
4.3861	4.71683e-13
4.40503	4.72844e-13
4.42306	4.64808e-13
4.44102	4.6461e-13
4.45971	4.60475e-13
4.47752	4.66256e-13
4.49607	4.55728e-13
4.51453	4.63093e-13
4.53293	4.475e-13
4.55124	4.47301e-13
4.56949	4.52392e-13
4.58766	4.48076e-13
4.60576	4.46273e-13
4.62379	4.4007e-13
4.64253	4.32637e-13
4.66042	4.40848e-13
4.67901	4.37034e-13
4.69753	4.40136e-13
4.71521	4.3626e-13
4.73358	4.33406e-13
4.75189	4.45336e-13
4.77012	4.17963e-13
4.78829	4.33444e-13
4.80639	4.28408e-13
4.82517	4.34051e-13
4.84313	4.27031e-13
4.86102	4.29228e-13
4.87959	4.23296e-13
4.89735	4.2274e-13
4.91578	4.1356e-13
4.93415	4.20474e-13
4.95244	4.16573e-13
4.97067	4.05745e-13
4.98883	4.19929e-13
5.00692	4.0398e-13
5.02495	4.08776e-13
5.04364	4.09275e-13
5.06154	4.04457e-13
5.08008	4.08421e-13
5.09786	3.98588e-13
5.11627	4.00685e-13
5.13462	3.97956e-13
5.15221	4.15989e-13
5.17043	3.95956e-13
5.18929	3.9626e-13
5.20738	4.02752e-13
5.22541	3.88111e-13
5.24338	3.89702e-13
5.26197	3.88562e-13
5.27982	3.94881e-13
5.29828	3.81301e-13
5.31601	3.9437e-13
5.33435	3.92959e-13
5.35263	3.7633e-13
5.37084	3.84083e-13
5.389	3.83396e-13
5.40709	3.729e-13
5.42513	3.83177e-13
5.44376	3.98593e-13
5.46168	3.75564e-13
5.47953	3.67508e-13
5.49799	3.74992e-13
5.51638	3.79874e-13
5.53471	3.68962e-13
5.55233	3.64749e-13
5.57054	3.72219e-13
5.58869	3.66656e-13
5.60743	3.76047e-13
5.62547	3.66921e-13
5.64345	3.67088e-13
5.66201	3.81419e-13
5.67987	3.62707e-13
5.69831	3.68788e-13
5.71669	3.66442e-13
5.73438	3.60571e-13
5.75264	3.6669e-13
5.77085	3.58726e-13
5.789	3.60497e-13
5.8071	3.58871e-13
5.82575	3.59898e-13
5.84373	3.60345e-13
5.86227	3.49845e-13
5.88014	3.59549e-13
5.89857	3.44525e-13
5.91633	3.55398e-13
5.93464	3.56833e-13
5.9529	3.47101e-13
5.97111	3.59866e-13
5.98925	3.49389e-13
6.00795	3.3844e-13
6.02598	3.45138e-13
6.04397	3.5191e-13
6.06249	3.53595e-13
6.08096	3.5026e-13
6.09878	3.40251e-13
6.11714	3.55862e-13
6.13545	3.32066e-13
6.1537	3.45159e-13
6.1719	3.38152e-13
6.19004	3.30594e-13
6.20871	3.38074e-13
6.22675	3.35031e-13
6.24473	3.43125e-13
6.26324	3.33425e-13
6.2817	3.44238e-13
6.29952	3.24245e-13
6.31787	3.32002e-13
6.33617	3.34084e-13
6.35441	3.29562e-13
6.37317	3.26226e-13
6.39131	3.28129e-13
6.4094	3.27004e-13
6.42799	3.20292e-13
6.44598	3.24393e-13
6.46447	3.30961e-13
6.48291	3.22054e-13
6.5013	3.20964e-13
6.51964	3.16672e-13
6.53792	3.22816e-13
6.55615	3.11083e-13
6.57434	3.29359e-13
6.59247	3.13485e-13
6.6111	3.18923e-13
6.62913	3.17921e-13
6.64766	3.23106e-13
6.66614	3.21047e-13
6.68456	3.11301e-13
6.70294	3.09046e-13
6.72126	3.27204e-13
6.73954	3.10121e-13
6.75776	3.05091e-13
6.77647	3.18544e-13
6.7946	3.14584e-13
6.81321	3.10147e-13
6.83176	3.07113e-13
6.84974	3.14574e-13
6.8682	3.19353e-13
6.88661	3.2169e-13
6.90497	3.23049e-13
6.92329	2.9598e-13
6.94207	3.0936e-13
6.96029	3.02596e-13
6.97897	3.14688e-13
6.99709	3.05309e-13
7.01568	3.04673e-13
7.03422	3.05596e-13
7.05271	3.05246e-13
7.07115	3.06267e-13
7.08954	2.94787e-13
7.10789	2.91997e-13
7.12669	2.96973e-13
7.14494	2.9724e-13
7.16365	3.07209e-13
7.18181	3.06456e-13
7.20042	2.96297e-13
7.21898	2.93146e-13
7.2375	2.90685e-13
7.25597	2.93411e-13
7.27439	2.83676e-13
7.29327	2.95252e-13
7.3116	2.93383e-13
7.33037	2.95929e-13
7.3491	2.88623e-13
7.36729	2.90436e-13
7.38593	2.87428e-13
7.40452	2.85204e-13
7.42306	2.86847e-13
7.44204	2.84994e-13
7.46049	2.87784e-13
7.47889	2.88918e-13
7.49773	2.99186e-13
7.51604	2.79462e-13
7.53479	2.89246e-13
7.55349	2.85335e-13
7.57215	2.82987e-13
7.59076	2.85335e-13
7.60932	2.80893e-13
7.62831	2.82098e-13
7.64678	2.85378e-13
7.66521	2.76789e-13
7.68407	2.80242e-13
7.70287	2.85446e-13
7.72164	2.73461e-13
7.74035	2.8536e-13
7.75902	2.83229e-13
7.77765	2.66085e-13
7.79623	2.76613e-13
7.81524	2.7692e-13
7.83373	2.74684e-13
7.85264	2.8727e-13
7.8715	2.7136e-13
7.88987	2.74917e-13
7.90864	2.70137e-13
7.92783	2.80773e-13
7.94652	2.73506e-13
7.96516	2.68081e-13
7.98421	2.61805e-13
8.00277	2.68144e-13
8.02173	2.65597e-13
8.04065	2.77223e-13
8.05907	2.64749e-13
8.0779	2.73117e-13
8.09714	2.72874e-13
8.11588	2.7648e-13
8.13458	2.72103e-13
8.15368	2.69995e-13
8.17229	2.68202e-13
8.1913	2.62061e-13
8.21027	2.64836e-13
8.22919	2.72419e-13
8.24807	2.6631e-13
8.26691	2.62965e-13
8.28571	2.52358e-13
8.3049	2.70306e-13
8.3236	2.67317e-13
8.34271	2.62484e-13
8.36176	2.70673e-13
8.38078	2.54756e-13
8.39975	2.63582e-13
8.41868	2.56213e-13
8.43756	2.59559e-13
8.45683	2.59738e-13
8.47563	2.54431e-13
8.49482	2.55798e-13
8.51438	2.55185e-13
8.53136	2.61616e-13
8.55254	2.56684e-13
8.56944	2.58625e-13
8.59052	2.58111e-13
8.60735	2.57981e-13
8.62834	2.56898e-13
8.64927	2.58475e-13
8.66599	2.58625e-13
8.68683	2.67252e-13
8.70348	2.51942e-13
8.72423	2.48534e-13
8.74494	2.49306e-13
8.76147	2.51082e-13
8.78209	2.47441e-13
8.79855	2.44256e-13
8.81909	2.47184e-13
8.83957	2.53728e-13
8.86001	2.50914e-13
8.87633	2.56578e-13
8.89668	2.49723e-13
8.91699	2.46696e-13
8.9332	2.46261e-13
8.95343	2.47967e-13
8.97361	2.44597e-13
8.99374	2.48115e-13
9.01383	2.57533e-13
9.02987	2.4115e-13
9.04988	2.42936e-13
9.06984	2.42454e-13
9.08976	2.4955e-13
9.10964	2.43526e-13
9.12947	2.38479e-13
9.14926	2.43925e-13
9.16506	2.45726e-13
9.18478	2.40239e-13
9.20445	2.41808e-13
9.22408	2.34213e-13
9.24367	2.4376e-13
9.26321	2.41171e-13
9.28272	2.38179e-13
9.30218	2.33332e-13
9.32161	2.36123e-13
9.34099	2.37603e-13
9.36034	2.40959e-13
9.37964	2.37597e-13
9.3989	2.40129e-13
9.41813	2.38048e-13
9.43731	2.39641e-13
9.46029	2.33895e-13
9.47939	2.36342e-13
9.49845	2.42462e-13
9.51747	2.4261e-13
9.53646	2.37047e-13
9.5554	2.32184e-13
9.57431	2.36e-13
9.59696	2.32463e-13
9.61579	2.37135e-13
9.63458	2.32864e-13
9.65333	2.321e-13
9.67579	2.3195e-13
9.69447	2.37936e-13
9.71311	2.29639e-13
9.73171	2.26793e-13
9.75399	2.3757e-13
9.77252	2.35867e-13
9.79101	2.29082e-13
9.81315	2.29636e-13
9.83156	2.27911e-13
9.84994	2.2865e-13
9.87196	2.31804e-13
9.89026	2.35584e-13
9.91218	2.29002e-13
9.93041	2.3265e-13
9.94861	2.31006e-13
9.9704	2.24651e-13
9.98853	2.33351e-13
10.0102	2.24625e-13
10.0283	2.28338e-13
10.0499	2.30178e-13
10.0679	2.26209e-13
10.0894	2.25617e-13
10.1109	2.23766e-13
10.1288	2.27168e-13
10.1502	2.22374e-13
10.168	2.23908e-13
10.1893	2.23994e-13
10.2106	2.20528e-13
10.2283	2.25749e-13
10.2495	2.29127e-13
10.2707	2.19213e-13
10.2883	2.26122e-13
10.3093	2.19971e-13
10.3304	2.26884e-13
10.3479	2.26311e-13
10.3688	2.2188e-13
10.3897	2.25182e-13
10.4106	2.24228e-13
10.4279	2.30008e-13
10.4487	2.28278e-13
10.4695	2.15848e-13
10.4902	2.17957e-13
10.5109	2.19242e-13
10.5315	2.18314e-13
10.5521	2.19583e-13
10.5692	2.19413e-13
10.5897	2.23718e-13
10.6102	2.20406e-13
10.6307	2.22085e-13
10.651	2.18408e-13
10.6714	2.16827e-13
10.6917	2.16254e-13
10.712	2.24004e-13
10.7323	2.22923e-13
10.7525	2.20183e-13
10.7726	2.14745e-13
10.7928	2.269e-13
10.8128	2.17239e-13
10.8363	2.18285e-13
10.8555	2.10915e-13
10.8747	2.24572e-13
10.8972	2.16899e-13
10.9163	2.10171e-13
10.9386	2.15133e-13
10.9609	2.15995e-13
10.9831	2.14442e-13
11.002	2.18756e-13
11.0241	2.08084e-13
11.0461	2.16577e-13
11.0682	2.1185e-13
11.0902	2.15805e-13
11.1121	2.14558e-13
11.1341	2.15831e-13
11.1559	2.15919e-13
11.1777	2.20698e-13
11.1995	2.21568e-13
11.2212	2.18005e-13
11.2462	2.06585e-13
11.2678	2.17718e-13
11.2894	2.22807e-13
11.3142	2.12751e-13
11.3357	2.10866e-13
11.3603	2.11347e-13
11.3817	2.06734e-13
11.4063	2.1176e-13
11.4276	2.15048e-13
11.4521	2.07911e-13
11.4764	2.18196e-13
11.4977	2.13334e-13
11.5219	2.07538e-13
11.5462	2.05995e-13
11.5703	2.10787e-13
11.5945	2.13813e-13
11.6186	2.06468e-13
11.6426	2.04296e-13
11.6666	2.06767e-13
11.6905	2.14332e-13
11.7144	2.1261e-13
11.7382	2.0727e-13
11.762	2.07578e-13
11.7888	2.09181e-13
11.8124	2.05808e-13
11.836	2.0475e-13
11.8627	2.02967e-13
11.8862	2.11047e-13
11.9127	2.01571e-13
11.9361	2.07641e-13
11.9625	2.04783e-13
11.9858	2.13212e-13
12.0121	2.0608e-13
12.0383	2.06171e-13
12.0645	2.06667e-13
12.0877	2.03891e-13
12.1137	2.01566e-13
12.1397	2.05932e-13
12.1656	2.05006e-13
12.1915	2.04678e-13
12.2174	2.03759e-13
12.2431	2.0523e-13
12.2689	2.03437e-13
12.2975	2.08793e-13
12.3231	1.97539e-13
12.3487	2.0586e-13
12.3742	2.00973e-13
12.4026	1.99101e-13
12.428	2.01123e-13
12.4562	2.04459e-13
12.4815	2.06721e-13
12.5095	2.05235e-13
12.5348	2.05324e-13
12.5628	2.10114e-13
12.5879	2.05052e-13
12.6158	2.05564e-13
12.6436	1.99537e-13
12.6714	2.02775e-13
12.699	2.00061e-13
12.7267	2.02384e-13
12.7543	2.019e-13
12.7819	2.02426e-13
12.8093	2.12334e-13
12.8368	1.93115e-13
12.8641	1.97095e-13
12.8915	2.08114e-13
12.9187	1.94344e-13
12.9487	1.96014e-13
12.9758	2.03067e-13
13.0057	1.98208e-13
13.0328	2.05135e-13
13.0625	1.97612e-13
13.0895	1.99181e-13
13.1191	2.09081e-13
13.1459	1.99466e-13
13.1755	2.02609e-13
13.2049	1.94e-13
13.2343	2.02143e-13
13.2637	1.94614e-13
13.2902	2.00365e-13
13.3195	1.9486e-13
13.3486	1.97137e-13
13.3804	1.93603e-13
13.4095	1.99483e-13
13.4384	2.05161e-13
13.4674	1.98616e-13
13.4963	1.97304e-13
13.5277	1.98512e-13
13.5565	2.09887e-13
13.5878	1.96065e-13
13.6164	2.04539e-13
13.6477	1.9971e-13
13.6762	1.91274e-13
13.7073	1.96032e-13
13.7384	1.95107e-13
13.7693	1.95291e-13
13.7976	1.97744e-13
13.8284	1.98762e-13
13.8593	1.98959e-13
13.8899	1.90324e-13
13.9232	1.92442e-13
13.9537	1.96349e-13
13.9843	1.95062e-13
14.0147	1.91607e-13
14.0451	1.94882e-13
14.078	1.92902e-13
14.1083	1.95384e-13
14.141	1.916e-13
14.1711	1.88255e-13
14.2038	1.93943e-13
14.2363	1.98521e-13
14.2688	1.9065e-13
14.2987	1.95574e-13
14.331	1.9025e-13
14.3632	1.96056e-13
14.3954	1.93133e-13
14.4276	1.95522e-13
14.4621	1.96757e-13
14.4941	1.89744e-13
14.526	1.93327e-13
14.5578	2.05245e-13
14.5921	1.98446e-13
14.6238	1.90821e-13
14.6579	1.94439e-13
14.6895	1.90056e-13
14.7234	1.90435e-13
14.7573	1.95641e-13
14.791	1.89252e-13
14.8248	1.94031e-13
14.856	1.9532e-13
14.8896	1.97272e-13
14.9255	1.91041e-13
14.9589	1.90839e-13
14.9922	1.93739e-13
15.0256	1.87597e-13
15.0611	1.94497e-13
15.0942	1.91573e-13
15.1297	1.93649e-13
15.1626	1.85869e-13
15.1979	1.87726e-13
15.2331	1.89833e-13
15.2659	1.91792e-13
15.3009	1.9245e-13
15.3358	1.8777e-13
15.3707	1.90496e-13
15.4078	1.88544e-13
15.4425	1.91274e-13
15.4771	1.85717e-13
15.5117	1.85121e-13
15.5485	1.92941e-13
15.5829	1.8706e-13
15.6195	1.86932e-13
15.6537	1.8707e-13
15.6902	1.8986e-13
15.7265	1.92025e-13
15.7628	1.89876e-13
15.799	1.88725e-13
15.8351	1.86674e-13
15.8711	1.91552e-13
15.9071	1.96164e-13
15.9452	1.86908e-13
15.981	1.85229e-13
16.0189	1.84502e-13
16.0545	1.87369e-13
16.0923	1.88696e-13
16.1278	1.85014e-13
16.1653	1.83525e-13
16.2028	1.85264e-13
16.2403	1.84514e-13
16.2775	1.84041e-13
16.3148	1.85764e-13
16.3542	1.93655e-13
16.3912	1.87947e-13
16.4281	1.81549e-13
16.4673	1.84558e-13
16.5062	1.91021e-13
16.5429	1.88549e-13
16.5818	1.78281e-13
16.6205	1.78053e-13
16.659	1.8609e-13
16.6976	1.87212e-13
16.736	1.85732e-13
16.7744	1.86407e-13
16.8148	1.85244e-13
16.8529	1.8079e-13
16.8931	1.85209e-13
16.9311	1.85884e-13
16.9711	1.85043e-13
17.011	1.85918e-13
17.0508	1.79626e-13
17.0907	1.77786e-13
17.1302	1.86487e-13
17.1698	1.86632e-13
17.2092	1.91142e-13
17.2507	1.82544e-13
17.2899	1.84202e-13
17.3311	1.87856e-13
17.3702	1.74784e-13
17.4112	1.78595e-13
17.4522	1.81372e-13
17.4931	1.83984e-13
17.5339	1.82871e-13
17.5765	1.79272e-13
17.617	1.84502e-13
17.6575	1.85818e-13
17.6999	1.82256e-13
17.7403	1.81449e-13
17.7824	1.8382e-13
17.8245	1.80992e-13
17.8665	1.89238e-13
17.9084	1.85795e-13
17.9501	1.79312e-13
17.9938	1.90166e-13
18.0354	1.79222e-13
18.0789	1.80556e-13
18.1203	1.79681e-13
18.1635	1.74107e-13
18.2067	1.74535e-13
18.2497	1.7117e-13
18.2927	1.78192e-13
18.3356	1.75303e-13
18.3783	1.80455e-13
18.423	1.77104e-13
18.4656	1.75195e-13
18.51	1.74592e-13
18.5542	1.74326e-13
18.5965	1.80014e-13
18.6406	1.86782e-13
18.6864	1.76352e-13
18.7303	1.76881e-13
18.774	1.84435e-13
18.8195	1.78758e-13
18.863	1.77683e-13
18.9084	1.7748e-13
18.9536	1.73397e-13
18.9987	1.76869e-13
19.0437	1.78615e-13
19.0886	1.77177e-13
19.1353	1.76736e-13
19.18	1.77181e-13
19.2264	1.79195e-13
19.2728	1.73081e-13
19.3171	1.75677e-13
19.3633	1.75987e-13
19.4111	1.74928e-13
19.457	1.81751e-13
19.5027	1.79283e-13
19.5502	1.70924e-13
19.5976	1.82753e-13
19.643	1.72977e-13
19.6902	1.73668e-13
19.7372	1.7973e-13
19.786	1.70929e-13
19.8327	1.77885e-13
19.8812	1.73141e-13
19.9278	1.74346e-13
19.9761	1.70873e-13
20.0243	1.73968e-13
20.0723	1.71145e-13
20.1202	1.78585e-13
20.1679	1.71409e-13
20.2174	1.72141e-13
20.265	1.73204e-13
20.3142	1.73517e-13
20.3633	1.76376e-13
20.4123	1.7357e-13
20.4612	1.69068e-13
20.5116	1.69867e-13
20.5602	1.66946e-13
20.6105	1.7356e-13
20.6606	1.69146e-13
20.7106	1.70113e-13
20.7605	1.68817e-13
20.8102	1.74758e-13
20.8615	1.70298e-13
20.911	1.6533e-13
20.9622	1.71949e-13
21.0132	1.73306e-13
21.0639	1.67932e-13
21.1147	1.73516e-13
21.167	1.73896e-13
21.2174	1.82785e-13
21.2695	1.64563e-13
21.3215	1.69972e-13
21.3731	1.71887e-13
21.4248	1.69889e-13
21.4763	1.66636e-13
21.5294	1.663e-13
21.5824	1.69475e-13
21.6351	1.66019e-13
21.6878	1.67706e-13
21.7403	1.6776e-13
21.7928	1.72187e-13
21.8467	1.72196e-13
21.8988	1.69991e-13
21.9525	1.71952e-13
22.0077	1.75419e-13
22.0611	1.7087e-13
22.1142	1.66127e-13
22.169	1.69864e-13
22.2237	1.66393e-13
22.2782	1.71093e-13
22.3325	1.66074e-13
22.3866	1.64821e-13
22.4423	1.68312e-13
22.4963	1.73276e-13
22.5517	1.65669e-13
22.6086	1.66505e-13
22.6636	1.64622e-13
22.7186	1.68442e-13
22.7751	1.64873e-13
22.8314	1.72356e-13
22.8874	1.65698e-13
22.9434	1.68745e-13
23.0009	1.63155e-13
23.0567	1.71116e-13
23.1137	1.69169e-13
23.1707	1.73197e-13
23.2276	1.72533e-13
23.2858	1.6159e-13
23.3425	1.65551e-13
23.4003	1.67407e-13
23.4582	1.65898e-13
23.5159	1.65983e-13
23.5749	1.63495e-13
23.6338	1.636e-13
23.691	1.66465e-13
23.7511	1.65711e-13
23.8096	1.64626e-13
23.8678	1.68616e-13
23.9276	1.64172e-13
23.9871	1.60809e-13
24.0465	1.64867e-13
24.1056	1.70092e-13
24.1661	1.70235e-13
24.2266	1.60927e-13
24.2869	1.6279e-13
24.3468	1.62792e-13
24.4083	1.62102e-13
24.4681	1.6831e-13
24.5293	1.64414e-13
24.5902	1.63269e-13
24.6524	1.60773e-13
24.713	1.66041e-13
24.775	1.60564e-13
24.8368	1.62972e-13
24.8998	1.60605e-13
24.9613	1.61352e-13
25.024	1.64132e-13
25.0866	1.66605e-13
25.1489	1.61644e-13
25.2127	1.62867e-13
25.2763	1.5958e-13
25.3383	1.69612e-13
25.4027	1.57859e-13
25.4658	1.65623e-13
25.5302	1.62323e-13
25.5944	1.62748e-13
25.6583	1.66816e-13
25.7234	1.56183e-13
25.7885	1.64351e-13
25.8534	1.59673e-13
25.9181	1.6492e-13
25.9825	1.61933e-13
26.0483	1.57586e-13
26.1139	1.619e-13
26.1808	1.62532e-13
26.2459	1.63291e-13
26.3124	1.59589e-13
26.3787	1.60775e-13
26.4462	1.62557e-13
26.5121	1.5875e-13
26.5792	1.58241e-13
26.6462	1.61398e-13
26.7143	1.5562e-13
26.7808	1.59579e-13
26.8472	1.59101e-13
26.9136	1.63167e-13
26.9797	1.59407e-13
27.0587	1.58464e-13
27.1245	1.61163e-13
27.1902	1.62222e-13
27.2557	1.61606e-13
27.334	1.55101e-13
27.399	1.61959e-13
27.464	1.63258e-13
27.5417	1.57866e-13
27.6064	1.55344e-13
27.6836	1.60087e-13
27.7479	1.61646e-13
27.8249	1.53884e-13
27.8888	1.55423e-13
27.9654	1.66285e-13
28.029	1.56564e-13
28.1052	1.50974e-13
28.1812	1.53678e-13
28.2442	1.55587e-13
28.3198	1.51138e-13
28.3953	1.6043e-13
28.4705	1.60343e-13
28.5453	1.53666e-13
28.6077	1.57484e-13
28.6823	1.54798e-13
28.7568	1.54692e-13
28.8311	1.62968e-13
28.905	1.57774e-13
28.9789	1.59068e-13
29.0526	1.58612e-13
29.1262	1.55859e-13
29.2115	1.5437e-13
29.2846	1.58508e-13
29.3575	1.50934e-13
29.4303	1.54069e-13
29.5027	1.53779e-13
29.5872	1.62213e-13
29.6594	1.49544e-13
29.7314	1.5456e-13
29.815	1.61731e-13
29.8866	1.51884e-13
29.97	1.60145e-13
30.0413	1.6367e-13
30.124	1.51012e-13
30.1949	1.58705e-13
30.2774	1.55358e-13
30.3598	1.57877e-13
30.4299	1.56772e-13
30.5118	1.56273e-13
30.5934	1.53781e-13
30.6748	1.49828e-13
30.7561	1.57124e-13
30.8254	1.52182e-13
30.9062	1.49487e-13
30.9868	1.54581e-13
31.0672	1.57475e-13
31.1472	1.50669e-13
31.2387	1.49242e-13
31.3184	1.5446e-13
31.3979	1.56113e-13
31.4771	1.55223e-13
31.5562	1.5101e-13
31.6464	1.55623e-13
31.7252	1.51788e-13
31.8036	1.52667e-13
31.8931	1.54898e-13
31.9712	1.52788e-13
32.0602	1.49653e-13
32.1379	1.55235e-13
32.2264	1.51179e-13
32.3036	1.50276e-13
32.3918	1.58597e-13
32.4796	1.54597e-13
32.5671	1.5333e-13
32.6436	1.52335e-13
32.7308	1.55993e-13
32.8178	1.53716e-13
32.9043	1.50046e-13
32.9908	1.51363e-13
33.0771	1.47104e-13
33.1633	1.47867e-13
33.2491	1.48426e-13
33.3345	1.49429e-13
33.4306	1.44838e-13
33.5157	1.50732e-13
33.6006	1.47869e-13
33.6958	1.50703e-13
33.7803	1.48845e-13
33.8645	1.54327e-13
33.9591	1.50389e-13
34.0427	1.51246e-13
34.1368	1.50191e-13
34.2307	1.52071e-13
34.3138	1.50685e-13
34.4069	1.49179e-13
34.5	1.52166e-13
34.5928	1.51228e-13
34.6854	1.44547e-13
34.7775	1.48745e-13
34.8696	1.49687e-13
34.9614	1.58648e-13
35.053	1.49282e-13
35.1441	1.45566e-13
35.2353	1.49919e-13
35.3262	1.51037e-13
35.4269	1.50385e-13
35.517	1.46856e-13
35.6072	1.50918e-13
35.7071	1.47369e-13
35.7968	1.46793e-13
35.896	1.48195e-13
35.9951	1.47512e-13
36.084	1.4942e-13
36.1826	1.46716e-13
36.2807	1.47906e-13
36.3789	1.45162e-13
36.4766	1.47583e-13
36.5742	1.5155e-13
36.6712	1.46183e-13
36.7682	1.51086e-13
36.865	1.47056e-13
36.9613	1.46216e-13
37.0575	1.46308e-13
37.1631	1.47145e-13
37.2588	1.46602e-13
37.3542	1.50146e-13
37.4589	1.44736e-13
37.5539	1.46657e-13
37.658	1.47248e-13
37.7617	1.52696e-13
37.856	1.4407e-13
37.9594	1.46364e-13
38.0622	1.43569e-13
38.165	1.46893e-13
38.2675	1.46091e-13
38.3697	1.44576e-13
38.4716	1.48446e-13
38.5733	1.48981e-13
38.6839	1.43418e-13
38.7848	1.4692e-13
38.8857	1.48656e-13
38.9956	1.45673e-13
39.0957	1.46487e-13
39.2048	1.47402e-13
39.3046	1.44207e-13
39.4132	1.41615e-13
39.5213	1.51815e-13
39.6293	1.42483e-13
39.737	1.45617e-13
39.8442	1.4462e-13
39.9513	1.48785e-13
40.0582	1.46038e-13
40.1645	1.39867e-13
40.2707	1.43737e-13
40.3855	1.45561e-13
40.4912	1.40272e-13
40.6053	1.41527e-13
40.7104	1.44406e-13
40.8239	1.42574e-13
40.9282	1.39203e-13
41.0413	1.52121e-13
41.1539	1.42788e-13
41.266	1.43658e-13
41.378	1.43993e-13
41.4897	1.40953e-13
41.601	1.40503e-13
41.7122	1.42733e-13
41.8315	1.403e-13
41.9418	1.43704e-13
42.052	1.4695e-13
42.1705	1.40948e-13
42.2883	1.43631e-13
42.3976	1.42006e-13
42.515	1.40986e-13
42.6318	1.41825e-13
42.7487	1.36973e-13
42.8652	1.46891e-13
42.981	1.427e-13
43.0969	1.43086e-13
43.2125	1.41014e-13
43.3357	1.39611e-13
43.4505	1.39829e-13
43.5733	1.40895e-13
43.6873	1.40508e-13
43.8095	1.37799e-13
43.9309	1.39047e-13
44.0523	1.38124e-13
44.1653	1.37238e-13
44.286	1.37244e-13
44.4144	1.36161e-13
44.5345	1.37067e-13
44.654	1.38658e-13
44.7735	1.40943e-13
44.9003	1.40765e-13
45.0191	1.36579e-13
45.1454	1.41165e-13
45.2712	1.38596e-13
45.397	1.38717e-13
45.522	1.37785e-13
45.647	1.39085e-13
45.7716	1.38984e-13
45.8957	1.3817e-13
46.0197	1.3893e-13
46.1507	1.36763e-13
46.274	1.36685e-13
46.4047	1.38242e-13
46.527	1.42592e-13
46.6569	1.42232e-13
46.7862	1.37408e-13
46.9155	1.34623e-13
47.044	1.41727e-13
47.1725	1.39652e-13
47.3081	1.39259e-13
47.4357	1.34236e-13
47.5631	1.39534e-13
47.6974	1.36175e-13
47.8317	1.39463e-13
47.9577	1.37488e-13
48.0911	1.379e-13
48.2239	1.37792e-13
48.3568	1.35278e-13
48.4961	1.33842e-13
48.6281	1.36296e-13
48.7594	1.37076e-13
48.898	1.34788e-13
49.0362	1.37743e-13
49.1663	1.36444e-13
49.3038	1.30762e-13
49.4406	1.33045e-13
49.5771	1.37324e-13
49.7131	1.36744e-13
49.8562	1.3682e-13
49.9914	1.33686e-13
50.1336	1.31616e-13
50.2682	1.35537e-13
50.4093	1.35629e-13
50.5503	1.32106e-13
50.6907	1.33366e-13
50.831	1.3485e-13
50.9706	1.33764e-13
51.117	1.31172e-13
51.256	1.34689e-13
51.4016	1.35133e-13
51.5396	1.35215e-13
51.6844	1.38423e-13
51.8287	1.33464e-13
51.9724	1.33288e-13
52.116	1.33597e-13
52.2659	1.3094e-13
52.4087	1.37272e-13
52.5576	1.31349e-13
52.6997	1.32247e-13
52.8478	1.29562e-13
52.9955	1.34857e-13
53.1431	1.35338e-13
53.2966	1.33249e-13
53.4433	1.29161e-13
53.5895	1.33199e-13
53.7417	1.322e-13
53.8938	1.34387e-13
54.0452	1.33207e-13
54.1963	1.32908e-13
54.3471	1.32416e-13
54.4972	1.32835e-13
54.6474	1.32733e-13
54.8031	1.30695e-13
54.9584	1.37012e-13
55.1138	1.35952e-13
55.2618	1.37803e-13
55.4223	1.35228e-13
55.5763	1.30746e-13
55.7295	1.33729e-13
55.8885	1.30763e-13
56.0413	1.32861e-13
56.1995	1.31835e-13
56.3573	1.31513e-13
56.5151	1.32669e-13
56.6783	1.30127e-13
56.8347	1.31376e-13
56.9971	1.37416e-13
57.153	1.28099e-13
57.3143	1.30017e-13
57.4754	1.37606e-13
57.6361	1.3184e-13
57.8022	1.32754e-13
57.9619	1.30032e-13
58.1271	1.27698e-13
58.2922	1.32577e-13
58.4505	1.30008e-13
58.6204	1.29605e-13
58.7838	1.32414e-13
58.9472	1.28892e-13
59.1156	1.3039e-13
59.2836	1.30724e-13
59.4453	1.28812e-13
59.6183	1.30478e-13
59.785	1.27506e-13
59.9514	1.32604e-13
60.123	1.26867e-13
60.2883	1.26676e-13
60.4589	1.29911e-13
60.629	1.25759e-13
60.8046	1.30175e-13
60.9741	1.28209e-13
61.1486	1.26435e-13
61.317	1.27166e-13
61.4905	1.31899e-13
61.6635	1.31623e-13
61.8419	1.32153e-13
62.014	1.28045e-13
62.1914	1.28041e-13
62.3685	1.27825e-13
62.5448	1.3285e-13
62.7207	1.31579e-13
62.896	1.30922e-13
63.0764	1.27515e-13
63.2509	1.29324e-13
63.4303	1.30505e-13
63.6094	1.24895e-13
63.7934	1.26026e-13
63.9712	1.24633e-13
64.1544	1.32626e-13
64.3368	1.26303e-13
64.5188	1.28798e-13
64.7002	1.2477e-13
64.8811	1.26702e-13
65.0671	1.29024e-13
65.252	1.27933e-13
65.437	1.29916e-13
65.6213	1.29151e-13
65.805	1.32855e-13
65.9938	1.27523e-13
66.1819	1.30944e-13
66.3696	1.2523e-13
66.5566	1.24639e-13
66.7431	1.24785e-13
66.9342	1.24942e-13
67.1249	1.23602e-13
67.3153	1.28289e-13
67.505	1.30998e-13
67.6993	1.24879e-13
67.8881	1.23644e-13
68.081	1.24149e-13
68.2739	1.31213e-13
68.4713	1.22729e-13
68.6631	1.26088e-13
68.859	1.28853e-13
69.0547	1.25172e-13
69.25	1.254e-13
69.4442	1.27643e-13
69.6436	1.22983e-13
69.8422	1.23567e-13
70.04	1.20949e-13
70.2375	1.24662e-13
70.4397	1.24282e-13
70.6407	1.2422e-13
70.8415	1.22555e-13
71.0415	1.28307e-13
71.2412	1.30085e-13
71.4451	1.26698e-13
71.6486	1.25523e-13
71.8513	1.2437e-13
72.0537	1.25603e-13
72.2602	1.22915e-13
72.4664	1.25741e-13
72.6717	1.20073e-13
72.8767	1.23871e-13
73.0857	1.23822e-13
73.2944	1.25692e-13
73.5023	1.20291e-13
73.7093	1.22567e-13
73.9213	1.26639e-13
74.1271	1.24702e-13
74.3422	1.2521e-13
74.5521	1.20085e-13
74.7612	1.23239e-13
74.9743	1.20632e-13
75.187	1.26273e-13
75.404	1.26085e-13
75.6154	1.22069e-13
75.8308	1.23639e-13
76.0457	1.23766e-13
76.2645	1.25835e-13
76.4782	1.24916e-13
76.6962	1.22772e-13
76.9134	1.23268e-13
77.1343	1.25461e-13
77.3548	1.22565e-13
77.5745	1.22893e-13
77.7937	1.20475e-13
78.0122	1.25159e-13
78.2347	1.20193e-13
78.4567	1.18105e-13
78.6823	1.25947e-13
78.903	1.22695e-13
79.1273	1.23707e-13
79.3508	1.21771e-13
79.5783	1.20834e-13
79.8054	1.19744e-13
80.0317	1.24926e-13
80.2575	1.24214e-13
80.4867	1.24228e-13
80.7155	1.2051e-13
80.9438	1.22501e-13
81.1708	1.22726e-13
81.4022	1.18617e-13
81.6327	1.18931e-13
81.8667	1.21609e-13
82.0961	1.21094e-13
82.329	1.17819e-13
82.5653	1.21492e-13
82.797	1.1811e-13
83.032	1.20835e-13
83.2662	1.23758e-13
83.5044	1.21165e-13
83.7416	1.22729e-13
83.9787	1.19542e-13
84.2143	1.21671e-13
84.4416	1.20001e-13
84.693	1.18883e-13
84.9434	1.26955e-13
85.1934	1.20362e-13
85.4007	1.21615e-13
85.6497	1.18258e-13
85.8976	1.16786e-13
86.1444	1.19019e-13
86.3908	1.18452e-13
86.6365	1.17534e-13
86.8813	1.20363e-13
87.1256	1.20103e-13
87.3693	1.19757e-13
87.6122	1.18941e-13
87.8543	1.203e-13
88.0959	1.16917e-13
88.3771	1.17954e-13
88.6173	1.18506e-13
88.8568	1.17774e-13
89.095	1.16e-13
89.373	1.18856e-13
89.61	1.16802e-13
89.8469	1.17622e-13
90.1226	1.15422e-13
90.3576	1.1802e-13
90.6317	1.20124e-13
90.8651	1.14214e-13
91.1377	1.1907e-13
91.4095	1.18774e-13
91.6412	1.16521e-13
91.911	1.16042e-13
92.1804	1.21513e-13
92.4104	1.18658e-13
92.6779	1.22738e-13
92.9451	1.15229e-13
93.211	1.19765e-13
93.4762	1.17134e-13
93.7406	1.18482e-13
94.0045	1.17512e-13
94.2674	1.1624e-13
94.5295	1.17378e-13
94.7912	1.18083e-13
95.0518	1.14884e-13
95.312	1.15343e-13
95.5713	1.15442e-13
95.8668	1.21105e-13
96.1247	1.17537e-13
96.3817	1.17594e-13
96.675	1.14947e-13
96.9307	1.19413e-13
97.222	1.12349e-13
97.4756	1.16172e-13
97.7292	1.13298e-13
98.0184	1.12342e-13
98.306	1.16757e-13
98.5575	1.16121e-13
98.844	1.15352e-13
99.1293	1.16058e-13
99.3785	1.15034e-13
99.6626	1.14929e-13
99.9456	1.15481e-13
100.228	1.16575e-13
100.509	1.1856e-13
100.79	1.11048e-13
101.07	1.13962e-13
101.349	1.13178e-13
101.627	1.1215e-13
101.905	1.16029e-13
102.182	1.15915e-13
102.458	1.15988e-13
102.767	1.19352e-13
103.042	1.11888e-13
103.315	1.13871e-13
103.623	1.13397e-13
103.894	1.14468e-13
104.199	1.14274e-13
104.471	1.13834e-13
104.774	1.14576e-13
105.042	1.15282e-13
105.345	1.1307e-13
105.645	1.11857e-13
105.912	1.14985e-13
106.211	1.15758e-13
106.51	1.12959e-13
106.807	1.14571e-13
107.104	1.1454e-13
107.399	1.15498e-13
107.694	1.13598e-13
107.988	1.11563e-13
108.282	1.14339e-13
108.574	1.10264e-13
108.866	1.09575e-13
109.156	1.13868e-13
109.447	1.09617e-13
109.768	1.13914e-13
110.056	1.06854e-13
110.343	1.16611e-13
110.662	1.08237e-13
110.948	1.11188e-13
111.265	1.13017e-13
111.549	1.13793e-13
111.864	1.15457e-13
112.178	1.10052e-13
112.491	1.11394e-13
112.772	1.13712e-13
113.083	1.10642e-13
113.394	1.11596e-13
113.704	1.16254e-13
114.012	1.12149e-13
114.32	1.13009e-13
114.627	1.13799e-13
114.934	1.1054e-13
115.239	1.10135e-13
115.543	1.12339e-13
115.877	1.11207e-13
116.18	1.1343e-13
116.481	1.1073e-13
116.813	1.09151e-13
117.112	1.11134e-13
117.442	1.12931e-13
117.74	1.16545e-13
118.068	1.08221e-13
118.364	1.12637e-13
118.69	1.10218e-13
119.015	1.1291e-13
119.338	1.11312e-13
119.661	1.11701e-13
119.954	1.09128e-13
120.274	1.07757e-13
120.594	1.11747e-13
120.942	1.14397e-13
121.261	1.10067e-13
121.579	1.09097e-13
121.895	1.10302e-13
122.21	1.12311e-13
122.553	1.0777e-13
122.867	1.10828e-13
123.209	1.12242e-13
123.52	1.08599e-13
123.86	1.11674e-13
124.169	1.07106e-13
124.507	1.10901e-13
124.816	1.11176e-13
125.151	1.07055e-13
125.486	1.13497e-13
125.82	1.11572e-13
126.152	1.08466e-13
126.484	1.10579e-13
126.815	1.06264e-13
127.145	1.0968e-13
127.474	1.08455e-13
127.802	1.09196e-13
128.157	1.06455e-13
128.483	1.10739e-13
128.807	1.1012e-13
129.159	1.06605e-13
129.483	1.09366e-13
129.832	1.09037e-13
130.154	1.0905e-13
130.501	1.07604e-13
130.848	1.08929e-13
131.166	1.07463e-13
131.511	1.06695e-13
131.855	1.08302e-13
132.197	1.07214e-13
132.538	1.08246e-13
132.879	1.1103e-13
133.219	1.10539e-13
133.557	1.11188e-13
133.895	1.11649e-13
134.258	1.07734e-13
134.593	1.08318e-13
134.954	1.09021e-13
135.288	1.08196e-13
135.621	1.04432e-13
135.979	1.08153e-13
136.335	1.08806e-13
136.665	1.06638e-13
137.02	1.08459e-13
137.373	1.05672e-13
137.726	1.03712e-13
138.078	1.05571e-13
138.428	1.07335e-13
138.778	1.07039e-13
139.126	1.03949e-13
139.474	1.10665e-13
139.821	1.03321e-13
140.191	1.09108e-13
140.535	1.09113e-13
140.878	1.07605e-13
141.246	1.04789e-13
141.587	1.05667e-13
141.952	1.08566e-13
142.316	1.07809e-13
142.655	1.06265e-13
143.017	1.04374e-13
143.378	1.0796e-13
143.738	1.10312e-13
144.097	1.05695e-13
144.455	1.05541e-13
144.811	1.05776e-13
145.167	1.05692e-13
145.546	1.0542e-13
145.899	1.10005e-13
146.251	1.06173e-13
146.627	1.07753e-13
146.977	1.09328e-13
147.35	1.05857e-13
147.699	1.06618e-13
148.07	1.06607e-13
148.44	1.04443e-13
148.785	1.10348e-13
149.153	1.06805e-13
149.519	1.04312e-13
149.885	1.07114e-13
150.25	1.05681e-13
150.613	1.07491e-13
150.999	1.06518e-13
151.359	1.10303e-13
151.72	1.07487e-13
152.102	1.09051e-13
152.46	1.07673e-13
152.839	1.08216e-13
153.195	1.04963e-13
153.572	1.04738e-13
153.949	1.0539e-13
154.302	1.05697e-13
154.675	1.08894e-13
155.049	1.0528e-13
155.42	1.06934e-13
155.791	1.05587e-13
156.161	1.04199e-13
156.551	1.04037e-13
156.918	1.03663e-13
157.285	1.01524e-13
157.672	1.08597e-13
158.036	1.04682e-13
158.421	1.04681e-13
158.783	1.05268e-13
159.165	1.03661e-13
159.546	1.04903e-13
159.926	1.04772e-13
160.306	1.04369e-13
160.684	1.02426e-13
161.061	9.98777e-14
161.436	1.05539e-13
161.81	1.07683e-13
162.183	1.03582e-13
162.556	1.06432e-13
162.948	1.03992e-13
163.318	1.05813e-13
163.708	1.06969e-13
164.096	1.05027e-13
164.462	1.03511e-13
164.848	1.07189e-13
165.233	1.07672e-13
165.617	1.0556e-13
166	1.04899e-13
166.381	1.04638e-13
166.761	1.03513e-13
167.14	1.05202e-13
167.517	1.03371e-13
167.914	1.04921e-13
168.29	1.01382e-13
168.685	1.01628e-13
169.057	1.07855e-13
169.45	1.04664e-13
169.841	1.04797e-13
170.21	1.00976e-13
170.598	1.0549e-13
170.985	1.08735e-13
171.372	1.06231e-13
171.756	1.02756e-13
172.16	1.05119e-13
172.542	1.04538e-13
172.923	1.03386e-13
173.322	1.05483e-13
173.701	1.06454e-13
174.097	1.07574e-13
174.474	1.0589e-13
174.868	1.0488e-13
175.261	1.05119e-13
175.653	1.0453e-13
176.043	1.05657e-13
176.433	1.0439e-13
176.821	1.03898e-13
177.207	9.98117e-14
177.592	1.07994e-13
177.996	1.03529e-13
178.379	1.05303e-13
178.779	1.04071e-13
179.159	1.05938e-13
179.558	1.02512e-13
179.954	1.01281e-13
180.349	1.00265e-13
180.744	1.03896e-13
181.136	1.08654e-13
181.527	1.04527e-13
181.917	1.06402e-13
182.306	1.03573e-13
182.712	1.00292e-13
183.098	1.0618e-13
183.501	1.05218e-13
183.885	1.02866e-13
184.285	1.01579e-13
184.684	1.08213e-13
185.083	1.05079e-13
185.459	1.04656e-13
185.873	1.06729e-13
186.267	1.042e-13
186.659	1.05413e-13
187.05	1.03277e-13
187.458	1.05302e-13
187.846	1.02062e-13
188.25	1.0248e-13
188.636	1.03749e-13
189.039	1.0323e-13
189.439	1.0105e-13
189.839	1.02246e-13
190.236	9.76271e-14
190.632	1.01214e-13
191.027	1.05699e-13
191.42	1.02081e-13
191.831	1.05773e-13
192.221	1.03016e-13
192.629	1.0665e-13
193.016	1.06381e-13
193.419	1.04443e-13
193.822	1.02189e-13
194.224	1.04472e-13
194.623	1.02906e-13
195.021	1.03497e-13
195.417	1.05663e-13
195.813	1.04767e-13
196.225	1.02156e-13
196.616	1.01787e-13
197.024	1.01918e-13
197.413	1.01573e-13
197.819	1.02465e-13
198.222	1.04444e-13
198.624	1.01712e-13
199.024	1.03712e-13
199.424	1.07426e-13
199.821	1.00113e-13
200.235	1.02533e-13
200.629	1.0215e-13
201.038	1.04567e-13
201.43	1.06515e-13
201.837	1.0295e-13
202.241	1.05869e-13
202.646	1.05863e-13
203.047	1.0527e-13
203.447	1.05824e-13
203.847	1.06561e-13
204.261	1.00838e-13
204.656	1.04073e-13
205.067	1.03561e-13
205.459	1.01614e-13
205.867	1.03666e-13
206.272	1.07339e-13
206.677	1.05519e-13
207.079	1.02919e-13
207.482	1.05263e-13
207.881	1.04685e-13
208.294	1.07815e-13
208.691	1.033e-13
209.101	1.01549e-13
209.51	1.06754e-13
209.902	1.06375e-13
210.308	1.04518e-13
210.712	1.04298e-13
211.114	1.04597e-13
211.531	1.0343e-13
211.931	1.04123e-13
212.344	1.03189e-13
212.74	1.043e-13
213.151	1.04656e-13
213.559	1.04336e-13
213.95	1.02099e-13
214.355	1.04699e-13
214.773	1.02378e-13
215.175	1.06783e-13
215.576	1.06702e-13
215.989	1.06621e-13
216.387	1.05551e-13
216.796	1.06523e-13
217.204	1.02551e-13
217.612	1.03238e-13
218.017	1.033e-13
218.421	1.05809e-13
218.823	1.05384e-13
219.222	1.07203e-13
219.637	1.02611e-13
220.032	1.06206e-13
220.443	1.04513e-13
220.851	1.06513e-13
221.258	1.08819e-13
221.663	1.01617e-13
222.066	1.04362e-13
222.467	1.04436e-13
222.882	1.04503e-13
223.28	1.05234e-13
223.69	1.07128e-13
224.1	1.08991e-13
224.494	1.07415e-13
224.899	1.05569e-13
225.303	1.07425e-13
225.719	1.03921e-13
226.12	1.0522e-13
226.519	1.06651e-13
226.931	1.06585e-13
227.341	1.04648e-13
227.733	1.10878e-13
228.14	1.08e-13
228.545	1.05881e-13
228.948	1.08531e-13
229.362	1.09191e-13
229.761	1.08226e-13
230.174	1.04519e-13
230.569	1.06546e-13
230.976	1.09459e-13
231.383	1.04292e-13
231.788	1.08895e-13
232.19	1.07555e-13
232.591	1.07624e-13
232.991	1.09999e-13
233.402	1.06101e-13
233.798	1.06708e-13
234.206	1.09469e-13
234.598	1.0925e-13
235.002	1.0465e-13
235.406	1.08336e-13
235.806	1.10313e-13
236.218	1.06328e-13
236.616	1.07482e-13
237.012	1.0697e-13
237.418	1.06018e-13
237.825	1.1191e-13
238.215	1.04546e-13
238.617	1.11143e-13
239.018	1.09516e-13
239.416	1.07881e-13
239.827	1.11421e-13
240.222	1.06401e-13
240.615	1.10227e-13
241.02	1.07964e-13
241.41	1.08287e-13
241.811	1.09156e-13
242.211	1.09314e-13
242.611	1.10563e-13
243.006	1.09355e-13
243.401	1.0931e-13
243.794	1.07959e-13
244.198	1.11138e-13
244.588	1.11808e-13
244.988	1.07986e-13
245.374	1.13566e-13
245.772	1.07651e-13
246.168	1.09461e-13
246.563	1.08448e-13
246.954	1.1066e-13
247.345	1.12531e-13
247.735	1.10153e-13
248.136	1.11214e-13
248.522	1.1109e-13
248.918	1.14359e-13
249.301	1.1132e-13
249.695	1.06685e-13
250.075	1.11418e-13
250.466	1.12689e-13
250.855	1.15882e-13
251.241	1.13195e-13
251.627	1.10812e-13
252.012	1.1537e-13
252.395	1.12115e-13
252.776	1.13373e-13
253.155	1.13955e-13
253.534	1.13509e-13
253.912	1.14104e-13
254.286	1.13663e-13
254.66	1.11657e-13
255.033	1.11861e-13
255.404	1.11618e-13
255.894	1.14943e-13
256.262	1.17106e-13
256.628	1.15568e-13
256.995	1.13474e-13
257.357	1.14349e-13
257.722	1.12442e-13
258.082	1.1102e-13
258.442	1.13614e-13
258.801	1.14967e-13
259.157	1.13778e-13
259.632	1.12373e-13
259.987	1.12286e-13
260.342	1.14529e-13
260.694	1.1691e-13
261.045	1.1429e-13
261.395	1.18492e-13
261.745	1.14939e-13
262.093	1.15887e-13
262.554	1.1593e-13
262.901	1.16242e-13
263.244	1.18937e-13
263.588	1.15576e-13
263.932	1.16912e-13
264.272	1.16892e-13
264.613	1.14583e-13
264.952	1.17804e-13
265.404	1.1276e-13
265.742	1.17124e-13
266.078	1.2104e-13
266.413	1.21029e-13
266.747	1.16801e-13
267.083	1.17055e-13
267.414	1.15193e-13
267.746	1.20612e-13
268.078	1.18124e-13
268.409	1.15023e-13
268.738	1.21731e-13
269.177	1.17383e-13
269.505	1.19577e-13
269.832	1.18261e-13
270.158	1.19469e-13
270.485	1.1963e-13
270.81	1.20199e-13
271.135	1.21868e-13
271.459	1.20394e-13
271.781	1.20379e-13
272.104	1.18063e-13
272.427	1.16081e-13
272.748	1.20737e-13
273.069	1.2015e-13
273.389	1.19173e-13
273.71	1.19753e-13
273.922	1.18964e-13
274.241	1.1982e-13
274.56	1.21671e-13
274.88	1.21749e-13
275.197	1.23048e-13
275.515	1.23513e-13
275.831	1.19085e-13
276.044	1.24754e-13
276.36	1.21465e-13
276.676	1.22565e-13
276.992	1.22831e-13
277.204	1.18748e-13
277.52	1.24086e-13
277.836	1.25427e-13
278.152	1.25469e-13
278.363	1.23292e-13
278.677	1.22443e-13
278.888	1.26345e-13
279.205	1.2585e-13
279.52	1.22927e-13
279.732	1.21516e-13
280.047	1.29172e-13
280.258	1.22499e-13
280.575	1.25743e-13
280.788	1.23606e-13
280.999	1.24271e-13
281.316	1.2196e-13
281.531	1.262e-13
281.743	1.25719e-13
282.06	1.26636e-13
282.275	1.2392e-13
282.49	1.23651e-13
282.707	1.28195e-13
283.024	1.28896e-13
283.241	1.23791e-13
283.458	1.28613e-13
283.676	1.25357e-13
283.894	1.26971e-13
284.113	1.27153e-13
284.333	1.25904e-13
284.551	1.25117e-13
284.774	1.26952e-13
284.893	1.3163e-13
285.116	1.27607e-13
285.339	1.25279e-13
285.562	1.31296e-13
285.688	1.28852e-13
285.912	1.30649e-13
286.139	1.28888e-13
286.266	1.26976e-13
286.493	1.27886e-13
286.621	1.2815e-13
286.852	1.30933e-13
286.983	1.31198e-13
287.213	1.3131e-13
287.348	1.27081e-13
287.48	1.26577e-13
287.616	1.32687e-13
287.853	1.31087e-13
287.989	1.30765e-13
288.127	1.31397e-13
288.269	1.32208e-13
288.408	1.26817e-13
288.55	1.34929e-13
288.694	1.31007e-13
288.838	1.30176e-13
288.886	1.29119e-13
289.033	1.32951e-13
289.182	1.33526e-13
289.233	1.3101e-13
289.384	1.32021e-13
289.536	1.31717e-13
289.592	1.36135e-13
289.746	1.30534e-13
289.805	1.30374e-13
289.866	1.32408e-13
290.024	1.27079e-13
290.087	1.31176e-13
290.152	1.34391e-13
290.217	1.32373e-13
290.284	1.29287e-13
290.352	1.34997e-13
290.423	1.35006e-13
290.495	1.32741e-13
290.567	1.34118e-13
290.642	1.36323e-13
290.718	1.37621e-13
290.699	1.31462e-13
290.778	1.36403e-13
290.762	1.36074e-13
290.844	1.31971e-13
290.831	1.39367e-13
290.916	1.36599e-13
290.905	1.32922e-13
290.995	1.39989e-13
290.989	1.34345e-13
290.985	1.4697e-13
