0.001	5.91452e-09
0.0011	4.88761e-09
0.00121	4.03941e-09
0.001331	3.33836e-09
0.0014641	2.75903e-09
0.00161051	2.28019e-09
0.00177156	1.88446e-09
0.00194872	1.5574e-09
0.00214359	1.28712e-09
0.00235795	1.06373e-09
0.00259374	8.79115e-10
0.00285312	7.26542e-10
0.00313843	6.00449e-10
0.00345227	4.96239e-10
0.0037975	4.10115e-10
0.00417725	3.38938e-10
0.00459497	2.80115e-10
0.00505447	2.315e-10
0.00555992	1.91323e-10
0.00611591	1.58119e-10
0.0067275	1.30678e-10
0.00740025	1.07999e-10
0.00814027	8.92565e-11
0.0089543	7.3767e-11
0.00984973	6.09661e-11
0.0108347	5.0387e-11
0.0119182	4.16444e-11
0.01311	3.44196e-11
0.014421	2.84491e-11
0.0158631	2.35155e-11
0.0174494	1.9439e-11
0.0191943	1.60709e-11
0.0211138	1.32885e-11
0.0232252	1.09903e-11
0.0255477	9.09275e-12
0.0281024	7.52652e-12
0.0309127	6.23456e-12
0.0340039	5.1698e-12
0.0374043	4.2934e-12
0.0411448	3.57339e-12
0.0452593	2.98351e-12
0.0497852	2.50215e-12
0.0547637	2.1116e-12
0.0602401	1.79723e-12
0.0662641	1.54679e-12
0.0728905	1.34944e-12
0.0801795	1.19454e-12
0.0881975	1.07032e-12
0.0970172	9.64129e-13
0.106719	8.66456e-13
0.117391	7.75622e-13
0.12913	6.95172e-13
0.142043	6.27385e-13
0.156247	5.70969e-13
0.171872	5.227e-13
0.189059	4.80075e-13
0.207965	4.42309e-13
0.228762	4.09122e-13
0.251638	3.79966e-13
0.276801	3.54397e-13
0.304482	3.3218e-13
0.33493	3.13155e-13
0.368423	2.97251e-13
0.405265	2.84473e-13
0.445792	2.74831e-13
0.490371	2.68223e-13
0.539408	2.64273e-13
0.593349	2.6227e-13
0.652683	2.61347e-13
0.717952	2.60844e-13
0.735599	2.60742e-13
0.761075	2.60607e-13
0.786415	2.60485e-13
0.811677	2.60374e-13
0.836868	2.60271e-13
0.861995	2.60175e-13
0.886817	2.60087e-13
0.912154	2.60002e-13
0.936806	2.59924e-13
0.961955	2.59849e-13
0.986829	2.59778e-13
1.01145	2.5971e-13
1.03618	2.59645e-13
1.06068	2.59583e-13
1.08529	2.59523e-13
1.10968	2.59465e-13
1.13419	2.59408e-13
1.15849	2.59352e-13
1.18259	2.59298e-13
1.20652	2.59244e-13
1.23056	2.59192e-13
1.25444	2.59139e-13
1.27787	2.59088e-13
1.30143	2.59035e-13
1.32512	2.58983e-13
1.34839	2.58932e-13
1.3718	2.58879e-13
1.39481	2.58826e-13
1.41796	2.58772e-13
1.44074	2.58717e-13
1.46365	2.58662e-13
1.48646	2.58605e-13
1.50893	2.58547e-13
1.53153	2.58487e-13
1.55404	2.58426e-13
1.57623	2.58361e-13
1.59856	2.58296e-13
1.62081	2.58227e-13
1.64298	2.58154e-13
1.66485	2.58081e-13
1.68687	2.58003e-13
1.7086	2.57922e-13
1.73048	2.57837e-13
1.75209	2.57748e-13
1.77384	2.57655e-13
1.79533	2.57555e-13
1.81676	2.5745e-13
1.83833	2.57342e-13
1.85966	2.57224e-13
1.88094	2.57104e-13
1.90216	2.56973e-13
1.92335	2.5684e-13
1.94448	2.56691e-13
1.96558	2.5654e-13
1.98663	2.56378e-13
2.00746	2.56213e-13
2.02826	2.56033e-13
2.04919	2.55845e-13
2.06992	2.55646e-13
2.09079	2.55446e-13
2.11145	2.5522e-13
2.13208	2.54982e-13
2.15268	2.54739e-13
2.17325	2.54483e-13
2.19363	2.54214e-13
2.21415	2.53936e-13
2.23464	2.5363e-13
2.25494	2.53322e-13
2.27522	2.53003e-13
2.29564	2.52658e-13
2.31588	2.5228e-13
2.3361	2.51916e-13
2.3563	2.51534e-13
2.37632	2.51119e-13
2.39634	2.50709e-13
2.41648	2.50264e-13
2.43646	2.49817e-13
2.45642	2.49333e-13
2.47637	2.48838e-13
2.4963	2.48302e-13
2.51622	2.47766e-13
2.53612	2.47211e-13
2.55587	2.46664e-13
2.57575	2.46075e-13
2.59548	2.45465e-13
2.6152	2.44839e-13
2.6349	2.44194e-13
2.6546	2.4356e-13
2.67429	2.42876e-13
2.69383	2.42149e-13
2.7139	2.41385e-13
2.73249	2.40625e-13
2.75228	2.39888e-13
2.77193	2.39078e-13
2.79143	2.38282e-13
2.8108	2.37469e-13
2.83004	2.36662e-13
2.85042	2.35788e-13
2.8694	2.34889e-13
2.88825	2.34028e-13
2.90822	2.33145e-13
2.92681	2.32135e-13
2.94652	2.31198e-13
2.9661	2.3021e-13
2.98555	2.29211e-13
3.00367	2.28177e-13
3.02288	2.27267e-13
3.04316	2.26249e-13
3.06212	2.25146e-13
3.08096	2.2411e-13
3.09969	2.23061e-13
3.11947	2.21987e-13
3.13797	2.2088e-13
3.1575	2.19802e-13
3.17692	2.18582e-13
3.19509	2.17434e-13
3.21428	2.16343e-13
3.23335	2.15204e-13
3.25232	2.14053e-13
3.27117	2.12896e-13
3.28992	2.11772e-13
3.30965	2.10617e-13
3.32818	2.09383e-13
3.34661	2.08228e-13
3.36601	2.0701e-13
3.38423	2.0582e-13
3.40342	2.04696e-13
3.42249	2.03438e-13
3.44147	2.02115e-13
3.46034	2.00928e-13
3.4791	1.99738e-13
3.49777	1.98491e-13
3.51634	1.97302e-13
3.53481	1.96104e-13
3.5542	1.94942e-13
3.57247	1.93698e-13
3.59166	1.92476e-13
3.60974	1.91292e-13
3.62873	1.90126e-13
3.64763	1.88917e-13
3.66642	1.87758e-13
3.68512	1.86548e-13
3.70372	1.85246e-13
3.72223	1.83938e-13
3.74065	1.82729e-13
3.75898	1.8159e-13
3.77722	1.80448e-13
3.79633	1.79239e-13
3.81439	1.78117e-13
3.83331	1.77008e-13
3.85214	1.75802e-13
3.87088	1.74606e-13
3.88859	1.73447e-13
3.90715	1.72372e-13
3.92563	1.71297e-13
3.94493	1.70148e-13
3.96323	1.68994e-13
3.98144	1.6793e-13
4.00048	1.66806e-13
4.01852	1.65625e-13
4.03738	1.64469e-13
4.05526	1.63349e-13
4.07395	1.62347e-13
4.09256	1.61261e-13
4.11108	1.60178e-13
4.12952	1.59146e-13
4.14787	1.5807e-13
4.16615	1.5704e-13
4.18434	1.55985e-13
4.20246	1.54985e-13
4.22135	1.53973e-13
4.23931	1.5295e-13
4.25804	1.51988e-13
4.27669	1.50953e-13
4.29442	1.4999e-13
4.31291	1.49053e-13
4.33132	1.48047e-13
4.34966	1.47043e-13
4.36792	1.45967e-13
4.3861	1.45058e-13
4.40503	1.44132e-13
4.42306	1.43165e-13
4.44102	1.42278e-13
4.45971	1.41343e-13
4.47752	1.40442e-13
4.49607	1.39598e-13
4.51453	1.38686e-13
4.53293	1.37817e-13
4.55124	1.36916e-13
4.56949	1.36061e-13
4.58766	1.35178e-13
4.60576	1.34344e-13
4.62379	1.3351e-13
4.64253	1.327e-13
4.66042	1.31849e-13
4.67901	1.3105e-13
4.69753	1.30115e-13
4.71521	1.29243e-13
4.73358	1.28475e-13
4.75189	1.2768e-13
4.77012	1.26889e-13
4.78829	1.26107e-13
4.80639	1.25362e-13
4.82517	1.24604e-13
4.84313	1.2381e-13
4.86102	1.23084e-13
4.87959	1.2235e-13
4.89735	1.21608e-13
4.91578	1.20883e-13
4.93415	1.2017e-13
4.95244	1.1946e-13
4.97067	1.18726e-13
4.98883	1.18029e-13
