0.001	5.78693e-09
0.0011	4.78258e-09
0.00121	3.95255e-09
0.001331	3.26657e-09
0.0014641	2.69965e-09
0.00161051	2.23112e-09
0.00177156	1.8439e-09
0.00194872	1.52389e-09
0.00214359	1.25942e-09
0.00235795	1.04085e-09
0.00259374	8.60213e-10
0.00285312	7.10929e-10
0.00313843	5.87556e-10
0.00345227	4.85597e-10
0.0037975	4.01336e-10
0.00417725	3.31703e-10
0.00459497	2.74158e-10
0.00505447	2.26606e-10
0.00555992	1.87313e-10
0.00611591	1.54846e-10
0.0067275	1.28023e-10
0.00740025	1.05866e-10
0.00814027	8.75671e-11
0.0089543	7.24596e-11
0.00984973	5.99928e-11
0.0108347	4.97121e-11
0.0119182	4.12425e-11
0.01311	3.42748e-11
0.014421	2.8554e-11
0.0158631	2.38702e-11
0.0174494	2.00496e-11
0.0191943	1.69482e-11
0.0211138	1.44447e-11
0.0232252	1.24349e-11
0.0255477	1.08267e-11
0.0281024	9.5373e-12
0.0309127	8.49496e-12
0.0340039	7.64289e-12
0.0374043	6.94193e-12
0.0411448	6.36825e-12
0.0452593	5.90841e-12
0.0497852	5.55494e-12
0.0547637	5.30233e-12
0.0602401	5.14242e-12
0.0662641	5.05921e-12
0.0728905	5.02726e-12
0.0801795	5.01938e-12
0.0881975	5.01821e-12
0.0970172	5.01796e-12
0.106719	5.01776e-12
0.117391	5.01755e-12
0.12913	5.01733e-12
0.142043	5.01708e-12
0.156247	5.0168e-12
0.171872	5.01649e-12
0.189059	5.01611e-12
0.207965	5.01568e-12
0.228762	5.01515e-12
0.251638	5.01453e-12
0.276801	5.01377e-12
0.304482	5.01286e-12
0.33493	5.01176e-12
0.368423	5.01043e-12
0.405265	5.0088e-12
0.445792	5.00682e-12
0.490371	5.00439e-12
0.539408	5.00141e-12
0.593349	4.99773e-12
0.652683	4.99311e-12
0.717952	4.98649e-12
0.735599	4.94188e-12
0.761075	4.88027e-12
0.786415	4.85685e-12
0.811677	4.83128e-12
0.836868	4.80386e-12
0.861995	4.77392e-12
0.886817	4.74187e-12
0.912154	4.70887e-12
0.936806	4.67349e-12
0.961955	4.63697e-12
0.986829	4.59966e-12
1.01145	4.56137e-12
1.03618	4.52001e-12
1.06068	4.48019e-12
1.08529	4.44091e-12
1.10968	4.39858e-12
1.13419	4.35519e-12
1.15849	4.314e-12
1.18259	4.27122e-12
1.20652	4.2288e-12
1.23056	4.18959e-12
1.25444	4.14646e-12
1.27787	4.10366e-12
1.30143	4.06097e-12
1.32512	4.02125e-12
1.34839	3.98198e-12
1.3718	3.93991e-12
1.39481	3.90079e-12
1.41796	3.86176e-12
1.44074	3.82349e-12
1.46365	3.78666e-12
1.48646	3.75013e-12
1.50893	3.71331e-12
1.53153	3.67796e-12
1.55404	3.64418e-12
1.57623	3.6097e-12
1.59856	3.57857e-12
1.62081	3.54621e-12
1.64298	3.51284e-12
1.66485	3.48235e-12
1.68687	3.45265e-12
1.7086	3.42371e-12
1.73048	3.39566e-12
1.75209	3.36839e-12
1.77384	3.34198e-12
1.79533	3.31445e-12
1.81676	3.28866e-12
1.83833	3.26443e-12
1.85966	3.23902e-12
1.88094	3.21593e-12
1.90216	3.19247e-12
1.92335	3.17079e-12
1.94448	3.14734e-12
1.96558	3.12539e-12
1.98663	3.1037e-12
2.00746	3.0835e-12
2.02826	3.06411e-12
2.04919	3.04473e-12
2.06992	3.02586e-12
2.09079	3.0082e-12
2.11145	2.98836e-12
2.13208	2.96947e-12
2.15268	2.95222e-12
2.17325	2.93475e-12
2.19363	2.91834e-12
2.21415	2.90283e-12
2.23464	2.88579e-12
2.25494	2.86982e-12
2.27522	2.85557e-12
2.29564	2.83984e-12
2.31588	2.82323e-12
2.3361	2.80904e-12
2.3563	2.79444e-12
2.37632	2.77978e-12
2.39634	2.76717e-12
2.41648	2.75379e-12
2.43646	2.74048e-12
2.45642	2.72769e-12
2.47637	2.71461e-12
2.4963	2.70139e-12
2.51622	2.68927e-12
2.53612	2.67675e-12
2.55587	2.66541e-12
2.57575	2.65387e-12
2.59548	2.64198e-12
2.6152	2.63091e-12
2.6349	2.62018e-12
2.6546	2.60992e-12
2.67429	2.59912e-12
2.69383	2.58914e-12
2.7139	2.57336e-12
2.73249	2.56275e-12
2.75228	2.55812e-12
2.77193	2.54778e-12
2.79143	2.53713e-12
2.8108	2.5274e-12
2.83004	2.52283e-12
2.85042	2.5117e-12
2.8694	2.49631e-12
2.88825	2.49133e-12
2.90822	2.48221e-12
2.92681	2.47292e-12
2.94652	2.4684e-12
2.9661	2.45839e-12
2.98555	2.44299e-12
3.00367	2.43494e-12
3.02288	2.43735e-12
3.04316	2.42892e-12
3.06212	2.41466e-12
3.08096	2.40586e-12
3.09969	2.40253e-12
3.11947	2.39499e-12
3.13797	2.3877e-12
3.1575	2.38307e-12
3.17692	2.36959e-12
3.19509	2.36178e-12
3.21428	2.35896e-12
3.23335	2.35213e-12
3.25232	2.34478e-12
3.27117	2.33822e-12
3.28992	2.33539e-12
3.30965	2.32776e-12
3.32818	2.31677e-12
3.34661	2.31331e-12
3.36601	2.30713e-12
3.38423	2.30165e-12
3.40342	2.29963e-12
3.42249	2.29326e-12
3.44147	2.28591e-12
3.46034	2.27899e-12
3.4791	2.27222e-12
3.49777	2.26576e-12
3.51634	2.26044e-12
3.53481	2.25838e-12
3.5542	2.25315e-12
3.57247	2.24728e-12
3.59166	2.24135e-12
3.60974	2.23657e-12
3.62873	2.23468e-12
3.64763	2.22977e-12
3.66642	2.22407e-12
3.68512	2.21803e-12
3.70372	2.21153e-12
3.72223	2.20525e-12
3.74065	2.19991e-12
3.75898	2.19574e-12
3.77722	2.19424e-12
3.79633	2.19039e-12
3.81439	2.18666e-12
3.83331	2.18477e-12
3.85214	2.17953e-12
3.87088	2.17156e-12
3.88859	2.1671e-12
3.90715	2.16638e-12
3.92563	2.16565e-12
3.94493	2.16135e-12
3.96323	2.15491e-12
3.98144	2.15236e-12
4.00048	2.14825e-12
4.01852	2.14351e-12
4.03738	2.13882e-12
4.05526	2.13539e-12
4.07395	2.13393e-12
4.09256	2.13051e-12
4.11108	2.12636e-12
4.12952	2.12207e-12
4.14787	2.11784e-12
4.16615	2.11397e-12
4.18434	2.11091e-12
4.20246	2.10961e-12
4.22135	2.10685e-12
4.23931	2.10393e-12
4.25804	2.10171e-12
4.27669	2.09659e-12
4.29442	2.0932e-12
4.31291	2.09168e-12
4.33132	2.08884e-12
4.34966	2.08537e-12
4.36792	2.08228e-12
4.3861	2.08069e-12
4.40503	2.07739e-12
4.42306	2.07295e-12
4.44102	2.07098e-12
4.45971	2.06852e-12
4.47752	2.06636e-12
4.49607	2.06524e-12
4.51453	2.06283e-12
4.53293	2.05979e-12
4.55124	2.05656e-12
4.56949	2.0534e-12
4.58766	2.05053e-12
4.60576	2.04835e-12
4.62379	2.04732e-12
4.64253	2.04542e-12
4.66042	2.04333e-12
4.67901	2.04138e-12
4.69753	2.03733e-12
4.71521	2.0344e-12
4.73358	2.03298e-12
4.75189	2.03099e-12
4.77012	2.02876e-12
4.78829	2.02683e-12
4.80639	2.02556e-12
4.82517	2.02308e-12
4.84313	2.0199e-12
4.86102	2.01825e-12
4.87959	2.01646e-12
4.89735	2.0149e-12
4.91578	2.01397e-12
4.93415	2.01224e-12
4.95244	2.01005e-12
4.97067	2.00774e-12
4.98883	2.0056e-12
