1.182259162239434305e-23
6.755759395860070288e-23
3.478114170902746808e-22
1.537575579628665789e-21
5.766559120441198814e-21
1.888859079394502015e-20
5.630778945038195821e-20
1.575880293584082077e-19
4.220586451339117321e-19
1.097234808429923078e-18
2.802284005068191171e-18
7.091299561749590757e-18
1.786832018577693592e-17
4.494083564148920844e-17
1.129452737869436422e-16
2.837670320490446225e-16
7.128605286125057001e-16
1.790727759689262384e-15
4.498341064545752837e-15
1.130009009794673327e-14
2.838741413772715720e-14
7.131726261385374790e-14
1.791857155684643129e-13
4.502729074253313301e-13
1.131748694408685530e-12
2.845686400169829011e-12
7.159551206417234485e-12
1.803058840749068439e-11
4.548206523184763371e-11
1.150781310115413719e-10
2.938933846686267307e-10
7.909186910205380622e-10
2.842730523198692131e-09
1.942871906049701999e-08
1.734171850663467472e-07
1.339552113116668296e-06
8.380061641337987013e-06
4.378311080329742253e-05
1.969839872610169916e-04
7.796223771097274486e-04
2.754049558186823753e-03
7.237257452449259026e-03
1.286594037804255491e-02
2.201345654295121593e-02
3.642785405924467423e-02
5.908237436497778411e-02
9.466419617444447876e-02
1.504408607765327643e-01
2.377266198136855357e-01
3.743932193046395351e-01
5.873023534243325683e-01
9.155708432165486910e-01
1.410140119100171230e+00
1.951978518693222364e+00
1.806471008926919142e+00
1.637833266007359886e-02
5.210140260187970385e-03
2.871658500581567974e-03
1.791659816329747639e-03
1.148803053167685422e-03
7.263745289610993227e-04
4.427699705569161149e-04
2.560864233398007562e-04
1.365317471081869591e-04
6.641218022731404380e-05
2.943249533567698131e-05
1.184297521310484291e-05
4.440734127254404992e-06
1.429801104465266132e-06
2.368390065182963529e-07
0.000000000000000000e+00
