290.985	1.54776e-16
290.989	8.69545e-16
290.995	3.31655e-15
290.905	9.91337e-15
290.916	2.49921e-14
290.831	5.57392e-14
290.844	1.12875e-13
290.762	2.12578e-13
290.778	3.76463e-13
290.699	6.35041e-13
290.718	1.02611e-12
290.642	1.60184e-12
290.567	2.42297e-12
290.495	3.57117e-12
290.423	5.14118e-12
290.352	7.24887e-12
290.284	1.00242e-11
290.217	1.36439e-11
290.152	1.82934e-11
290.087	2.41749e-11
290.024	3.15782e-11
289.866	4.07974e-11
289.805	5.21402e-11
289.746	6.59969e-11
289.592	8.2826e-11
289.536	1.03053e-10
289.384	1.27285e-10
289.233	1.5622e-10
289.182	1.90065e-10
289.033	2.30266e-10
288.886	2.771e-10
288.838	3.31489e-10
288.694	3.94642e-10
288.55	4.67902e-10
288.408	5.51727e-10
288.269	6.47691e-10
288.127	7.5783e-10
287.989	8.82431e-10
287.853	1.02447e-09
287.616	1.18563e-09
287.48	1.36572e-09
287.348	1.5693e-09
287.213	1.79618e-09
286.983	2.05219e-09
286.852	2.33513e-09
286.621	2.65535e-09
286.493	3.00519e-09
286.266	3.39684e-09
286.139	3.82544e-09
285.912	4.3035e-09
285.688	4.83444e-09
285.562	5.40791e-09
285.339	6.04438e-09
285.116	6.74225e-09
284.893	7.50615e-09
284.774	8.33021e-09
284.551	9.24017e-09
284.333	1.02398e-08
284.113	1.13192e-08
283.894	1.2492e-08
283.676	1.37644e-08
283.458	1.51433e-08
283.241	1.66356e-08
283.024	1.82487e-08
282.707	2.0016e-08
282.49	2.18966e-08
282.275	2.39224e-08
282.06	2.61018e-08
281.743	2.84821e-08
281.531	3.09743e-08
281.316	3.36747e-08
280.999	3.66166e-08
280.788	3.97177e-08
280.575	4.30357e-08
280.258	4.66445e-08
280.047	5.04346e-08
279.732	5.45525e-08
279.52	5.88202e-08
279.205	6.34995e-08
278.888	6.84903e-08
278.677	7.37047e-08
278.363	7.93526e-08
278.152	8.51728e-08
277.836	9.15453e-08
277.52	9.8314e-08
277.204	1.05498e-07
276.992	1.12867e-07
276.676	1.20927e-07
276.36	1.29466e-07
276.044	1.38386e-07
275.831	1.4774e-07
275.515	1.57829e-07
275.197	1.68351e-07
274.88	1.79607e-07
274.56	1.91492e-07
274.241	2.03857e-07
273.922	2.17068e-07
273.71	2.30664e-07
273.389	2.45101e-07
273.069	2.60511e-07
272.748	2.76493e-07
272.427	2.93536e-07
272.104	3.11197e-07
271.781	3.30019e-07
271.459	3.49786e-07
271.135	3.70228e-07
270.81	3.92e-07
270.485	4.14484e-07
270.158	4.38424e-07
269.832	4.63113e-07
269.505	4.89382e-07
269.177	5.1645e-07
268.738	5.45575e-07
268.409	5.75729e-07
268.078	6.06751e-07
267.746	6.39719e-07
267.414	6.73602e-07
267.083	7.09587e-07
266.747	7.4656e-07
266.413	7.85805e-07
266.078	8.26045e-07
265.742	8.68019e-07
265.404	9.12581e-07
264.952	9.59721e-07
264.613	1.00734e-06
264.272	1.05787e-06
263.932	1.10952e-06
263.588	1.16436e-06
263.244	1.22038e-06
262.901	1.27862e-06
262.554	1.34043e-06
262.093	1.40574e-06
261.745	1.47139e-06
261.395	1.54099e-06
261.045	1.61193e-06
260.694	1.68558e-06
260.342	1.76205e-06
259.987	1.84314e-06
259.632	1.92562e-06
259.157	2.01458e-06
258.801	2.10537e-06
258.442	2.19769e-06
258.082	2.29343e-06
257.722	2.39261e-06
257.357	2.49776e-06
256.995	2.60438e-06
256.628	2.71272e-06
256.262	2.82703e-06
255.894	2.94813e-06
255.404	3.07628e-06
255.033	3.20355e-06
254.66	3.33532e-06
254.286	3.47162e-06
253.912	3.61591e-06
253.534	3.76196e-06
253.155	3.91305e-06
252.776	4.06913e-06
252.395	4.23059e-06
252.012	4.39748e-06
251.627	4.57419e-06
251.241	4.75258e-06
250.855	4.93683e-06
250.466	5.1272e-06
250.075	5.32389e-06
249.695	5.5259e-06
249.301	5.74092e-06
248.918	5.95645e-06
248.522	6.18002e-06
248.136	6.40947e-06
247.735	6.64768e-06
247.345	6.89204e-06
246.954	7.14406e-06
246.563	7.41082e-06
246.168	7.67904e-06
245.772	7.95564e-06
245.374	8.24074e-06
244.988	8.53292e-06
244.588	8.83555e-06
244.198	9.14579e-06
243.794	9.46723e-06
243.401	9.79639e-06
243.006	1.01355e-05
242.611	1.04944e-05
242.211	1.08544e-05
241.811	1.12247e-05
241.41	1.16061e-05
241.02	1.19959e-05
240.615	1.23997e-05
240.222	1.28127e-05
239.827	1.32374e-05
239.416	1.36773e-05
239.018	1.41264e-05
238.617	1.45889e-05
238.215	1.5064e-05
237.825	1.55493e-05
237.418	1.60677e-05
237.012	1.65842e-05
236.616	1.71119e-05
236.218	1.76541e-05
235.806	1.82152e-05
235.406	1.87873e-05
235.002	1.93757e-05
234.598	1.99795e-05
234.206	2.05951e-05
233.798	2.12322e-05
233.402	2.18816e-05
232.991	2.25532e-05
232.591	2.32375e-05
232.19	2.394e-05
231.788	2.46606e-05
231.383	2.54009e-05
230.976	2.61602e-05
230.569	2.69387e-05
230.174	2.77316e-05
229.761	2.85519e-05
229.362	2.93861e-05
228.948	3.02791e-05
228.545	3.11577e-05
228.14	3.20592e-05
227.733	3.29544e-05
227.341	3.38918e-05
226.931	3.48618e-05
226.519	3.5856e-05
226.12	3.68663e-05
225.719	3.79018e-05
225.303	3.89724e-05
224.899	4.00595e-05
224.494	4.11729e-05
224.1	4.23043e-05
223.69	4.34732e-05
223.28	4.46699e-05
222.882	4.58847e-05
222.467	4.71411e-05
222.066	4.84152e-05
221.663	4.97199e-05
221.258	5.10556e-05
220.851	5.24233e-05
220.443	5.38232e-05
220.032	5.52565e-05
219.637	5.67075e-05
219.222	5.82099e-05
218.823	5.97296e-05
218.421	6.12856e-05
218.017	6.28779e-05
217.612	6.45067e-05
217.204	6.61744e-05
216.796	6.78783e-05
216.387	6.9621e-05
215.989	7.13867e-05
215.576	7.32887e-05
215.175	7.51376e-05
214.773	7.70267e-05
214.355	7.89795e-05
213.95	8.0955e-05
213.559	8.29511e-05
213.151	8.50153e-05
212.74	8.71265e-05
212.344	8.92576e-05
211.931	9.14633e-05
211.531	9.36918e-05
211.114	9.59963e-05
210.712	9.83205e-05
210.308	0.000100697
209.902	0.000103126
209.51	0.000105575
209.101	0.000108111
208.691	0.0001107
208.294	0.000113312
207.881	0.000116013
207.482	0.000118737
207.079	0.000121522
206.677	0.000124502
206.272	0.00012741
205.867	0.000130375
205.459	0.000133406
205.067	0.000136456
204.656	0.000139615
204.261	0.000142794
203.847	0.000146088
203.447	0.000149402
203.047	0.000152785
202.646	0.000156234
202.241	0.000159602
201.837	0.000163192
201.43	0.000166859
201.038	0.000170544
200.629	0.000174563
200.235	0.000178405
199.821	0.000182392
199.424	0.000186387
199.024	0.00019047
198.624	0.000194633
198.222	0.000198876
197.819	0.000203209
197.413	0.000207632
197.024	0.000212065
196.616	0.000216661
196.225	0.000221532
195.813	0.000226325
195.417	0.000231129
195.021	0.000236022
194.623	0.000241017
194.224	0.000246108
193.822	0.000251302
193.419	0.0002566
193.016	0.000261998
192.629	0.000267722
192.221	0.000273345
191.831	0.000278968
191.42	0.000284814
191.027	0.000290662
190.632	0.000296618
190.236	0.000302686
189.839	0.000309255
189.439	0.000315578
189.039	0.000322017
188.636	0.000328588
188.25	0.000335145
187.846	0.000341962
187.458	0.000348768
187.05	0.000356306
186.659	0.000363384
186.267	0.000370595
185.873	0.00037795
185.459	0.000385614
185.083	0.000393068
184.684	0.000401363
184.285	0.000409305
183.885	0.000417392
183.501	0.000425452
183.098	0.000433849
182.712	0.000442781
182.306	0.000451513
181.917	0.000460211
181.527	0.000469068
181.136	0.00047808
180.744	0.000487899
180.349	0.000497281
179.954	0.000506834
179.558	0.00051656
179.159	0.000526481
178.779	0.000537031
178.379	0.000547333
177.996	0.000556879
177.592	0.000567563
177.207	0.000578934
176.821	0.000589733
176.433	0.000600743
176.043	0.000611962
175.653	0.000623378
175.261	0.000635873
174.868	0.000647739
174.474	0.000659822
174.097	0.000671803
173.701	0.000685261
173.322	0.000697706
172.923	0.000711014
172.542	0.000724112
172.16	0.000737557
171.756	0.000751661
171.372	0.000765622
170.985	0.000780113
170.598	0.000794617
170.21	0.00080938
169.841	0.000823992
169.45	0.00083933
169.057	0.000854973
168.685	0.00087041
168.29	0.000886644
167.914	0.000902688
167.517	0.000919552
167.14	0.00093619
166.761	0.000953149
166.381	0.000970561
166	0.00098816
165.617	0.00100611
165.233	0.00102439
164.848	0.00104318
164.462	0.00106219
164.096	0.00108103
163.708	0.00110074
163.318	0.00112086
162.948	0.00114082
162.556	0.00116171
162.183	0.00118244
161.81	0.00120355
161.436	0.0012249
161.061	0.00124679
160.684	0.00126914
160.306	0.00129175
159.926	0.00131498
159.546	0.00133865
159.165	0.00136277
158.783	0.00138719
158.421	0.00141132
158.036	0.00143689
157.672	0.00146196
157.285	0.00148851
156.918	0.00151461
156.551	0.00154113
156.161	0.0015693
155.791	0.00159695
155.42	0.0016251
155.049	0.00165129
154.675	0.00168051
154.302	0.00171028
153.949	0.00173934
153.572	0.0017706
153.195	0.00180218
152.839	0.00183298
152.46	0.00186611
152.102	0.00189817
151.72	0.00193269
151.359	0.00196603
150.999	0.0020003
150.613	0.00203666
150.25	0.0020724
149.885	0.00210851
149.519	0.00214572
149.153	0.00218362
148.785	0.002222
148.44	0.00225958
148.07	0.00229991
147.699	0.00234105
147.35	0.00238098
146.977	0.00242385
146.627	0.002465
146.251	0.00250969
145.899	0.00255293
145.546	0.00259713
145.167	0.00264467
144.811	0.0026913
144.455	0.0027383
144.097	0.00278635
143.738	0.00283546
143.378	0.00288555
143.017	0.00293666
142.655	0.00298948
142.316	0.00303997
141.952	0.00309449
141.587	0.00315077
141.246	0.00320447
140.878	0.00326325
140.535	0.00331939
140.191	0.00337653
139.821	0.00343921
139.474	0.00349975
139.126	0.00356083
138.778	0.00362401
138.428	0.00368783
138.078	0.00375373
137.726	0.0038211
137.373	0.00389013
137.02	0.00395983
136.665	0.00403202
136.335	0.00410113
135.979	0.00417637
135.621	0.00425364
135.288	0.00432746
134.954	0.00440304
134.593	0.00448568
134.258	0.00456469
133.895	0.00465128
133.557	0.00473401
133.219	0.00480554
132.879	0.0048919
132.538	0.00498025
132.197	0.00507037
131.855	0.00516395
131.511	0.00525871
131.166	0.0053559
130.848	0.00544897
130.501	0.00555064
130.154	0.00565462
129.832	0.00575463
129.483	0.00586387
129.159	0.0059687
128.807	0.00608355
128.483	0.00619341
128.157	0.00630461
127.802	0.00642935
127.474	0.00654786
127.145	0.0066676
126.815	0.00679175
126.484	0.00691897
126.152	0.007048
125.82	0.00718142
125.486	0.00731865
125.151	0.00745939
124.816	0.00760325
124.507	0.0077388
124.169	0.00789047
123.86	0.00803255
123.52	0.00819159
123.209	0.00834081
122.867	0.00850834
122.553	0.00866552
122.21	0.0088414
121.895	0.00900673
121.579	0.00917584
121.261	0.00934931
120.942	0.00952748
120.594	0.00972949
120.274	0.00991689
119.954	0.0101085
119.661	0.010289
119.338	0.0104903
119.015	0.0106965
118.69	0.0109108
118.364	0.0111282
118.068	0.0113317
117.74	0.0115589
117.442	0.0117721
117.112	0.012011
116.813	0.0122339
116.481	0.0124874
116.18	0.0127176
115.877	0.0129566
115.543	0.0132271
115.239	0.0134727
114.934	0.0137274
114.627	0.0139872
114.32	0.0142525
114.012	0.0145221
113.704	0.0147923
113.394	0.0150722
113.083	0.015356
112.772	0.0156448
112.491	0.0157915
112.178	0.016083
111.864	0.0163787
111.549	0.0166769
111.265	0.0169416
110.948	0.0172499
110.662	0.0175169
110.343	0.0178202
110.056	0.0180861
109.768	0.0183493
109.447	0.0187031
109.156	0.0189696
108.866	0.019223
108.574	0.0194697
108.282	0.0197163
107.988	0.0199457
107.694	0.020171
107.399	0.0203732
107.104	0.020559
106.807	0.0207344
106.51	0.0208783
106.211	0.0210063
105.912	0.0211045
105.645	0.0211427
105.345	0.0211734
105.042	0.0211512
104.774	0.021088
104.471	0.0209792
104.199	0.0208089
103.894	0.0205789
103.623	0.0202987
103.315	0.0199167
103.042	0.0194857
102.767	0.0189696
102.458	0.0182805
102.182	0.0175489
101.905	0.0166945
101.627	0.0156916
101.349	0.0145167
101.07	0.0131195
100.79	0.0114297
100.509	0.00929111
100.228	0.00628644
