1.01145	2.04099e-06
1.03618	3.74562e-06
1.06068	4.99838e-06
1.08529	6.10242e-06
1.10968	7.12815e-06
1.13419	8.11597e-06
1.15849	9.065e-06
1.18259	1.00029e-05
1.20652	1.09296e-05
1.23056	1.18485e-05
1.25444	1.27741e-05
1.27787	1.36922e-05
1.30143	1.4632e-05
1.32512	1.55718e-05
1.34839	1.65093e-05
1.3718	1.74731e-05
1.39481	1.84242e-05
1.41796	1.94037e-05
1.44074	2.03856e-05
1.46365	2.13835e-05
1.48646	2.23913e-05
1.50893	2.34026e-05
1.53153	2.44308e-05
1.55404	2.54695e-05
1.57623	2.65295e-05
1.59856	2.75902e-05
1.62081	2.86795e-05
1.64298	2.97806e-05
1.66485	3.08691e-05
1.68687	3.19937e-05
1.7086	3.31242e-05
1.73048	3.42728e-05
1.75209	3.54274e-05
1.77384	3.66e-05
1.79533	3.77788e-05
1.81676	3.89696e-05
1.83833	4.01784e-05
1.85966	4.14148e-05
1.88094	4.26421e-05
1.90216	4.39036e-05
1.92335	4.51552e-05
1.94448	4.64415e-05
1.96558	4.77173e-05
1.98663	4.90284e-05
2.00746	5.03225e-05
2.02826	5.16525e-05
2.04919	5.30006e-05
2.06992	5.43553e-05
2.09079	5.57032e-05
2.11145	5.70823e-05
2.13208	5.84736e-05
2.15268	5.9877e-05
2.17325	6.12926e-05
2.19363	6.27146e-05
2.21415	6.41544e-05
2.23464	6.5633e-05
2.25494	6.70913e-05
2.27522	6.85616e-05
2.29564	7.00493e-05
2.31588	7.15712e-05
2.3361	7.30771e-05
2.3563	7.45948e-05
2.37632	7.61472e-05
2.39634	7.76828e-05
2.41648	7.92648e-05
2.43646	8.08237e-05
2.45642	8.24239e-05
2.47637	8.4006e-05
2.4963	8.56298e-05
2.51622	8.72654e-05
2.53612	8.89129e-05
2.55587	9.05353e-05
2.57575	9.22059e-05
2.59548	9.38824e-05
2.6152	9.55706e-05
2.6349	9.72703e-05
2.6546	9.89491e-05
2.67429	0.000100672
2.69383	0.0001024
2.7139	0.000104162
2.73249	0.000105873
2.75228	0.000107646
2.77193	0.000109459
2.79143	0.000111243
2.8108	0.000113033
2.83004	0.000114828
2.85042	0.00011672
2.8694	0.000118526
2.88825	0.000120338
2.90822	0.000122211
2.92681	0.000124068
2.94652	0.000125952
2.9661	0.000127877
2.98555	0.000129771
3.00367	0.000131649
3.02288	0.000133553
3.04316	0.000135556
3.06212	0.000137506
3.08096	0.000139425
3.09969	0.000141386
3.11947	0.000143409
3.13797	0.00014538
3.1575	0.000147375
3.17692	0.000149412
3.19509	0.000151398
3.21428	0.000153445
3.23335	0.000155497
3.25232	0.000157554
3.27117	0.000159615
3.28992	0.000161681
3.30965	0.000163809
3.32818	0.000165884
3.34661	0.000167964
3.36601	0.000170146
3.38423	0.000172234
3.40342	0.000174384
3.42249	0.000176539
3.44147	0.000178739
3.46034	0.000180902
3.4791	0.000183069
3.49777	0.000185282
3.51634	0.000187457
3.53481	0.000189679
3.5542	0.00019192
3.57247	0.00019415
3.59166	0.000196442
3.60974	0.000198637
3.62873	0.000200937
3.64763	0.000203241
3.66642	0.000205506
3.68512	0.000207817
3.70372	0.000210133
3.72223	0.000212453
3.74065	0.000214777
3.75898	0.000217059
3.77722	0.00021939
3.79633	0.000221828
3.81439	0.000224121
3.83331	0.00022652
3.85214	0.000228969
3.87088	0.000231376
3.88859	0.000233729
3.90715	0.000236142
3.92563	0.000238559
3.94493	0.000241084
3.96323	0.000243508
3.98144	0.000245935
4.00048	0.00024847
4.01852	0.000250904
4.03738	0.000253398
4.05526	0.000255886
4.07395	0.000258386
4.09256	0.000260938
4.11108	0.000263493
4.12952	0.000266003
4.14787	0.000268564
4.16615	0.00027108
4.18434	0.000273647
4.20246	0.000276218
4.22135	0.000278849
4.23931	0.000281425
4.25804	0.000284062
4.27669	0.000286702
4.29442	0.000289237
4.31291	0.000291883
4.33132	0.000294581
4.34966	0.000297182
4.36792	0.000299886
4.3861	0.000302542
4.40503	0.000305259
4.42306	0.00030792
4.44102	0.000310584
4.45971	0.000313359
4.47752	0.000316028
4.49607	0.000318757
4.51453	0.00032154
4.53293	0.000324274
4.55124	0.000327062
4.56949	0.0003298
4.58766	0.000332593
4.60576	0.000335336
4.62379	0.000338134
4.64253	0.000340938
4.66042	0.00034374
4.67901	0.000346602
4.69753	0.000349466
4.71521	0.000352221
4.73358	0.000355089
4.75189	0.00035796
4.77012	0.000360832
4.78829	0.000363706
4.80639	0.000366582
4.82517	0.000369518
4.84313	0.000372398
4.86102	0.00037528
4.87959	0.000378221
4.89735	0.000381106
4.91578	0.000384106
4.93415	0.000387053
4.95244	0.000390001
4.97067	0.000393006
4.98883	0.000395957
5.00692	0.00039891
5.02495	0.00040192
5.04364	0.000404934
5.06154	0.000407947
5.08008	0.000410963
5.09786	0.00041398
5.11627	0.000417055
5.13462	0.000420075
5.15221	0.000423096
5.17043	0.000426175
5.18929	0.000429257
5.20738	0.000432339
5.22541	0.000435422
5.24338	0.000438507
5.26197	0.00044165
5.27982	0.000444737
5.29828	0.000447883
5.31601	0.000450972
5.33435	0.000454119
5.35263	0.000457268
5.37084	0.000460476
5.389	0.000463627
5.40709	0.000466778
5.42513	0.00046993
5.44376	0.0004732
5.46168	0.000476353
5.47953	0.000479508
5.49799	0.00048278
5.51638	0.000485993
5.53471	0.000489267
5.55233	0.000492424
5.57054	0.000495699
5.58869	0.000498975
5.60743	0.000502248
5.62547	0.000505525
5.64345	0.000508802
5.66201	0.000512138
5.67987	0.000515416
5.69831	0.000518752
5.71669	0.000522089
5.73438	0.000525307
5.75264	0.000528644
5.77085	0.000532043
5.789	0.000535381
5.8071	0.000538719
5.82575	0.000542114
5.84373	0.000545452
5.86227	0.00054891
5.88014	0.000552249
5.89857	0.000555644
5.91633	0.000559045
5.93464	0.000562441
5.9529	0.000565899
5.97111	0.000569295
5.98925	0.000572753
6.00795	0.000576205
6.02598	0.000579663
6.04397	0.000583121
6.06249	0.000586573
6.08096	0.000590087
6.09878	0.000593545
6.11714	0.000597059
6.13545	0.000600573
6.1537	0.000604086
6.1719	0.000607599
6.19004	0.000611112
6.20871	0.000614681
6.22675	0.000618193
6.24473	0.000621704
6.26324	0.000625272
6.2817	0.000628838
6.29952	0.000632347
6.31787	0.000636044
6.33617	0.000639741
6.35441	0.000643437
6.37317	0.000646529
6.39131	0.000650223
6.4094	0.000653916
6.42799	0.000657666
6.44598	0.000661359
6.46447	0.000665107
6.48291	0.000668856
6.5013	0.000671934
6.51964	0.00067568
6.53792	0.000679425
6.55615	0.000683168
6.57434	0.000686911
6.59247	0.000690654
6.6111	0.000694451
6.62913	0.000698192
6.64766	0.000701987
6.66614	0.000705782
6.68456	0.000708896
6.70294	0.000712688
6.72126	0.000716478
6.73954	0.000720267
6.75776	0.000724054
6.77647	0.000727897
6.7946	0.000731682
6.81321	0.000735522
6.83176	0.000739361
6.84974	0.000743141
6.8682	0.000746977
6.88661	0.000750811
6.90497	0.000754643
6.92329	0.000758474
6.94207	0.00076236
6.96029	0.000766187
6.97897	0.000770069
6.99709	0.000773893
7.01568	0.000777771
7.03422	0.000781647
7.05271	0.000785521
7.07115	0.000789394
7.08954	0.000793264
7.10789	0.000797132
7.12669	0.000801054
7.14494	0.000804918
7.16365	0.000808836
7.18181	0.000812696
7.20042	0.000816609
7.21898	0.000820521
7.2375	0.000824429
7.25597	0.000828336
7.27439	0.00083224
7.29327	0.000836197
7.3116	0.000840096
7.33037	0.000844048
7.3491	0.000848715
7.36729	0.000852607
7.38593	0.000856552
7.40452	0.000860495
7.42306	0.000864435
7.44204	0.000868428
7.46049	0.000872362
7.47889	0.000876293
7.49773	0.000880277
7.51604	0.000884203
7.53479	0.000888907
7.55349	0.000892883
7.57215	0.000896857
7.59076	0.000900826
7.60932	0.000904793
7.62831	0.000908812
7.64678	0.000912773
7.66521	0.000917462
7.68407	0.000921472
7.70287	0.000925479
7.72164	0.000929483
7.74035	0.000933482
7.75902	0.000938216
7.77765	0.00094221
7.79623	0.0009462
7.81524	0.000950242
7.83373	0.000954225
7.85264	0.000959001
7.8715	0.000963033
7.88987	0.000967006
7.90864	0.00097103
7.92783	0.000975106
7.94652	0.000979868
7.96516	0.000983881
7.98421	0.000987946
8.00277	0.000991952
8.02173	0.000996757
8.04065	0.00100081
8.05907	0.00100481
8.0779	0.00100885
8.09714	0.0010137
8.11588	0.00101774
8.13458	0.00102177
8.15368	0.00102661
8.17229	0.00103063
8.1913	0.00103471
8.21027	0.00103954
8.22919	0.00104361
8.24807	0.00104767
8.26691	0.00105173
8.28571	0.00105654
8.3049	0.00106065
8.3236	0.00106469
8.34271	0.00106955
8.36176	0.00107364
8.38078	0.00107849
8.39975	0.00108258
8.41868	0.00108666
8.43756	0.0010915
8.45683	0.00109562
8.47563	0.00109968
8.49482	0.00110456
8.51438	0.00110873
8.53136	0.00111333
8.55254	0.0011177
8.56944	0.00112153
8.59052	0.00112666
8.60735	0.00113047
8.62834	0.0011356
8.64927	0.00113994
8.66599	0.00114374
8.68683	0.00114885
8.70348	0.00115264
8.72423	0.00115774
8.74494	0.00116206
8.76147	0.00116662
8.78209	0.00117092
8.79855	0.00117547
8.81909	0.00117977
8.83957	0.00118484
8.86001	0.00118913
8.87633	0.00119366
8.89668	0.00119793
8.91699	0.00120299
8.9332	0.00120671
8.95343	0.00121176
8.97361	0.00121601
8.99374	0.00122105
9.01383	0.00122529
9.02987	0.00122978
9.04988	0.00123401
9.06984	0.00123902
9.08976	0.00124324
9.10964	0.00124824
9.12947	0.00125245
9.14926	0.00125744
9.16506	0.0012619
9.18478	0.00126608
9.20445	0.00127106
9.22408	0.00127524
9.24367	0.0012802
9.26321	0.00128516
9.28272	0.00128932
9.30218	0.00129427
9.32161	0.00129842
9.34099	0.00130335
9.36034	0.00130829
9.37964	0.00131241
9.3989	0.00131733
9.41813	0.00132225
9.43731	0.00132635
9.46029	0.00133179
9.47939	0.00133668
9.49845	0.00134077
9.51747	0.00134566
9.53646	0.00135053
9.5554	0.0013546
9.57431	0.00135947
9.59696	0.00136486
9.61579	0.0013689
9.63458	0.00137375
9.65333	0.00137859
9.67579	0.00138314
9.69447	0.00138797
9.71311	0.0013928
9.73171	0.00139761
9.75399	0.00140214
9.77252	0.00140694
9.79101	0.00141174
9.81315	0.00141705
9.83156	0.00142102
9.84994	0.0014258
9.87196	0.00143109
9.89026	0.00143586
9.91218	0.00144114
9.93041	0.00144507
9.94861	0.00144981
9.9704	0.00145507
9.98853	0.0014598
10.0102	0.00146505
10.0283	0.00146894
10.0499	0.00147417
10.0679	0.00147888
10.0894	0.00148409
10.1109	0.00148929
10.1288	0.00149398
10.1502	0.00149917
10.168	0.00150301
10.1893	0.00150819
10.2106	0.00151336
10.2283	0.00151801
10.2495	0.00152316
10.2707	0.0015283
10.2883	0.00153293
10.3093	0.00153806
10.3304	0.00154318
10.3479	0.00154696
10.3688	0.00155207
10.3897	0.00155716
10.4106	0.00156226
10.4279	0.00156683
10.4487	0.0015719
10.4695	0.00157697
10.4902	0.00158203
10.5109	0.00158708
10.5315	0.00159212
10.5521	0.00159716
10.5692	0.00160168
10.5897	0.0016067
10.6102	0.00161171
10.6307	0.00161671
10.651	0.0016217
10.6714	0.00162669
10.6917	0.00163167
10.712	0.00163664
10.7323	0.0016416
10.7525	0.00164655
10.7726	0.00165149
10.7928	0.00165643
10.8128	0.00166135
10.8363	0.00166762
10.8555	0.00167242
10.8747	0.00167719
10.8972	0.00168247
10.9163	0.00168723
10.9386	0.00169247
10.9609	0.00169771
10.9831	0.00170293
11.002	0.0017068
11.0241	0.00171201
11.0461	0.0017172
11.0682	0.00172239
11.0902	0.00172756
11.1121	0.00173273
11.1341	0.00173704
11.1559	0.00174218
11.1777	0.00174732
11.1995	0.00175245
11.2212	0.00175671
11.2462	0.00176232
11.2678	0.00176741
11.2894	0.00177165
11.3142	0.00177722
11.3357	0.00178228
11.3603	0.00178697
11.3817	0.00179201
11.4063	0.00179668
11.4276	0.0018017
11.4521	0.00180635
11.4764	0.00181183
11.4977	0.00181597
11.5219	0.00182143
11.5462	0.00182603
11.5703	0.00183147
11.5945	0.00183604
11.6186	0.00184146
11.6426	0.00184601
11.6666	0.00185054
11.6905	0.00185592
11.7144	0.00186043
11.7382	0.00186579
11.762	0.00187028
11.7888	0.00187523
11.8124	0.00188055
11.836	0.00188499
11.8627	0.00188991
11.8862	0.00189519
11.9127	0.00190006
11.9361	0.00190446
11.9625	0.00190932
11.9858	0.00191455
12.0121	0.00191937
12.0383	0.00192419
12.0645	0.00192986
12.0877	0.00193419
12.1137	0.00193896
12.1397	0.00194371
12.1656	0.00194845
12.1915	0.00195406
12.2174	0.00195878
12.2431	0.00196347
12.2689	0.00196817
12.2975	0.0019733
12.3231	0.00197883
12.3487	0.00198348
12.3742	0.00198812
12.4026	0.0019932
12.428	0.0019978
12.4562	0.00200284
12.4815	0.00200742
12.5095	0.00201331
12.5348	0.00201786
12.5628	0.00202285
12.5879	0.00202737
12.6158	0.00203233
12.6436	0.00203727
12.6714	0.0020422
12.699	0.0020471
12.7267	0.002052
12.7543	0.00205688
12.7819	0.00206264
12.8093	0.00206748
12.8368	0.00207232
12.8641	0.00207714
12.8915	0.00208195
12.9187	0.00208674
12.9487	0.00209195
12.9758	0.00209671
13.0057	0.0021019
13.0328	0.00210663
13.0625	0.00211178
13.0895	0.00211649
13.1191	0.0021216
13.1459	0.00212627
13.1755	0.00213137
13.2049	0.00213644
13.2343	0.0021415
13.2637	0.00214654
13.2902	0.00215113
13.3195	0.00215615
13.3486	0.00216113
13.3804	0.00216653
13.4095	0.0021715
13.4384	0.00217644
13.4674	0.00218137
13.4963	0.00218629
13.5277	0.0021916
13.5565	0.00219648
13.5878	0.00220176
13.6164	0.00220661
13.6477	0.00221095
13.6762	0.00221576
13.7073	0.00222098
13.7384	0.00222618
13.7693	0.00223135
13.7976	0.0022361
13.8284	0.00224124
13.8593	0.00224637
13.8899	0.00225147
13.9232	0.00225697
13.9537	0.00226113
13.9843	0.00226619
14.0147	0.00227122
14.0451	0.00227623
14.078	0.00228164
14.1083	0.00228663
14.141	0.00229199
14.1711	0.00229694
14.2038	0.00230136
14.2363	0.00230666
14.2688	0.00231195
14.2987	0.00231683
14.331	0.00232208
14.3632	0.00232731
14.3954	0.0023316
14.4276	0.00233681
14.4621	0.00234237
14.4941	0.00234752
14.526	0.00235266
14.5578	0.00235777
14.5921	0.00236233
14.6238	0.00236742
14.6579	0.00237286
14.6895	0.0023779
14.7234	0.00238331
14.7573	0.00238869
14.791	0.00239312
14.8248	0.00239847
14.856	0.00240341
14.8896	0.00240871
14.9255	0.00241437
14.9589	0.00241869
14.9922	0.00242393
15.0256	0.00242916
15.0611	0.00243472
15.0942	0.0024399
15.1297	0.00244449
15.1626	0.00244963
15.1979	0.00245512
15.2331	0.00246058
15.2659	0.00246566
15.3009	0.00247014
15.3358	0.00247553
15.3707	0.00248091
15.4078	0.00248662
15.4425	0.00249101
15.4771	0.00249632
15.5117	0.00250161
15.5485	0.00250724
15.5829	0.00251248
15.6195	0.00251711
15.6537	0.00252231
15.6902	0.00252785
15.7265	0.00253336
15.7628	0.00253884
15.799	0.00254337
15.8351	0.00254881
15.8711	0.00255422
15.9071	0.00255962
15.9452	0.00256534
15.981	0.00256974
16.0189	0.00257541
16.0545	0.00258071
16.0923	0.00258634
16.1278	0.00259065
16.1653	0.00259622
16.2028	0.00260177
16.2403	0.00260731
16.2775	0.0026128
16.3148	0.00261732
16.3542	0.00262313
16.3912	0.00262856
16.4281	0.00263396
16.4673	0.00263969
16.5062	0.00264443
16.5429	0.00264975
16.5818	0.00265541
16.6205	0.00266103
16.659	0.00266661
16.6976	0.00267123
16.736	0.00267677
16.7744	0.00268229
16.8148	0.00268812
16.8529	0.00269359
16.8931	0.00269839
16.9311	0.00270381
16.9711	0.00270953
17.011	0.00271522
17.0508	0.00272088
17.0907	0.00272556
17.1302	0.00273117
17.1698	0.00273675
17.2092	0.00274231
17.2507	0.00274818
17.2899	0.0027527
17.3311	0.0027585
17.3702	0.00276396
17.4112	0.0027697
17.4522	0.00277542
17.4931	0.00278015
17.5339	0.00278581
17.5765	0.00279175
17.617	0.00279736
17.6575	0.00280295
17.6999	0.00280881
17.7403	0.00281337
17.7824	0.00281918
17.8245	0.00282496
17.8665	0.00283072
17.9084	0.00283644
17.9501	0.00284114
17.9938	0.00284712
18.0354	0.00285276
18.0789	0.00285867
18.1203	0.00286426
18.1635	0.00287012
18.2067	0.00287594
18.2497	0.00288075
18.2927	0.00288652
18.3356	0.00289226
18.3783	0.00289798
18.423	0.00290397
18.4656	0.00290963
18.51	0.00291455
18.5542	0.00292044
18.5965	0.00292601
18.6406	0.00293184
18.6864	0.00293793
18.7303	0.00294371
18.774	0.00294945
18.8195	0.00295543
18.863	0.00296011
18.9084	0.00296605
18.9536	0.00297196
18.9987	0.00297783
19.0437	0.00298368
19.0886	0.0029895
19.1353	0.00299557
19.18	0.00300132
19.2264	0.00300632
19.2728	0.00301229
19.3171	0.00301795
19.3633	0.00302387
19.4111	0.00303003
19.457	0.00303588
19.5027	0.00304168
19.5502	0.00304774
19.5976	0.00305377
19.643	0.00305949
19.6902	0.00306545
19.7372	0.00307037
19.786	0.00307654
19.8327	0.0030824
19.8812	0.0030885
19.9278	0.0030943
19.9761	0.00310034
20.0243	0.00310634
20.0723	0.00311231
20.1202	0.00311825
20.1679	0.00312414
20.2174	0.00313028
20.265	0.00313613
20.3142	0.00314219
20.3633	0.00314823
20.4123	0.00315423
20.4612	0.0031602
20.5116	0.00316637
20.5602	0.00317228
20.6105	0.00317841
20.6606	0.0031845
20.7106	0.00319055
20.7605	0.00319657
20.8102	0.00320254
20.8615	0.00320874
20.911	0.00321466
20.9622	0.0032208
21.0132	0.0032269
21.0639	0.00323295
21.1147	0.00323898
21.167	0.00324522
21.2174	0.00325118
21.2695	0.00325736
21.3215	0.00326349
21.3731	0.00326957
21.4248	0.00327563
21.4763	0.00328166
21.5294	0.00328789
21.5824	0.0032941
21.6351	0.00330024
21.6878	0.00330636
21.7403	0.00331245
21.7928	0.0033185
21.8467	0.00332475
21.8988	0.00333072
21.9525	0.00333689
22.0077	0.00334327
22.0611	0.00334937
22.1142	0.00335542
22.169	0.00336274
22.2237	0.00336897
22.2782	0.00337515
22.3325	0.0033813
22.3866	0.0033874
22.4423	0.0033937
22.4963	0.00339974
22.5517	0.00340597
22.6086	0.00341238
22.6636	0.00341957
22.7186	0.00342568
22.7751	0.00343199
22.8314	0.00343825
22.8874	0.00344445
22.9434	0.00345062
23.0009	0.00345699
23.0567	0.0034631
23.1137	0.00347043
23.1707	0.00347667
23.2276	0.00348287
23.2858	0.00348926
23.3425	0.00349539
23.4003	0.00350167
23.4582	0.003509
23.5159	0.00351522
23.5749	0.00352162
23.6338	0.00352797
23.691	0.00353406
23.7511	0.00354162
23.8096	0.00354786
23.8678	0.00355403
23.9276	0.0035604
23.9871	0.00356672
24.0465	0.00357407
24.1056	0.00358029
24.1661	0.00358669
24.2266	0.00359306
24.2869	0.00360046
24.3468	0.00360671
24.4083	0.00361316
24.4681	0.00361935
24.5293	0.00362679
24.5902	0.0036331
24.6524	0.00363956
24.713	0.00364578
24.775	0.00365325
24.8368	0.00365959
24.8998	0.00366608
24.9613	0.00367342
25.024	0.00367983
25.0866	0.0036862
25.1489	0.00369358
25.2127	0.00370007
25.2763	0.0037065
25.3383	0.00371378
25.4027	0.0037203
25.4658	0.00372659
25.5302	0.00373414
25.5944	0.00374054
25.6583	0.0037469
25.7234	0.00375448
25.7885	0.00376093
25.8534	0.00376736
25.9181	0.00377482
25.9825	0.00378111
26.0483	0.00378758
26.1139	0.00379509
26.1808	0.00380166
26.2459	0.00380906
26.3124	0.00381553
26.3787	0.00382195
26.4462	0.0038296
26.5121	0.00383592
26.5792	0.00384348
26.6462	0.00384989
26.7143	0.00385755
26.7808	0.00386384
26.8472	0.00387122
26.9136	0.00387745
26.9797	0.00388362
27.0587	0.00389266
27.1245	0.00389873
27.1902	0.00390587
27.2557	0.00391186
27.334	0.0039207
27.399	0.00392657
27.464	0.00393352
27.5417	0.00394108
27.6064	0.00394795
27.6836	0.00395539
27.7479	0.00396215
27.8249	0.0039695
27.8888	0.00397616
27.9654	0.0039834
28.029	0.00398997
28.1052	0.00399823
28.1812	0.00400531
28.2442	0.00401172
28.3198	0.00401871
28.3953	0.00402675
28.4705	0.00403362
28.5453	0.00404154
28.6077	0.00404773
28.6823	0.00405444
28.7568	0.00406223
28.8311	0.00406884
28.905	0.00407649
28.9789	0.00408411
29.0526	0.00409056
29.1262	0.00409809
29.2115	0.00410717
29.2846	0.00411345
29.3575	0.00412081
29.4303	0.00412812
29.5027	0.00413422
29.5872	0.00414305
29.6594	0.00415019
29.7314	0.00415616
29.815	0.00416478
29.8866	0.00417177
29.97	0.00417918
30.0413	0.00418606
30.124	0.00419445
30.1949	0.00420123
30.2774	0.00420839
30.3598	0.00421664
30.4299	0.00422324
30.5118	0.00423137
30.5934	0.00423829
30.6748	0.0042463
30.7561	0.00425424
30.8254	0.0042606
30.9062	0.00426729
30.9868	0.00427507
31.0672	0.00428279
31.1472	0.00429043
31.2387	0.00429955
31.3184	0.0043071
31.3979	0.00431344
31.4771	0.00432085
31.5562	0.00432822
31.6464	0.00433701
31.7252	0.00434429
31.8036	0.00435147
31.8931	0.00436007
31.9712	0.00436601
32.0602	0.00437449
32.1379	0.00438146
32.2264	0.00438981
32.3036	0.00439667
32.3918	0.0044049
32.4796	0.00441307
32.5671	0.00442116
32.6436	0.00442779
32.7308	0.00443578
32.8178	0.00444371
32.9043	0.00445154
32.9908	0.00445934
33.0771	0.00446708
33.1633	0.00447476
33.2491	0.00448238
33.3345	0.0044899
33.4306	0.00449876
33.5157	0.00450619
33.6006	0.00451355
33.6958	0.0045222
33.7803	0.00452944
33.8645	0.00453662
33.9591	0.00454508
34.0427	0.00455211
34.1368	0.00456044
34.2307	0.00456871
34.3138	0.00457558
34.4069	0.00458368
34.5	0.00459174
34.5928	0.00459974
34.6854	0.00460767
34.7775	0.00461668
34.8696	0.00462447
34.9614	0.0046322
35.053	0.00463986
35.1441	0.00464743
35.2353	0.00465498
35.3262	0.00466244
35.4269	0.00467228
35.517	0.00467959
35.6072	0.00468686
35.7071	0.00469531
35.7968	0.00470246
35.896	0.00471193
35.9951	0.00472017
36.084	0.00472711
36.1826	0.00473521
36.2807	0.0047444
36.3789	0.00475237
36.4766	0.00476026
36.5742	0.00476926
36.6712	0.00477698
36.7682	0.00478466
36.865	0.00479229
36.9613	0.00480099
37.0575	0.00480846
37.1631	0.00481704
37.2588	0.00482556
37.3542	0.00483281
37.4589	0.00484117
37.5539	0.00484949
37.658	0.0048577
37.7617	0.00486701
37.856	0.00487394
37.9594	0.00488193
38.0622	0.00489102
38.165	0.00489886
38.2675	0.00490783
38.3697	0.00491553
38.4716	0.00492434
38.5733	0.00493189
38.6839	0.00494049
38.7848	0.00494906
38.8857	0.00495639
38.9956	0.00496597
39.0957	0.00497312
39.2048	0.00498253
39.3046	0.00498957
39.4132	0.00499883
39.5213	0.00500799
39.6293	0.00501589
39.737	0.00502491
39.8442	0.00503263
39.9513	0.0050415
40.0582	0.00504911
40.1645	0.0050578
40.2707	0.00506644
40.3855	0.00507485
40.4912	0.00508334
40.6053	0.00509158
40.7104	0.00509992
40.8239	0.00510921
40.9282	0.00511616
41.0413	0.00512532
41.1539	0.00513438
41.266	0.00514211
41.378	0.00515101
41.4897	0.00515983
41.601	0.00516856
41.7122	0.005176
41.8315	0.00518558
41.9418	0.00519406
42.052	0.00520248
42.1705	0.00521061
42.2883	0.00521983
42.3976	0.00522801
42.515	0.00523709
42.6318	0.00524606
42.7487	0.00525377
42.8652	0.0052626
42.981	0.00527132
43.0969	0.00527999
43.2125	0.00528859
43.3357	0.00529801
43.4505	0.00530643
43.5733	0.00531571
43.6873	0.00532271
43.8095	0.00533183
43.9309	0.00534083
44.0523	0.00534976
44.1653	0.00535768
44.286	0.00536643
44.4144	0.00537603
44.5345	0.00538462
44.654	0.00539309
44.7735	0.00540153
44.9003	0.00541074
45.0191	0.00541899
45.1454	0.00542805
45.2712	0.00543699
45.397	0.00544589
45.522	0.00545465
45.647	0.00546335
45.7716	0.0054732
45.8957	0.00548171
46.0197	0.00549015
46.1507	0.00549934
46.274	0.0055076
46.4047	0.00551665
46.527	0.00552471
46.6569	0.00553479
46.7862	0.00554352
46.9155	0.00555221
47.044	0.00556076
47.1725	0.00556924
47.3081	0.00557971
47.4357	0.00558799
47.5631	0.00559621
47.6974	0.00560512
47.8317	0.00561523
47.9577	0.00562314
48.0911	0.0056318
48.2239	0.00564159
48.3568	0.00565008
48.4961	0.00565924
48.6281	0.00566877
48.7594	0.00567694
48.898	0.00568585
49.0362	0.00569589
49.1663	0.00570377
49.3038	0.0057124
49.4406	0.00572212
49.5771	0.00573054
49.7131	0.00574007
49.8562	0.00574908
49.9914	0.00575842
50.1336	0.00576722
50.2682	0.00577638
50.4093	0.00578495
50.5503	0.0057947
50.6907	0.00580307
50.831	0.00581263
50.9706	0.0058208
51.117	0.0058309
51.256	0.00583889
51.4016	0.00584879
51.5396	0.00585781
51.6844	0.00586626
51.8287	0.00587584
51.9724	0.0058853
52.116	0.00589343
52.2659	0.00590343
52.4087	0.00591262
52.5576	0.00592114
52.6997	0.00593015
52.8478	0.00593971
52.9955	0.00594792
53.1431	0.00595733
53.2966	0.00596728
53.4433	0.00597647
53.5895	0.00598428
53.7417	0.00599392
53.8938	0.00600348
54.0452	0.00601291
54.1963	0.00602224
54.3471	0.00603149
54.4972	0.00603934
54.6474	0.0060484
54.8031	0.00605797
54.9584	0.00606743
55.1138	0.00607684
55.2618	0.00608542
55.4223	0.00609523
55.5763	0.00610431
55.7295	0.00611323
55.8885	0.0061227
56.0413	0.00613146
56.1995	0.00614071
56.3573	0.00614985
56.5151	0.00615893
56.6783	0.00616849
56.8347	0.0061773
56.9971	0.00618666
57.153	0.00619528
57.3143	0.00620439
57.4754	0.00621341
57.6361	0.00622359
57.8022	0.00623299
57.9619	0.00624167
58.1271	0.00625084
58.2922	0.00625992
58.4505	0.00626827
58.6204	0.00627897
58.7838	0.00628768
58.9472	0.00629632
59.1156	0.00630541
59.2836	0.00631564
59.4453	0.00632392
59.6183	0.00633324
59.785	0.00634315
59.9514	0.00635169
60.123	0.00636066
60.2883	0.00637022
60.4589	0.00637895
60.629	0.00638758
60.8046	0.00639794
60.9741	0.00640636
61.1486	0.00641646
61.317	0.00642463
61.4905	0.00643449
61.6635	0.00644297
61.8419	0.00645318
62.014	0.00646141
62.1914	0.00647137
62.3685	0.00647996
62.5448	0.00648966
62.7207	0.00649799
62.896	0.00650744
63.0764	0.00651732
63.2509	0.00652529
63.4303	0.00653492
63.6094	0.00654318
63.7934	0.00655311
63.9712	0.00656237
64.1544	0.00657079
64.3368	0.00658033
64.5188	0.00658977
64.7002	0.00659907
64.8811	0.00660697
65.0671	0.00661656
65.252	0.00662596
65.437	0.00663529
65.6213	0.00664448
65.805	0.00665353
65.9938	0.00666172
66.1819	0.00667104
66.3696	0.00668024
66.5566	0.0066893
66.7431	0.00669822
66.9342	0.0067075
67.1249	0.00671667
67.3153	0.00672572
67.505	0.00673463
67.6993	0.00674389
67.8881	0.00675256
68.081	0.00676152
68.2739	0.00677041
68.4713	0.00677963
68.6631	0.00678825
68.859	0.00679717
69.0547	0.00680598
69.25	0.00681596
69.4442	0.00682448
69.6436	0.00683338
69.8422	0.00684213
70.04	0.00685073
70.2375	0.00685922
70.4397	0.00686931
70.6407	0.00687795
70.8415	0.00688648
71.0415	0.00689613
71.2412	0.00690439
71.4451	0.00691295
71.6486	0.00692266
71.8513	0.00693094
72.0537	0.00693911
72.2602	0.00694882
72.4664	0.00695715
72.6717	0.00696659
72.8767	0.00697464
73.0857	0.00698424
73.2944	0.00699244
73.5023	0.00700176
73.7093	0.00700965
73.9213	0.00701914
74.1271	0.00702675
74.3422	0.00703634
74.5521	0.00704413
74.7612	0.00705302
74.9743	0.00706217
75.187	0.00706993
75.404	0.00707924
75.6154	0.00708797
75.8308	0.00709569
76.0457	0.00710455
76.2645	0.00711365
76.4782	0.00712222
76.6962	0.0071298
76.9134	0.00713849
77.1343	0.0071474
77.3548	0.00715619
77.5745	0.00716481
77.7937	0.0071733
78.0122	0.00718163
78.2347	0.00719022
78.4567	0.00719865
78.6823	0.00720604
78.903	0.00721419
79.1273	0.00722381
79.3508	0.007232
79.5783	0.00724044
79.8054	0.00724874
80.0317	0.00725688
80.2575	0.00726488
80.4867	0.00727307
80.7155	0.00728113
80.9438	0.00728905
81.1708	0.00729803
81.4022	0.00730601
81.6327	0.00731382
81.8667	0.00732181
82.0961	0.00732934
82.329	0.00733831
82.5653	0.00734621
82.797	0.00735361
83.032	0.00736246
83.2662	0.00736988
83.5044	0.00737878
83.7416	0.00738625
83.9787	0.0073936
84.2143	0.00740199
84.4416	0.00740835
84.693	0.00741781
84.9434	0.00742583
85.1934	0.00743496
85.4007	0.00743931
85.6497	0.00744817
85.8976	0.00745682
86.1444	0.00746404
86.3908	0.00747237
86.6365	0.00748053
86.8813	0.00748727
87.1256	0.00749512
87.3693	0.00750281
87.6122	0.00751034
87.8543	0.00751644
88.0959	0.00752366
88.3771	0.00753387
88.6173	0.00754076
88.8568	0.00754749
89.095	0.00755401
89.373	0.00756228
89.61	0.0075685
89.8469	0.00757461
90.1226	0.00758361
90.3576	0.00758936
90.6317	0.00759801
90.8651	0.00760342
91.1377	0.00761298
91.4095	0.00762112
91.6412	0.00762608
91.911	0.00763384
92.1804	0.00764146
92.4104	0.00764597
92.6779	0.00765322
92.9451	0.00766157
93.211	0.00766847
93.4762	0.00767521
93.7406	0.00768301
94.0045	0.00768942
94.2674	0.00769564
94.5295	0.00770292
94.7912	0.00770883
95.0518	0.00771577
95.312	0.00772134
95.5713	0.00772673
95.8668	0.00773592
96.1247	0.00774098
96.3817	0.00774708
96.675	0.00775574
96.9307	0.0077603
97.222	0.00776857
97.4756	0.00777274
97.7292	0.00777802
98.0184	0.00778578
98.306	0.00779331
98.5575	0.00779687
98.844	0.00780407
99.1293	0.00781107
99.3785	0.00781534
99.6626	0.00782201
99.9456	0.00782726
100.228	0.00783357
100.509	0.00783967
100.79	0.00784562
101.07	0.00785137
101.349	0.00785696
101.627	0.00786234
101.905	0.00786761
102.182	0.00787264
102.458	0.00787753
102.767	0.00788584
103.042	0.0078904
103.315	0.00789472
103.623	0.0079013
103.894	0.00790527
104.199	0.00791143
104.471	0.00791632
104.774	0.0079221
105.042	0.00792537
105.345	0.00793203
105.645	0.00793727
105.912	0.00794122
106.211	0.00794608
106.51	0.0079508
106.807	0.00795649
107.104	0.00796078
107.399	0.0079661
107.694	0.00797122
107.988	0.00797498
108.282	0.00797978
108.574	0.00798317
108.866	0.00798756
109.156	0.00799176
109.447	0.00799463
109.768	0.00800061
110.056	0.00800423
110.343	0.00800772
110.662	0.00801314
110.948	0.00801626
111.265	0.00802011
111.549	0.00802284
111.864	0.00802748
112.178	0.00803195
112.491	0.00803618
112.772	0.0080382
113.083	0.00804207
113.394	0.00804572
113.704	0.00804922
114.012	0.00805369
114.32	0.00805677
114.627	0.00805971
114.934	0.00806243
115.239	0.00806497
115.543	0.00806848
115.877	0.00807253
116.18	0.00807451
116.481	0.00807745
116.813	0.00808096
117.112	0.00808232
117.442	0.00808661
117.74	0.00808763
118.068	0.00809146
118.364	0.0080921
118.69	0.00809561
119.015	0.00809771
119.338	0.00810076
119.661	0.00810363
119.954	0.00810336
120.274	0.0081058
120.594	0.0081081
120.942	0.00811081
121.261	0.00811273
121.579	0.00811442
121.895	0.0081159
122.21	0.00811722
122.553	0.00812003
122.867	0.00812096
123.209	0.00812341
123.52	0.00812391
123.86	0.00812593
124.169	0.00812604
124.507	0.0081277
124.816	0.00812747
125.151	0.00812865
125.486	0.0081297
125.82	0.00813055
126.152	0.00813114
126.484	0.0081327
126.815	0.00813292
127.145	0.00813294
127.474	0.00813387
127.802	0.00813353
128.157	0.00813456
128.483	0.00813488
128.807	0.00813388
129.159	0.00813542
129.483	0.00813406
129.832	0.00813515
130.154	0.00813341
130.501	0.00813405
130.848	0.00813453
131.166	0.00813217
131.511	0.00813227
131.855	0.00813213
132.197	0.00813071
132.538	0.0081301
132.879	0.00812936
133.219	0.00812842
133.557	0.00812726
133.895	0.00812588
134.258	0.00812577
134.593	0.00812399
134.954	0.00812346
135.288	0.00812131
135.621	0.00811892
135.979	0.00811778
136.335	0.00811636
136.665	0.0081134
137.02	0.00811163
137.373	0.00811067
137.726	0.0081085
138.078	0.00810608
138.428	0.00810345
138.778	0.00810168
139.126	0.00809868
139.474	0.00809648
139.821	0.00809308
140.191	0.00809075
140.535	0.00808791
140.878	0.00808493
141.246	0.00808199
141.587	0.00807856
141.952	0.00807519
142.316	0.00807264
142.655	0.00806865
143.017	0.00806467
143.378	0.00806146
143.738	0.00805807
144.097	0.0080545
144.455	0.0080507
144.811	0.00804666
145.167	0.00804148
145.546	0.00803826
145.899	0.00803363
146.251	0.00802877
146.627	0.00802493
146.977	0.00802068
147.35	0.0080164
147.699	0.00801076
148.07	0.00800606
148.44	0.00800117
148.785	0.00799491
149.153	0.00799059
149.519	0.00798503
149.885	0.00797931
150.25	0.00797435
150.613	0.0079682
150.999	0.00796394
151.359	0.00795735
151.72	0.00795155
152.102	0.00794567
152.46	0.00793947
152.839	0.00793314
153.195	0.00792651
153.572	0.00792073
153.949	0.00791381
154.302	0.00790657
154.675	0.00790016
155.049	0.00789356
155.42	0.00788578
155.791	0.00787875
156.161	0.00787155
156.551	0.00786509
156.918	0.00785742
157.285	0.00784961
157.672	0.00784249
158.036	0.00783425
158.421	0.00782674
158.783	0.00781807
159.165	0.0078111
159.546	0.00780296
159.926	0.00779462
160.306	0.0077861
160.684	0.00777829
161.061	0.00776934
161.436	0.00776014
161.81	0.0077517
162.183	0.00774212
162.556	0.00773236
162.948	0.00772418
163.318	0.00771403
163.708	0.00770543
164.096	0.00769661
164.462	0.00768581
164.848	0.00767661
165.233	0.0076663
165.617	0.00765666
166	0.00764683
166.381	0.00763676
166.761	0.00762562
167.14	0.00761516
167.517	0.00760448
167.914	0.00759445
168.29	0.00758339
168.685	0.00757294
169.057	0.00756145
169.45	0.0075506
169.841	0.00753952
170.21	0.00752745
170.598	0.00751594
170.985	0.00750426
171.372	0.00749323
171.756	0.00748114
172.16	0.00746963
172.542	0.00745714
172.923	0.00744527
173.322	0.00743311
173.701	0.00742251
174.097	0.00740422
174.474	0.00739321
174.868	0.00738269
175.261	0.00737196
175.653	0.007353
176.043	0.00734186
176.433	0.00733054
176.821	0.00731899
177.207	0.0073072
177.592	0.00728732
177.996	0.00727588
178.379	0.00726351
178.779	0.00725163
179.159	0.00723104
179.558	0.00721878
179.954	0.00720627
180.349	0.00719358
180.744	0.00718068
181.136	0.0071599
181.527	0.00714658
181.917	0.00713308
182.306	0.00711938
182.712	0.00710611
183.098	0.00708448
183.501	0.00707082
183.885	0.00705633
184.285	0.00704225
184.684	0.00702799
185.083	0.00700618
185.459	0.00699086
185.873	0.00697665
186.267	0.0069616
186.659	0.00694633
187.05	0.00693087
187.458	0.00690865
187.846	0.00689282
188.25	0.00687738
188.636	0.00686117
189.039	0.00684537
189.439	0.00682934
189.839	0.00681314
190.236	0.00678974
190.632	0.00677314
191.027	0.00675636
191.42	0.00673941
191.831	0.00672282
192.221	0.00670547
192.629	0.0066885
193.016	0.00666398
193.419	0.00664663
193.822	0.00662911
194.224	0.0066114
194.623	0.00659349
195.021	0.0065754
195.417	0.0065571
195.813	0.00653864
196.225	0.00652052
196.616	0.00649517
197.024	0.00647667
197.413	0.00645752
197.819	0.00643869
198.222	0.00641967
198.624	0.00640044
199.024	0.00638106
199.424	0.00636152
199.821	0.00634175
200.235	0.00632234
200.629	0.00630226
201.038	0.00627628
201.43	0.00625588
201.837	0.00623577
202.241	0.00621545
202.646	0.00619503
203.047	0.00617437
203.447	0.00615357
203.847	0.00613261
204.261	0.00611192
204.656	0.00609061
205.067	0.00606958
205.459	0.00604794
205.867	0.00602658
206.272	0.00600504
206.677	0.00598337
207.079	0.00595579
207.482	0.00593383
207.881	0.00591169
208.294	0.00588977
208.691	0.00586732
209.101	0.0058451
209.51	0.00582274
209.902	0.00579982
210.308	0.00577715
210.712	0.00575432
211.114	0.00573132
211.531	0.00570857
211.931	0.00568532
212.344	0.00566227
212.74	0.00563869
213.151	0.00561535
213.559	0.00559185
213.95	0.00556786
214.355	0.00554408
214.773	0.00552049
215.175	0.00549643
215.576	0.00547226
215.989	0.00544321
216.387	0.00541879
216.796	0.00539453
217.204	0.00537014
217.612	0.00534566
218.017	0.00532102
218.421	0.00529626
218.823	0.00527137
219.222	0.00524632
219.637	0.00522151
220.032	0.00519622
220.443	0.00517114
220.851	0.00514593
221.258	0.0051206
221.663	0.00509515
222.066	0.00506959
222.467	0.0050439
222.882	0.0050184
223.28	0.00499248
223.69	0.00496672
224.1	0.00494087
224.494	0.00491464
224.899	0.00488855
225.303	0.00486237
225.719	0.00483635
226.12	0.00480997
226.519	0.00478347
226.931	0.00475713
227.341	0.0047307
227.733	0.00470388
228.14	0.00467725
228.545	0.00465054
228.948	0.00462371
229.362	0.004593
229.761	0.00456601
230.174	0.0045392
230.569	0.00451203
230.976	0.00448501
231.383	0.00445791
231.788	0.00443075
232.19	0.00440347
232.591	0.00437613
232.991	0.0043487
233.402	0.00432143
233.798	0.00429386
234.206	0.00426643
234.598	0.00423869
235.002	0.0042111
235.406	0.00418347
235.806	0.00415574
236.218	0.00412816
236.616	0.00410032
237.012	0.0040724
237.418	0.00404461
237.825	0.00401338
238.215	0.00398531
238.617	0.00395737
239.018	0.00392941
239.416	0.00390136
239.827	0.00387347
240.222	0.00384533
240.615	0.00381714
241.02	0.00378909
241.41	0.0037608
241.811	0.00373266
242.211	0.00370448
242.611	0.00367627
243.006	0.00364495
243.401	0.00361668
243.794	0.00358837
244.198	0.00356021
244.588	0.00353184
244.988	0.00350359
245.374	0.00347517
245.772	0.00344688
246.168	0.00341857
246.563	0.00339023
246.954	0.0033591
247.345	0.00333075
247.735	0.00330239
248.136	0.00327417
248.522	0.00324577
248.918	0.00321751
249.301	0.0031891
249.695	0.00315825
250.075	0.00312986
250.466	0.0031016
250.855	0.00307334
251.241	0.00304508
251.627	0.00301682
252.012	0.00298615
252.395	0.00295794
252.776	0.00292973
253.155	0.00290152
253.534	0.00287335
253.912	0.00284519
254.286	0.00281477
254.66	0.00278667
255.033	0.00275859
255.404	0.00273053
255.894	0.00270364
256.262	0.00267349
256.628	0.00264552
256.995	0.00261761
257.357	0.00258971
257.722	0.00255984
258.082	0.00253205
258.442	0.00250431
258.801	0.00247661
259.157	0.00244701
259.632	0.00242041
259.987	0.00239287
260.342	0.00236353
260.694	0.00233612
261.045	0.00230876
261.395	0.00228147
261.745	0.00225248
262.093	0.00222533
262.554	0.00219911
262.901	0.0021704
263.244	0.00214346
263.588	0.0021166
263.932	0.00208821
264.272	0.00206151
264.613	0.00203333
264.952	0.00200683
265.404	0.00198116
265.742	0.0019533
266.078	0.00192707
266.413	0.00190091
266.747	0.0018734
267.083	0.00184747
267.414	0.00182021
267.746	0.00179448
268.078	0.00176749
268.409	0.00174198
268.738	0.00171526
269.177	0.00169059
269.505	0.0016654
269.832	0.00163907
270.158	0.00161412
270.485	0.00158808
270.81	0.00156338
271.135	0.00153763
271.459	0.00151319
271.781	0.00148773
272.104	0.00146244
272.427	0.00143841
272.748	0.00141343
273.069	0.00138967
273.389	0.001365
273.71	0.00134152
273.922	0.00131673
274.241	0.00129257
274.56	0.00126954
274.88	0.00124572
275.197	0.00122208
275.515	0.00119951
275.831	0.0011762
276.044	0.00115269
276.36	0.00113061
276.676	0.00110785
276.992	0.00108528
277.204	0.00106333
277.52	0.00104113
277.836	0.00101912
278.152	0.00099731
278.363	0.000976091
278.677	0.000954654
278.888	0.000933108
279.205	0.000912085
279.52	0.000891254
279.732	0.000870987
280.047	0.000850557
280.258	0.000830055
280.575	0.000810046
280.788	0.000789984
280.999	0.000770141
281.316	0.000750771
281.531	0.000731378
281.743	0.00071273
282.06	0.000693997
282.275	0.000675262
282.49	0.000656759
282.707	0.000638486
283.024	0.000620642
283.241	0.000602829
283.458	0.000585251
283.676	0.000567907
283.894	0.000550801
284.113	0.000533932
284.333	0.000517302
284.551	0.000500544
284.774	0.00048441
284.893	0.000468366
285.116	0.00045272
285.339	0.000437318
285.562	0.000422161
285.688	0.000407125
285.912	0.00039218
286.139	0.000377781
286.266	0.00036352
286.493	0.000349625
286.621	0.000335877
286.852	0.000322258
286.983	0.00030904
287.213	0.000296175
287.348	0.000283482
287.48	0.000270853
287.616	0.000258697
287.853	0.000246884
287.989	0.000235086
288.127	0.000223736
288.269	0.000212502
288.408	0.000201697
288.55	0.000191164
288.694	0.000180771
288.838	0.000170788
288.886	0.000160913
289.033	0.000151486
289.182	0.000142231
289.233	0.00013332
289.384	0.000124638
289.536	0.000116328
289.592	0.000108186
289.746	0.000100441
289.805	9.28796e-05
289.866	8.56137e-05
290.024	7.87228e-05
290.087	7.204e-05
290.152	6.57e-05
290.217	5.96038e-05
290.284	5.38033e-05
290.352	4.83338e-05
290.423	4.31218e-05
290.495	3.82063e-05
290.567	3.35872e-05
290.642	2.92859e-05
290.718	2.52574e-05
290.699	2.15199e-05
290.778	1.8087e-05
290.762	1.49472e-05
290.844	1.21103e-05
290.831	9.57513e-06
290.916	7.33286e-06
290.905	5.38723e-06
290.995	3.74216e-06
290.989	2.39493e-06
290.985	1.34713e-06
