0.735599	7.03817e-10
0.761075	7.55755e-10
0.786415	8.09349e-10
0.811677	8.6452e-10
0.836868	9.2125e-10
0.861995	9.79524e-10
0.886817	1.03906e-09
0.912154	1.10073e-09
0.936806	1.16304e-09
0.961955	1.22759e-09
0.986829	1.29334e-09
1.01145	1.36026e-09
1.03618	1.42982e-09
1.06068	1.49922e-09
1.08529	1.57034e-09
1.10968	1.64429e-09
1.13419	1.72003e-09
1.15849	1.79544e-09
1.18259	1.87377e-09
1.20652	1.9534e-09
1.23056	2.03306e-09
1.25444	2.11571e-09
1.27787	2.19919e-09
1.30143	2.28624e-09
1.32512	2.37322e-09
1.34839	2.46101e-09
1.3718	2.55245e-09
1.39481	2.64279e-09
1.41796	2.73682e-09
1.44074	2.8317e-09
1.46365	2.92834e-09
1.48646	3.02627e-09
1.50893	3.12501e-09
1.53153	3.22551e-09
1.55404	3.32727e-09
1.57623	3.43202e-09
1.59856	3.53634e-09
1.62081	3.64416e-09
1.64298	3.75329e-09
1.66485	3.86094e-09
1.68687	3.97262e-09
1.7086	4.08512e-09
1.73048	4.19937e-09
1.75209	4.31442e-09
1.77384	4.43122e-09
1.79533	4.54879e-09
1.81676	4.66762e-09
1.83833	4.78818e-09
1.85966	4.91205e-09
1.88094	5.03463e-09
1.90216	5.16105e-09
1.92335	5.28612e-09
1.94448	5.41506e-09
1.96558	5.54259e-09
1.98663	5.67403e-09
2.00746	5.8035e-09
2.02826	5.93693e-09
2.04919	6.07209e-09
2.06992	6.20799e-09
2.09079	6.3428e-09
2.11145	6.48113e-09
2.13208	6.62069e-09
2.15268	6.76146e-09
2.17325	6.90345e-09
2.19363	7.04613e-09
2.21415	7.19052e-09
2.23464	7.3391e-09
2.25494	7.48538e-09
2.27522	7.63285e-09
2.29564	7.782e-09
2.31588	7.93492e-09
2.3361	8.08593e-09
2.3563	8.2381e-09
2.37632	8.39409e-09
2.39634	8.54807e-09
2.41648	8.70694e-09
2.43646	8.86324e-09
2.45642	9.02393e-09
2.47637	9.18252e-09
2.4963	9.34554e-09
2.51622	9.50973e-09
2.53612	9.67509e-09
2.55587	9.8377e-09
2.57575	1.00053e-08
2.59548	1.01736e-08
2.6152	1.0343e-08
2.6349	1.05135e-08
2.6546	1.06817e-08
2.67429	1.08545e-08
2.69383	1.10279e-08
2.7139	1.12045e-08
2.73249	1.13764e-08
2.75228	1.15542e-08
2.77193	1.17361e-08
2.79143	1.1915e-08
2.8108	1.20945e-08
2.83004	1.22746e-08
2.85042	1.24642e-08
2.8694	1.26454e-08
2.88825	1.28271e-08
2.90822	1.30146e-08
2.92681	1.32012e-08
2.94652	1.33898e-08
2.9661	1.35828e-08
2.98555	1.37725e-08
3.00367	1.39613e-08
3.02288	1.4152e-08
3.04316	1.43525e-08
3.06212	1.45482e-08
3.08096	1.47405e-08
3.09969	1.49372e-08
3.11947	1.51398e-08
3.13797	1.53376e-08
3.1575	1.55372e-08
3.17692	1.57413e-08
3.19509	1.59406e-08
3.21428	1.61457e-08
3.23335	1.63513e-08
3.25232	1.65574e-08
3.27117	1.6764e-08
3.28992	1.69711e-08
3.30965	1.7184e-08
3.32818	1.7392e-08
3.34661	1.76004e-08
3.36601	1.7819e-08
3.38423	1.80284e-08
3.40342	1.82436e-08
3.42249	1.84593e-08
3.44147	1.86798e-08
3.46034	1.88963e-08
3.4791	1.91133e-08
3.49777	1.93352e-08
3.51634	1.9553e-08
3.53481	1.97757e-08
3.5542	1.99998e-08
3.57247	2.02234e-08
3.59166	2.04528e-08
3.60974	2.06728e-08
3.62873	2.0903e-08
3.64763	2.11338e-08
3.66642	2.13603e-08
3.68512	2.15919e-08
3.70372	2.18238e-08
3.72223	2.20561e-08
3.74065	2.22888e-08
3.75898	2.25173e-08
3.77722	2.27507e-08
3.79633	2.29948e-08
3.81439	2.32243e-08
3.83331	2.34644e-08
3.85214	2.37097e-08
3.87088	2.39505e-08
3.88859	2.41862e-08
3.90715	2.44278e-08
3.92563	2.46697e-08
3.94493	2.49223e-08
3.96323	2.51649e-08
3.98144	2.54079e-08
4.00048	2.56616e-08
4.01852	2.59052e-08
4.03738	2.61547e-08
4.05526	2.64039e-08
4.07395	2.6654e-08
4.09256	2.69094e-08
4.11108	2.71651e-08
4.12952	2.74162e-08
4.14787	2.76726e-08
4.16615	2.79243e-08
4.18434	2.81813e-08
4.20246	2.84386e-08
4.22135	2.87018e-08
4.23931	2.89597e-08
4.25804	2.92235e-08
4.27669	2.94876e-08
4.29442	2.97413e-08
4.31291	3.00059e-08
4.33132	3.0276e-08
4.34966	3.05361e-08
4.36792	3.08067e-08
4.3861	3.10725e-08
4.40503	3.13441e-08
4.42306	3.16104e-08
4.44102	3.1877e-08
4.45971	3.21546e-08
4.47752	3.24217e-08
4.49607	3.26946e-08
4.51453	3.2973e-08
4.53293	3.32464e-08
4.55124	3.35254e-08
4.56949	3.37992e-08
4.58766	3.40787e-08
4.60576	3.4353e-08
4.62379	3.46329e-08
4.64253	3.49133e-08
4.66042	3.51937e-08
4.67901	3.54799e-08
4.69753	3.57663e-08
4.71521	3.60419e-08
4.73358	3.63288e-08
4.75189	3.66158e-08
4.77012	3.69031e-08
4.78829	3.71906e-08
4.80639	3.74783e-08
4.82517	3.77718e-08
4.84313	3.80599e-08
4.86102	3.83481e-08
4.87959	3.86422e-08
4.89735	3.89308e-08
4.91578	3.92309e-08
4.93415	3.95255e-08
4.95244	3.98202e-08
4.97067	4.01208e-08
4.98883	4.04159e-08
5.00692	4.07112e-08
5.02495	4.10123e-08
5.04364	4.13134e-08
5.06154	4.16149e-08
5.08008	4.19164e-08
5.09786	4.22181e-08
5.11627	4.25256e-08
5.13462	4.28275e-08
5.15221	4.31297e-08
5.17043	4.34376e-08
5.18929	4.37455e-08
5.20738	4.40537e-08
5.22541	4.43621e-08
5.24338	4.46705e-08
5.26197	4.49847e-08
5.27982	4.52934e-08
5.29828	4.56079e-08
5.31601	4.59168e-08
5.33435	4.62315e-08
5.35263	4.65462e-08
5.37084	4.68671e-08
5.389	4.7182e-08
5.40709	4.74971e-08
5.42513	4.78122e-08
5.44376	4.81391e-08
5.46168	4.84544e-08
5.47953	4.87697e-08
5.49799	4.90969e-08
5.51638	4.9418e-08
5.53471	4.97453e-08
5.55233	5.00609e-08
5.57054	5.03883e-08
5.58869	5.07159e-08
5.60743	5.10429e-08
5.62547	5.13705e-08
5.64345	5.16982e-08
5.66201	5.20316e-08
5.67987	5.23594e-08
5.69831	5.26929e-08
5.71669	5.30264e-08
5.73438	5.3348e-08
5.75264	5.36816e-08
5.77085	5.40215e-08
5.789	5.43551e-08
5.8071	5.46888e-08
5.82575	5.50281e-08
5.84373	5.53618e-08
5.86227	5.57074e-08
5.88014	5.60411e-08
5.89857	5.63805e-08
5.91633	5.67206e-08
5.93464	5.70599e-08
5.9529	5.74056e-08
5.97111	5.77449e-08
5.98925	5.80907e-08
6.00795	5.84356e-08
6.02598	5.87813e-08
6.04397	5.9127e-08
6.06249	5.94718e-08
6.08096	5.98231e-08
6.09878	6.01687e-08
6.11714	6.052e-08
6.13545	6.08712e-08
6.1537	6.12223e-08
6.1719	6.15735e-08
6.19004	6.19245e-08
6.20871	6.22812e-08
6.22675	6.26322e-08
6.24473	6.29831e-08
6.26324	6.33396e-08
6.2817	6.3696e-08
6.29952	6.40468e-08
6.31787	6.44164e-08
6.33617	6.47859e-08
6.35441	6.51554e-08
6.37317	6.54637e-08
6.39131	6.5833e-08
6.4094	6.62023e-08
6.42799	6.65771e-08
6.44598	6.69463e-08
6.46447	6.7321e-08
6.48291	6.76957e-08
6.5013	6.80026e-08
6.51964	6.8377e-08
6.53792	6.87514e-08
6.55615	6.91256e-08
6.57434	6.94998e-08
6.59247	6.98738e-08
6.6111	7.02534e-08
6.62913	7.06273e-08
6.64766	7.10067e-08
6.66614	7.13859e-08
6.68456	7.16964e-08
6.70294	7.20753e-08
6.72126	7.24541e-08
6.73954	7.28328e-08
6.75776	7.32114e-08
6.77647	7.35954e-08
6.7946	7.39737e-08
6.81321	7.43574e-08
6.83176	7.4741e-08
6.84974	7.51189e-08
6.8682	7.55022e-08
6.88661	7.58853e-08
6.90497	7.62683e-08
6.92329	7.66511e-08
6.94207	7.70394e-08
6.96029	7.74218e-08
6.97897	7.78097e-08
6.99709	7.81918e-08
7.01568	7.85793e-08
7.03422	7.89667e-08
7.05271	7.93538e-08
7.07115	7.97407e-08
7.08954	8.01274e-08
7.10789	8.05139e-08
7.12669	8.09058e-08
7.14494	8.12919e-08
7.16365	8.16833e-08
7.18181	8.2069e-08
7.20042	8.246e-08
7.21898	8.28507e-08
7.2375	8.32412e-08
7.25597	8.36315e-08
7.27439	8.40216e-08
7.29327	8.44169e-08
7.3116	8.48064e-08
7.33037	8.52013e-08
7.3491	8.56682e-08
7.36729	8.6057e-08
7.38593	8.64512e-08
7.40452	8.6845e-08
7.42306	8.72386e-08
7.44204	8.76375e-08
7.46049	8.80305e-08
7.47889	8.84232e-08
7.49773	8.88212e-08
7.51604	8.92134e-08
7.53479	8.9684e-08
7.55349	9.00812e-08
7.57215	9.0478e-08
7.59076	9.08746e-08
7.60932	9.12708e-08
7.62831	9.16722e-08
7.64678	9.20678e-08
7.66521	9.2537e-08
7.68407	9.29375e-08
7.70287	9.33377e-08
7.72164	9.37376e-08
7.74035	9.41371e-08
7.75902	9.46106e-08
7.77765	9.50095e-08
7.79623	9.5408e-08
7.81524	9.58117e-08
7.83373	9.62095e-08
7.85264	9.66872e-08
7.8715	9.70899e-08
7.88987	9.74867e-08
7.90864	9.78886e-08
7.92783	9.82956e-08
7.94652	9.87719e-08
7.96516	9.91728e-08
7.98421	9.95787e-08
8.00277	9.99787e-08
8.02173	1.00459e-07
8.04065	1.00864e-07
8.05907	1.01263e-07
8.0779	1.01667e-07
8.09714	1.02152e-07
8.11588	1.02555e-07
8.13458	1.02958e-07
8.15368	1.03442e-07
8.17229	1.03844e-07
8.1913	1.04251e-07
8.21027	1.04733e-07
8.22919	1.0514e-07
8.24807	1.05545e-07
8.26691	1.05951e-07
8.28571	1.06432e-07
8.3049	1.06842e-07
8.3236	1.07246e-07
8.34271	1.07732e-07
8.36176	1.0814e-07
8.38078	1.08625e-07
8.39975	1.09033e-07
8.41868	1.0944e-07
8.43756	1.09924e-07
8.45683	1.10336e-07
8.47563	1.10742e-07
8.49482	1.1123e-07
8.51438	1.11645e-07
8.53136	1.12106e-07
8.55254	1.12542e-07
8.56944	1.12924e-07
8.59052	1.13437e-07
8.60735	1.13818e-07
8.62834	1.1433e-07
8.64927	1.14764e-07
8.66599	1.15143e-07
8.68683	1.15654e-07
8.70348	1.16033e-07
8.72423	1.16542e-07
8.74494	1.16973e-07
8.76147	1.17429e-07
8.78209	1.17859e-07
8.79855	1.18314e-07
8.81909	1.18742e-07
8.83957	1.1925e-07
8.86001	1.19677e-07
8.87633	1.2013e-07
8.89668	1.20557e-07
8.91699	1.21062e-07
8.9332	1.21434e-07
8.95343	1.21939e-07
8.97361	1.22363e-07
8.99374	1.22866e-07
9.01383	1.2329e-07
9.02987	1.23739e-07
9.04988	1.24161e-07
9.06984	1.24662e-07
9.08976	1.25083e-07
9.10964	1.25583e-07
9.12947	1.26003e-07
9.14926	1.26502e-07
9.16506	1.26947e-07
9.18478	1.27366e-07
9.20445	1.27863e-07
9.22408	1.2828e-07
9.24367	1.28776e-07
9.26321	1.29272e-07
9.28272	1.29687e-07
9.30218	1.30181e-07
9.32161	1.30595e-07
9.34099	1.31089e-07
9.36034	1.31582e-07
9.37964	1.31993e-07
9.3989	1.32485e-07
9.41813	1.32976e-07
9.43731	1.33386e-07
9.46029	1.33929e-07
9.47939	1.34418e-07
9.49845	1.34826e-07
9.51747	1.35314e-07
9.53646	1.35802e-07
9.5554	1.36208e-07
9.57431	1.36694e-07
9.59696	1.37233e-07
9.61579	1.37636e-07
9.63458	1.38121e-07
9.65333	1.38605e-07
9.67579	1.39059e-07
9.69447	1.39542e-07
9.71311	1.40024e-07
9.73171	1.40505e-07
9.75399	1.40956e-07
9.77252	1.41436e-07
9.79101	1.41916e-07
9.81315	1.42447e-07
9.83156	1.42843e-07
9.84994	1.4332e-07
9.87196	1.43849e-07
9.89026	1.44325e-07
9.91218	1.44853e-07
9.93041	1.45245e-07
9.94861	1.45719e-07
9.9704	1.46245e-07
9.98853	1.46717e-07
10.0102	1.47241e-07
10.0283	1.4763e-07
10.0499	1.48152e-07
10.0679	1.48622e-07
10.0894	1.49143e-07
10.1109	1.49663e-07
10.1288	1.50131e-07
10.1502	1.5065e-07
10.168	1.51034e-07
10.1893	1.51551e-07
10.2106	1.52067e-07
10.2283	1.52531e-07
10.2495	1.53046e-07
10.2707	1.5356e-07
10.2883	1.54022e-07
10.3093	1.54535e-07
10.3304	1.55046e-07
10.3479	1.55423e-07
10.3688	1.55933e-07
10.3897	1.56443e-07
10.4106	1.56951e-07
10.4279	1.57408e-07
10.4487	1.57915e-07
10.4695	1.58421e-07
10.4902	1.58927e-07
10.5109	1.59431e-07
10.5315	1.59935e-07
10.5521	1.60438e-07
10.5692	1.6089e-07
10.5897	1.61391e-07
10.6102	1.61891e-07
10.6307	1.62391e-07
10.651	1.6289e-07
10.6714	1.63388e-07
10.6917	1.63885e-07
10.712	1.64381e-07
10.7323	1.64877e-07
10.7525	1.65371e-07
10.7726	1.65865e-07
10.7928	1.66358e-07
10.8128	1.6685e-07
10.8363	1.67476e-07
10.8555	1.67956e-07
10.8747	1.68433e-07
10.8972	1.6896e-07
10.9163	1.69435e-07
10.9386	1.69959e-07
10.9609	1.70482e-07
10.9831	1.71003e-07
11.002	1.7139e-07
11.0241	1.71909e-07
11.0461	1.72428e-07
11.0682	1.72946e-07
11.0902	1.73463e-07
11.1121	1.73978e-07
11.1341	1.74409e-07
11.1559	1.74922e-07
11.1777	1.75435e-07
11.1995	1.75948e-07
11.2212	1.76373e-07
11.2462	1.76933e-07
11.2678	1.77441e-07
11.2894	1.77864e-07
11.3142	1.7842e-07
11.3357	1.78926e-07
11.3603	1.79393e-07
11.3817	1.79897e-07
11.4063	1.80363e-07
11.4276	1.80864e-07
11.4521	1.81328e-07
11.4764	1.81875e-07
11.4977	1.82288e-07
11.5219	1.82833e-07
11.5462	1.83292e-07
11.5703	1.83835e-07
11.5945	1.84291e-07
11.6186	1.84832e-07
11.6426	1.85285e-07
11.6666	1.85738e-07
11.6905	1.86275e-07
11.7144	1.86725e-07
11.7382	1.87259e-07
11.762	1.87707e-07
11.7888	1.88201e-07
11.8124	1.88732e-07
11.836	1.89175e-07
11.8627	1.89666e-07
11.8862	1.90193e-07
11.9127	1.90679e-07
11.9361	1.91118e-07
11.9625	1.91602e-07
11.9858	1.92125e-07
12.0121	1.92606e-07
12.0383	1.93086e-07
12.0645	1.93653e-07
12.0877	1.94084e-07
12.1137	1.9456e-07
12.1397	1.95034e-07
12.1656	1.95507e-07
12.1915	1.96066e-07
12.2174	1.96537e-07
12.2431	1.97005e-07
12.2689	1.97474e-07
12.2975	1.97986e-07
12.3231	1.98538e-07
12.3487	1.99002e-07
12.3742	1.99464e-07
12.4026	1.99971e-07
12.428	2.0043e-07
12.4562	2.00933e-07
12.4815	2.0139e-07
12.5095	2.01977e-07
12.5348	2.02431e-07
12.5628	2.02928e-07
12.5879	2.0338e-07
12.6158	2.03874e-07
12.6436	2.04367e-07
12.6714	2.04859e-07
12.699	2.05348e-07
12.7267	2.05836e-07
12.7543	2.06323e-07
12.7819	2.06898e-07
12.8093	2.0738e-07
12.8368	2.07864e-07
12.8641	2.08344e-07
12.8915	2.08824e-07
12.9187	2.09302e-07
12.9487	2.09822e-07
12.9758	2.10296e-07
13.0057	2.10814e-07
13.0328	2.11286e-07
13.0625	2.11799e-07
13.0895	2.12269e-07
13.1191	2.12779e-07
13.1459	2.13245e-07
13.1755	2.13753e-07
13.2049	2.14259e-07
13.2343	2.14764e-07
13.2637	2.15267e-07
13.2902	2.15725e-07
13.3195	2.16225e-07
13.3486	2.16722e-07
13.3804	2.17261e-07
13.4095	2.17756e-07
13.4384	2.18249e-07
13.4674	2.18741e-07
13.4963	2.19231e-07
13.5277	2.19761e-07
13.5565	2.20248e-07
13.5878	2.20774e-07
13.6164	2.21258e-07
13.6477	2.21691e-07
13.6762	2.2217e-07
13.7073	2.22691e-07
13.7384	2.2321e-07
13.7693	2.23726e-07
13.7976	2.242e-07
13.8284	2.24712e-07
13.8593	2.25224e-07
13.8899	2.25733e-07
13.9232	2.26281e-07
13.9537	2.26696e-07
13.9843	2.27201e-07
14.0147	2.27703e-07
14.0451	2.28202e-07
14.078	2.28742e-07
14.1083	2.29239e-07
14.141	2.29774e-07
14.1711	2.30267e-07
14.2038	2.30708e-07
14.2363	2.31237e-07
14.2688	2.31765e-07
14.2987	2.32252e-07
14.331	2.32775e-07
14.3632	2.33297e-07
14.3954	2.33725e-07
14.4276	2.34244e-07
14.4621	2.34799e-07
14.4941	2.35313e-07
14.526	2.35825e-07
14.5578	2.36335e-07
14.5921	2.3679e-07
14.6238	2.37297e-07
14.6579	2.3784e-07
14.6895	2.38343e-07
14.7234	2.38882e-07
14.7573	2.39419e-07
14.791	2.39861e-07
14.8248	2.40395e-07
14.856	2.40887e-07
14.8896	2.41416e-07
14.9255	2.4198e-07
14.9589	2.42411e-07
14.9922	2.42934e-07
15.0256	2.43456e-07
15.0611	2.4401e-07
15.0942	2.44527e-07
15.1297	2.44985e-07
15.1626	2.45498e-07
15.1979	2.46045e-07
15.2331	2.4659e-07
15.2659	2.47096e-07
15.3009	2.47543e-07
15.3358	2.48081e-07
15.3707	2.48618e-07
15.4078	2.49188e-07
15.4425	2.49625e-07
15.4771	2.50155e-07
15.5117	2.50682e-07
15.5485	2.51244e-07
15.5829	2.51767e-07
15.6195	2.52229e-07
15.6537	2.52747e-07
15.6902	2.533e-07
15.7265	2.5385e-07
15.7628	2.54396e-07
15.799	2.54848e-07
15.8351	2.5539e-07
15.8711	2.55931e-07
15.9071	2.56469e-07
15.9452	2.5704e-07
15.981	2.57478e-07
16.0189	2.58045e-07
16.0545	2.58573e-07
16.0923	2.59134e-07
16.1278	2.59564e-07
16.1653	2.6012e-07
16.2028	2.60674e-07
16.2403	2.61227e-07
16.2775	2.61775e-07
16.3148	2.62225e-07
16.3542	2.62805e-07
16.3912	2.63346e-07
16.4281	2.63885e-07
16.4673	2.64457e-07
16.5062	2.64929e-07
16.5429	2.6546e-07
16.5818	2.66025e-07
16.6205	2.66586e-07
16.659	2.67143e-07
16.6976	2.67603e-07
16.736	2.68156e-07
16.7744	2.68707e-07
16.8148	2.69288e-07
16.8529	2.69834e-07
16.8931	2.70312e-07
16.9311	2.70854e-07
16.9711	2.71424e-07
17.011	2.71992e-07
17.0508	2.72557e-07
17.0907	2.73024e-07
17.1302	2.73583e-07
17.1698	2.7414e-07
17.2092	2.74695e-07
17.2507	2.75281e-07
17.2899	2.75732e-07
17.3311	2.76311e-07
17.3702	2.76855e-07
17.4112	2.77428e-07
17.4522	2.77999e-07
17.4931	2.7847e-07
17.5339	2.79035e-07
17.5765	2.79628e-07
17.617	2.80188e-07
17.6575	2.80745e-07
17.6999	2.8133e-07
17.7403	2.81785e-07
17.7824	2.82365e-07
17.8245	2.82942e-07
17.8665	2.83516e-07
17.9084	2.84087e-07
17.9501	2.84556e-07
17.9938	2.85152e-07
18.0354	2.85715e-07
18.0789	2.86306e-07
18.1203	2.86863e-07
18.1635	2.87447e-07
18.2067	2.88029e-07
18.2497	2.88509e-07
18.2927	2.89084e-07
18.3356	2.89657e-07
18.3783	2.90228e-07
18.423	2.90826e-07
18.4656	2.9139e-07
18.51	2.91881e-07
18.5542	2.92469e-07
18.5965	2.93025e-07
18.6406	2.93607e-07
18.6864	2.94215e-07
18.7303	2.94791e-07
18.774	2.95364e-07
18.8195	2.95961e-07
18.863	2.96428e-07
18.9084	2.97021e-07
18.9536	2.9761e-07
18.9987	2.98197e-07
19.0437	2.9878e-07
19.0886	2.99361e-07
19.1353	2.99967e-07
19.18	3.00541e-07
19.2264	3.01039e-07
19.2728	3.01636e-07
19.3171	3.02201e-07
19.3633	3.02791e-07
19.4111	3.03406e-07
19.457	3.0399e-07
19.5027	3.04568e-07
19.5502	3.05173e-07
19.5976	3.05775e-07
19.643	3.06346e-07
19.6902	3.06941e-07
19.7372	3.07432e-07
19.786	3.08047e-07
19.8327	3.08632e-07
19.8812	3.09241e-07
19.9278	3.0982e-07
19.9761	3.10423e-07
20.0243	3.11022e-07
20.0723	3.11618e-07
20.1202	3.12211e-07
20.1679	3.12799e-07
20.2174	3.13411e-07
20.265	3.13995e-07
20.3142	3.14601e-07
20.3633	3.15203e-07
20.4123	3.15802e-07
20.4612	3.16398e-07
20.5116	3.17014e-07
20.5602	3.17603e-07
20.6105	3.18216e-07
20.6606	3.18823e-07
20.7106	3.19428e-07
20.7605	3.20029e-07
20.8102	3.20624e-07
20.8615	3.21244e-07
20.911	3.21834e-07
20.9622	3.22447e-07
21.0132	3.23056e-07
21.0639	3.2366e-07
21.1147	3.24261e-07
21.167	3.24885e-07
21.2174	3.25479e-07
21.2695	3.26096e-07
21.3215	3.26708e-07
21.3731	3.27315e-07
21.4248	3.2792e-07
21.4763	3.28522e-07
21.5294	3.29144e-07
21.5824	3.29764e-07
21.6351	3.30377e-07
21.6878	3.30988e-07
21.7403	3.31596e-07
21.7928	3.322e-07
21.8467	3.32824e-07
21.8988	3.33419e-07
21.9525	3.34036e-07
22.0077	3.34673e-07
22.0611	3.35282e-07
22.1142	3.35886e-07
22.169	3.36617e-07
22.2237	3.37238e-07
22.2782	3.37856e-07
22.3325	3.3847e-07
22.3866	3.39078e-07
22.4423	3.39707e-07
22.4963	3.40311e-07
22.5517	3.40932e-07
22.6086	3.41573e-07
22.6636	3.4229e-07
22.7186	3.429e-07
22.7751	3.4353e-07
22.8314	3.44155e-07
22.8874	3.44774e-07
22.9434	3.45391e-07
23.0009	3.46026e-07
23.0567	3.46636e-07
23.1137	3.47368e-07
23.1707	3.47991e-07
23.2276	3.48611e-07
23.2858	3.49248e-07
23.3425	3.4986e-07
23.4003	3.50487e-07
23.4582	3.51219e-07
23.5159	3.51841e-07
23.5749	3.52479e-07
23.6338	3.53113e-07
23.691	3.53722e-07
23.7511	3.54477e-07
23.8096	3.55099e-07
23.8678	3.55715e-07
23.9276	3.56351e-07
23.9871	3.56982e-07
24.0465	3.57716e-07
24.1056	3.58337e-07
24.1661	3.58977e-07
24.2266	3.59613e-07
24.2869	3.60351e-07
24.3468	3.60976e-07
24.4083	3.61619e-07
24.4681	3.62237e-07
24.5293	3.62981e-07
24.5902	3.63611e-07
24.6524	3.64255e-07
24.713	3.64877e-07
24.775	3.65623e-07
24.8368	3.66256e-07
24.8998	3.66904e-07
24.9613	3.67637e-07
25.024	3.68277e-07
25.0866	3.68913e-07
25.1489	3.69651e-07
25.2127	3.70298e-07
25.2763	3.70941e-07
25.3383	3.71667e-07
25.4027	3.72318e-07
25.4658	3.72947e-07
25.5302	3.73701e-07
25.5944	3.7434e-07
25.6583	3.74975e-07
25.7234	3.75732e-07
25.7885	3.76376e-07
25.8534	3.77018e-07
25.9181	3.77763e-07
25.9825	3.78392e-07
26.0483	3.79037e-07
26.1139	3.79788e-07
26.1808	3.80444e-07
26.2459	3.81183e-07
26.3124	3.81829e-07
26.3787	3.82469e-07
26.4462	3.83234e-07
26.5121	3.83865e-07
26.5792	3.8462e-07
26.6462	3.85261e-07
26.7143	3.86025e-07
26.7808	3.86654e-07
26.8472	3.8739e-07
26.9136	3.88013e-07
26.9797	3.8863e-07
27.0587	3.89532e-07
27.1245	3.90138e-07
27.1902	3.90851e-07
27.2557	3.9145e-07
27.334	3.92333e-07
27.399	3.92918e-07
27.464	3.93612e-07
27.5417	3.94368e-07
27.6064	3.95054e-07
27.6836	3.95797e-07
27.7479	3.96472e-07
27.8249	3.97206e-07
27.8888	3.97872e-07
27.9654	3.98595e-07
28.029	3.99251e-07
28.1052	4.00076e-07
28.1812	4.00784e-07
28.2442	4.01424e-07
28.3198	4.02122e-07
28.3953	4.02925e-07
28.4705	4.03611e-07
28.5453	4.04402e-07
28.6077	4.05021e-07
28.6823	4.05691e-07
28.7568	4.06469e-07
28.8311	4.07129e-07
28.905	4.07893e-07
28.9789	4.08655e-07
29.0526	4.09298e-07
29.1262	4.1005e-07
29.2115	4.10958e-07
29.2846	4.11585e-07
29.3575	4.1232e-07
29.4303	4.1305e-07
29.5027	4.13659e-07
29.5872	4.14541e-07
29.6594	4.15255e-07
29.7314	4.15851e-07
29.815	4.16712e-07
29.8866	4.17411e-07
29.97	4.1815e-07
30.0413	4.18838e-07
30.124	4.19676e-07
30.1949	4.20354e-07
30.2774	4.21069e-07
30.3598	4.21893e-07
30.4299	4.22552e-07
30.5118	4.23364e-07
30.5934	4.24056e-07
30.6748	4.24856e-07
30.7561	4.25649e-07
30.8254	4.26284e-07
30.9062	4.26953e-07
30.9868	4.2773e-07
31.0672	4.28501e-07
31.1472	4.29264e-07
31.2387	4.30176e-07
31.3184	4.30929e-07
31.3979	4.31563e-07
31.4771	4.32303e-07
31.5562	4.3304e-07
31.6464	4.33918e-07
31.7252	4.34644e-07
31.8036	4.35362e-07
31.8931	4.36222e-07
31.9712	4.36815e-07
32.0602	4.37662e-07
32.1379	4.38359e-07
32.2264	4.39192e-07
32.3036	4.39878e-07
32.3918	4.407e-07
32.4796	4.41516e-07
32.5671	4.42324e-07
32.6436	4.42986e-07
32.7308	4.43786e-07
32.8178	4.44577e-07
32.9043	4.4536e-07
32.9908	4.46139e-07
33.0771	4.46912e-07
33.1633	4.4768e-07
33.2491	4.48441e-07
33.3345	4.49193e-07
33.4306	4.50078e-07
33.5157	4.50819e-07
33.6006	4.51555e-07
33.6958	4.52419e-07
33.7803	4.53142e-07
33.8645	4.5386e-07
33.9591	4.54705e-07
34.0427	4.55408e-07
34.1368	4.5624e-07
34.2307	4.57066e-07
34.3138	4.57753e-07
34.4069	4.58562e-07
34.5	4.59367e-07
34.5928	4.60166e-07
34.6854	4.60959e-07
34.7775	4.61859e-07
34.8696	4.62638e-07
34.9614	4.6341e-07
35.053	4.64175e-07
35.1441	4.64932e-07
35.2353	4.65685e-07
35.3262	4.66431e-07
35.4269	4.67415e-07
35.517	4.68145e-07
35.6072	4.68871e-07
35.7071	4.69715e-07
35.7968	4.7043e-07
35.896	4.71376e-07
35.9951	4.72199e-07
36.084	4.72892e-07
36.1826	4.73702e-07
36.2807	4.7462e-07
36.3789	4.75417e-07
36.4766	4.76205e-07
36.5742	4.77105e-07
36.6712	4.77876e-07
36.7682	4.78643e-07
36.865	4.79405e-07
36.9613	4.80275e-07
37.0575	4.81021e-07
37.1631	4.81879e-07
37.2588	4.8273e-07
37.3542	4.83455e-07
37.4589	4.8429e-07
37.5539	4.85121e-07
37.658	4.85942e-07
37.7617	4.86872e-07
37.856	4.87564e-07
37.9594	4.88363e-07
38.0622	4.89271e-07
38.165	4.90054e-07
38.2675	4.90951e-07
38.3697	4.9172e-07
38.4716	4.926e-07
38.5733	4.93355e-07
38.6839	4.94214e-07
38.7848	4.9507e-07
38.8857	4.95803e-07
38.9956	4.9676e-07
39.0957	4.97475e-07
39.2048	4.98415e-07
39.3046	4.99119e-07
39.4132	5.00044e-07
39.5213	5.0096e-07
39.6293	5.01749e-07
39.737	5.02651e-07
39.8442	5.03422e-07
39.9513	5.04308e-07
40.0582	5.05068e-07
40.1645	5.05936e-07
40.2707	5.068e-07
40.3855	5.07641e-07
40.4912	5.08489e-07
40.6053	5.09312e-07
40.7104	5.10146e-07
40.8239	5.11075e-07
40.9282	5.11769e-07
41.0413	5.12684e-07
41.1539	5.13589e-07
41.266	5.14362e-07
41.378	5.15252e-07
41.4897	5.16133e-07
41.601	5.17005e-07
41.7122	5.17749e-07
41.8315	5.18707e-07
41.9418	5.19553e-07
42.052	5.20395e-07
42.1705	5.21207e-07
42.2883	5.22129e-07
42.3976	5.22946e-07
42.515	5.23854e-07
42.6318	5.2475e-07
42.7487	5.25521e-07
42.8652	5.26403e-07
42.981	5.27275e-07
43.0969	5.28141e-07
43.2125	5.29001e-07
43.3357	5.29942e-07
43.4505	5.30784e-07
43.5733	5.31711e-07
43.6873	5.32411e-07
43.8095	5.33322e-07
43.9309	5.34221e-07
44.0523	5.35114e-07
44.1653	5.35906e-07
44.286	5.3678e-07
44.4144	5.37739e-07
44.5345	5.38598e-07
44.654	5.39445e-07
44.7735	5.40288e-07
44.9003	5.41208e-07
45.0191	5.42033e-07
45.1454	5.42938e-07
45.2712	5.43832e-07
45.397	5.44721e-07
45.522	5.45597e-07
45.647	5.46466e-07
45.7716	5.47451e-07
45.8957	5.48301e-07
46.0197	5.49145e-07
46.1507	5.50063e-07
46.274	5.50889e-07
46.4047	5.51793e-07
46.527	5.52598e-07
46.6569	5.53606e-07
46.7862	5.54479e-07
46.9155	5.55347e-07
47.044	5.56201e-07
47.1725	5.57049e-07
47.3081	5.58095e-07
47.4357	5.58924e-07
47.5631	5.59744e-07
47.6974	5.60636e-07
47.8317	5.61646e-07
47.9577	5.62436e-07
48.0911	5.63302e-07
48.2239	5.6428e-07
48.3568	5.65129e-07
48.4961	5.66044e-07
48.6281	5.66997e-07
48.7594	5.67813e-07
48.898	5.68704e-07
49.0362	5.69708e-07
49.1663	5.70495e-07
49.3038	5.71357e-07
49.4406	5.72329e-07
49.5771	5.7317e-07
49.7131	5.74123e-07
49.8562	5.75024e-07
49.9914	5.75958e-07
50.1336	5.76837e-07
50.2682	5.77753e-07
50.4093	5.78609e-07
50.5503	5.79583e-07
50.6907	5.8042e-07
50.831	5.81376e-07
50.9706	5.82192e-07
51.117	5.83202e-07
51.256	5.84e-07
51.4016	5.84989e-07
51.5396	5.85892e-07
51.6844	5.86736e-07
51.8287	5.87693e-07
51.9724	5.88638e-07
52.116	5.89452e-07
52.2659	5.90451e-07
52.4087	5.9137e-07
52.5576	5.92221e-07
52.6997	5.93121e-07
52.8478	5.94077e-07
52.9955	5.94898e-07
53.1431	5.95838e-07
53.2966	5.96833e-07
53.4433	5.97751e-07
53.5895	5.98532e-07
53.7417	5.99495e-07
53.8938	6.00451e-07
54.0452	6.01394e-07
54.1963	6.02327e-07
54.3471	6.03251e-07
54.4972	6.04036e-07
54.6474	6.04941e-07
54.8031	6.05898e-07
54.9584	6.06844e-07
55.1138	6.07784e-07
55.2618	6.08642e-07
55.4223	6.09622e-07
55.5763	6.10529e-07
55.7295	6.11421e-07
55.8885	6.12368e-07
56.0413	6.13244e-07
56.1995	6.14168e-07
56.3573	6.15082e-07
56.5151	6.1599e-07
56.6783	6.16945e-07
56.8347	6.17826e-07
56.9971	6.18761e-07
57.153	6.19623e-07
57.3143	6.20534e-07
57.4754	6.21435e-07
57.6361	6.22453e-07
57.8022	6.23392e-07
57.9619	6.2426e-07
58.1271	6.25176e-07
58.2922	6.26084e-07
58.4505	6.26919e-07
58.6204	6.27988e-07
58.7838	6.28859e-07
58.9472	6.29723e-07
59.1156	6.30631e-07
59.2836	6.31654e-07
59.4453	6.32481e-07
59.6183	6.33414e-07
59.785	6.34403e-07
59.9514	6.35257e-07
60.123	6.36154e-07
60.2883	6.37109e-07
60.4589	6.37983e-07
60.629	6.38844e-07
60.8046	6.3988e-07
60.9741	6.40722e-07
61.1486	6.41732e-07
61.317	6.42548e-07
61.4905	6.43534e-07
61.6635	6.44382e-07
61.8419	6.45402e-07
62.014	6.46225e-07
62.1914	6.47221e-07
62.3685	6.48079e-07
62.5448	6.49049e-07
62.7207	6.49881e-07
62.896	6.50827e-07
63.0764	6.51814e-07
63.2509	6.5261e-07
63.4303	6.53574e-07
63.6094	6.54399e-07
63.7934	6.55391e-07
63.9712	6.56317e-07
64.1544	6.57159e-07
64.3368	6.58113e-07
64.5188	6.59056e-07
64.7002	6.59986e-07
64.8811	6.60776e-07
65.0671	6.61734e-07
65.252	6.62674e-07
65.437	6.63606e-07
65.6213	6.64525e-07
65.805	6.6543e-07
65.9938	6.66249e-07
66.1819	6.6718e-07
66.3696	6.681e-07
66.5566	6.69005e-07
66.7431	6.69898e-07
66.9342	6.70825e-07
67.1249	6.71741e-07
67.3153	6.72646e-07
67.505	6.73537e-07
67.6993	6.74463e-07
67.8881	6.75329e-07
68.081	6.76225e-07
68.2739	6.77114e-07
68.4713	6.78035e-07
68.6631	6.78897e-07
68.859	6.79788e-07
69.0547	6.8067e-07
69.25	6.81667e-07
69.4442	6.82519e-07
69.6436	6.83409e-07
69.8422	6.84283e-07
70.04	6.85143e-07
70.2375	6.85991e-07
70.4397	6.87e-07
70.6407	6.87864e-07
70.8415	6.88717e-07
71.0415	6.89681e-07
71.2412	6.90507e-07
71.4451	6.91363e-07
71.6486	6.92333e-07
71.8513	6.93161e-07
72.0537	6.93977e-07
72.2602	6.94949e-07
72.4664	6.95781e-07
72.6717	6.96725e-07
72.8767	6.9753e-07
73.0857	6.98489e-07
73.2944	6.99309e-07
73.5023	7.00241e-07
73.7093	7.01029e-07
73.9213	7.01978e-07
74.1271	7.02739e-07
74.3422	7.03698e-07
74.5521	7.04476e-07
74.7612	7.05365e-07
74.9743	7.06279e-07
75.187	7.07055e-07
75.404	7.07986e-07
75.6154	7.08859e-07
75.8308	7.09631e-07
76.0457	7.10516e-07
76.2645	7.11426e-07
76.4782	7.12283e-07
76.6962	7.13041e-07
76.9134	7.13909e-07
77.1343	7.148e-07
77.3548	7.15679e-07
77.5745	7.1654e-07
77.7937	7.17389e-07
78.0122	7.18222e-07
78.2347	7.1908e-07
78.4567	7.19924e-07
78.6823	7.20663e-07
78.903	7.21477e-07
79.1273	7.22439e-07
79.3508	7.23258e-07
79.5783	7.24101e-07
79.8054	7.24931e-07
80.0317	7.25745e-07
80.2575	7.26544e-07
80.4867	7.27364e-07
80.7155	7.28169e-07
80.9438	7.28961e-07
81.1708	7.29858e-07
81.4022	7.30656e-07
81.6327	7.31437e-07
81.8667	7.32236e-07
82.0961	7.32988e-07
82.329	7.33885e-07
82.5653	7.34674e-07
82.797	7.35415e-07
83.032	7.36299e-07
83.2662	7.37041e-07
83.5044	7.37931e-07
83.7416	7.38677e-07
83.9787	7.39412e-07
84.2143	7.40251e-07
84.4416	7.40887e-07
84.693	7.41833e-07
84.9434	7.42635e-07
85.1934	7.43547e-07
85.4007	7.43982e-07
85.6497	7.44868e-07
85.8976	7.45733e-07
86.1444	7.46454e-07
86.3908	7.47287e-07
86.6365	7.48103e-07
86.8813	7.48776e-07
87.1256	7.49561e-07
87.3693	7.5033e-07
87.6122	7.51083e-07
87.8543	7.51693e-07
88.0959	7.52414e-07
88.3771	7.53435e-07
88.6173	7.54124e-07
88.8568	7.54797e-07
89.095	7.55449e-07
89.373	7.56275e-07
89.61	7.56897e-07
89.8469	7.57508e-07
90.1226	7.58408e-07
90.3576	7.58982e-07
90.6317	7.59848e-07
90.8651	7.60389e-07
91.1377	7.61344e-07
91.4095	7.62157e-07
91.6412	7.62653e-07
91.911	7.63429e-07
92.1804	7.64191e-07
92.4104	7.64642e-07
92.6779	7.65366e-07
92.9451	7.66202e-07
93.211	7.66892e-07
93.4762	7.67565e-07
93.7406	7.68344e-07
94.0045	7.68985e-07
94.2674	7.69607e-07
94.5295	7.70335e-07
94.7912	7.70925e-07
95.0518	7.7162e-07
95.312	7.72177e-07
95.5713	7.72715e-07
95.8668	7.73634e-07
96.1247	7.74139e-07
96.3817	7.7475e-07
96.675	7.75616e-07
96.9307	7.76071e-07
97.222	7.76898e-07
97.4756	7.77315e-07
97.7292	7.77843e-07
98.0184	7.78619e-07
98.306	7.79371e-07
98.5575	7.79727e-07
98.844	7.80447e-07
99.1293	7.81147e-07
99.3785	7.81574e-07
99.6626	7.8224e-07
99.9456	7.82765e-07
100.228	7.83396e-07
100.509	7.84006e-07
100.79	7.84601e-07
101.07	7.85175e-07
101.349	7.85735e-07
101.627	7.86272e-07
101.905	7.86799e-07
102.182	7.87301e-07
102.458	7.87791e-07
102.767	7.88622e-07
103.042	7.89077e-07
103.315	7.89509e-07
103.623	7.90167e-07
103.894	7.90564e-07
104.199	7.91179e-07
104.471	7.91668e-07
104.774	7.92246e-07
105.042	7.92573e-07
105.345	7.93239e-07
105.645	7.93762e-07
105.912	7.94158e-07
106.211	7.94644e-07
106.51	7.95115e-07
106.807	7.95684e-07
107.104	7.96113e-07
107.399	7.96645e-07
107.694	7.97156e-07
107.988	7.97532e-07
108.282	7.98012e-07
108.574	7.98351e-07
108.866	7.98789e-07
109.156	7.9921e-07
109.447	7.99496e-07
109.768	8.00094e-07
110.056	8.00456e-07
110.343	8.00805e-07
110.662	8.01347e-07
110.948	8.01658e-07
111.265	8.02044e-07
111.549	8.02316e-07
111.864	8.0278e-07
112.178	8.03227e-07
112.491	8.03649e-07
112.772	8.03852e-07
113.083	8.04238e-07
113.394	8.04603e-07
113.704	8.04954e-07
114.012	8.054e-07
114.32	8.05708e-07
114.627	8.06001e-07
114.934	8.06274e-07
115.239	8.06527e-07
115.543	8.06878e-07
115.877	8.07283e-07
116.18	8.0748e-07
116.481	8.07775e-07
116.813	8.08125e-07
117.112	8.08262e-07
117.442	8.08691e-07
117.74	8.08792e-07
118.068	8.09175e-07
118.364	8.09239e-07
118.69	8.0959e-07
119.015	8.098e-07
119.338	8.10104e-07
119.661	8.10391e-07
119.954	8.10364e-07
120.274	8.10609e-07
120.594	8.10838e-07
120.942	8.11108e-07
121.261	8.11301e-07
121.579	8.1147e-07
121.895	8.11618e-07
122.21	8.11749e-07
122.553	8.1203e-07
122.867	8.12122e-07
123.209	8.12368e-07
123.52	8.12418e-07
123.86	8.12619e-07
124.169	8.12631e-07
124.507	8.12797e-07
124.816	8.12773e-07
125.151	8.12891e-07
125.486	8.12996e-07
125.82	8.13081e-07
126.152	8.1314e-07
126.484	8.13296e-07
126.815	8.13317e-07
127.145	8.1332e-07
127.474	8.13412e-07
127.802	8.13378e-07
128.157	8.1348e-07
128.483	8.13512e-07
128.807	8.13413e-07
129.159	8.13567e-07
129.483	8.1343e-07
129.832	8.1354e-07
130.154	8.13365e-07
130.501	8.13429e-07
130.848	8.13477e-07
131.166	8.13241e-07
131.511	8.13251e-07
131.855	8.13237e-07
132.197	8.13094e-07
132.538	8.13033e-07
132.879	8.12959e-07
133.219	8.12865e-07
133.557	8.12749e-07
133.895	8.12611e-07
134.258	8.12599e-07
134.593	8.12422e-07
134.954	8.12368e-07
135.288	8.12153e-07
135.621	8.11914e-07
135.979	8.118e-07
136.335	8.11657e-07
136.665	8.11362e-07
137.02	8.11185e-07
137.373	8.11089e-07
137.726	8.10871e-07
138.078	8.10629e-07
138.428	8.10366e-07
138.778	8.10189e-07
139.126	8.09889e-07
139.474	8.09669e-07
139.821	8.09329e-07
140.191	8.09096e-07
140.535	8.08812e-07
140.878	8.08513e-07
141.246	8.08219e-07
141.587	8.07876e-07
141.952	8.07539e-07
142.316	8.07284e-07
142.655	8.06885e-07
143.017	8.06487e-07
143.378	8.06166e-07
143.738	8.05827e-07
144.097	8.05469e-07
144.455	8.05089e-07
144.811	8.04685e-07
145.167	8.04167e-07
145.546	8.03845e-07
145.899	8.03382e-07
146.251	8.02896e-07
146.627	8.02512e-07
146.977	8.02087e-07
147.35	8.01659e-07
147.699	8.01094e-07
148.07	8.00624e-07
148.44	8.00135e-07
148.785	7.99509e-07
149.153	7.99077e-07
149.519	7.98521e-07
149.885	7.97949e-07
150.25	7.97452e-07
150.613	7.96838e-07
150.999	7.96411e-07
151.359	7.95752e-07
151.72	7.95172e-07
152.102	7.94584e-07
152.46	7.93964e-07
152.839	7.93331e-07
153.195	7.92668e-07
153.572	7.9209e-07
153.949	7.91398e-07
154.302	7.90674e-07
154.675	7.90032e-07
155.049	7.89373e-07
155.42	7.88594e-07
155.791	7.87891e-07
156.161	7.87171e-07
156.551	7.86525e-07
156.918	7.85758e-07
157.285	7.84977e-07
157.672	7.84265e-07
158.036	7.8344e-07
158.421	7.8269e-07
158.783	7.81823e-07
159.165	7.81126e-07
159.546	7.80312e-07
159.926	7.79478e-07
160.306	7.78625e-07
160.684	7.77844e-07
161.061	7.76949e-07
161.436	7.76029e-07
161.81	7.75185e-07
162.183	7.74226e-07
162.556	7.73251e-07
162.948	7.72432e-07
163.318	7.71417e-07
163.708	7.70558e-07
164.096	7.69676e-07
164.462	7.68595e-07
164.848	7.67675e-07
165.233	7.66644e-07
165.617	7.6568e-07
166	7.64696e-07
166.381	7.6369e-07
166.761	7.62576e-07
167.14	7.6153e-07
167.517	7.60462e-07
167.914	7.59458e-07
168.29	7.58353e-07
168.685	7.57307e-07
169.057	7.56158e-07
169.45	7.55073e-07
169.841	7.53965e-07
170.21	7.52758e-07
170.598	7.51607e-07
170.985	7.50439e-07
171.372	7.49336e-07
171.756	7.48126e-07
172.16	7.46976e-07
172.542	7.45727e-07
172.923	7.4454e-07
173.322	7.43324e-07
173.701	7.42263e-07
174.097	7.40434e-07
174.474	7.39333e-07
174.868	7.38281e-07
175.261	7.37208e-07
175.653	7.35311e-07
176.043	7.34198e-07
176.433	7.33066e-07
176.821	7.3191e-07
177.207	7.30731e-07
177.592	7.28744e-07
177.996	7.276e-07
178.379	7.26363e-07
178.779	7.25174e-07
179.159	7.23115e-07
179.558	7.21889e-07
179.954	7.20638e-07
180.349	7.19369e-07
180.744	7.18079e-07
181.136	7.16001e-07
181.527	7.14668e-07
181.917	7.13318e-07
182.306	7.11948e-07
182.712	7.10621e-07
183.098	7.08459e-07
183.501	7.07092e-07
183.885	7.05643e-07
184.285	7.04235e-07
184.684	7.02809e-07
185.083	7.00628e-07
185.459	6.99096e-07
185.873	6.97675e-07
186.267	6.9617e-07
186.659	6.94643e-07
187.05	6.93096e-07
187.458	6.90875e-07
187.846	6.89292e-07
188.25	6.87748e-07
188.636	6.86127e-07
189.039	6.84547e-07
189.439	6.82944e-07
189.839	6.81324e-07
190.236	6.78983e-07
190.632	6.77324e-07
191.027	6.75645e-07
191.42	6.7395e-07
191.831	6.72292e-07
192.221	6.70556e-07
192.629	6.68859e-07
193.016	6.66407e-07
193.419	6.64672e-07
193.822	6.6292e-07
194.224	6.61149e-07
194.623	6.59357e-07
195.021	6.57548e-07
195.417	6.55718e-07
195.813	6.53872e-07
196.225	6.5206e-07
196.616	6.49525e-07
197.024	6.47676e-07
197.413	6.4576e-07
197.819	6.43877e-07
198.222	6.41975e-07
198.624	6.40053e-07
199.024	6.38114e-07
199.424	6.3616e-07
199.821	6.34183e-07
200.235	6.32242e-07
200.629	6.30234e-07
201.038	6.27636e-07
201.43	6.25596e-07
201.837	6.23584e-07
202.241	6.21553e-07
202.646	6.1951e-07
203.047	6.17444e-07
203.447	6.15364e-07
203.847	6.13268e-07
204.261	6.11199e-07
204.656	6.09068e-07
205.067	6.06965e-07
205.459	6.04801e-07
205.867	6.02666e-07
206.272	6.00511e-07
206.677	5.98344e-07
207.079	5.95586e-07
207.482	5.9339e-07
207.881	5.91176e-07
208.294	5.88984e-07
208.691	5.86739e-07
209.101	5.84517e-07
209.51	5.82281e-07
209.902	5.79989e-07
210.308	5.77721e-07
210.712	5.75439e-07
211.114	5.73138e-07
211.531	5.70864e-07
211.931	5.68538e-07
212.344	5.66233e-07
212.74	5.63875e-07
213.151	5.61541e-07
213.559	5.59191e-07
213.95	5.56792e-07
214.355	5.54414e-07
214.773	5.52055e-07
215.175	5.49649e-07
215.576	5.47232e-07
215.989	5.44327e-07
216.387	5.41885e-07
216.796	5.39459e-07
217.204	5.3702e-07
217.612	5.34572e-07
218.017	5.32108e-07
218.421	5.29632e-07
218.823	5.27142e-07
219.222	5.24638e-07
219.637	5.22157e-07
220.032	5.19627e-07
220.443	5.17119e-07
220.851	5.14598e-07
221.258	5.12066e-07
221.663	5.0952e-07
222.066	5.06964e-07
222.467	5.04395e-07
222.882	5.01845e-07
223.28	4.99253e-07
223.69	4.96677e-07
224.1	4.94092e-07
224.494	4.91469e-07
224.899	4.8886e-07
225.303	4.86241e-07
225.719	4.8364e-07
226.12	4.81001e-07
226.519	4.78352e-07
226.931	4.75718e-07
227.341	4.73074e-07
227.733	4.70393e-07
228.14	4.67729e-07
228.545	4.65058e-07
228.948	4.62376e-07
229.362	4.59304e-07
229.761	4.56606e-07
230.174	4.53924e-07
230.569	4.51208e-07
230.976	4.48505e-07
231.383	4.45795e-07
231.788	4.43079e-07
232.19	4.40351e-07
232.591	4.37617e-07
232.991	4.34874e-07
233.402	4.32147e-07
233.798	4.2939e-07
234.206	4.26647e-07
234.598	4.23873e-07
235.002	4.21114e-07
235.406	4.18351e-07
235.806	4.15577e-07
236.218	4.1282e-07
236.616	4.10035e-07
237.012	4.07244e-07
237.418	4.04464e-07
237.825	4.01342e-07
238.215	3.98535e-07
238.617	3.95741e-07
239.018	3.92945e-07
239.416	3.90139e-07
239.827	3.8735e-07
240.222	3.84536e-07
240.615	3.81718e-07
241.02	3.78912e-07
241.41	3.76083e-07
241.811	3.7327e-07
242.211	3.70451e-07
242.611	3.6763e-07
243.006	3.64498e-07
243.401	3.61671e-07
243.794	3.5884e-07
244.198	3.56024e-07
244.588	3.53187e-07
244.988	3.50362e-07
245.374	3.47519e-07
245.772	3.44691e-07
246.168	3.4186e-07
246.563	3.39026e-07
246.954	3.35912e-07
247.345	3.33078e-07
247.735	3.30241e-07
248.136	3.2742e-07
248.522	3.24579e-07
248.918	3.21754e-07
249.301	3.18913e-07
249.695	3.15828e-07
250.075	3.12988e-07
250.466	3.10163e-07
250.855	3.07337e-07
251.241	3.0451e-07
251.627	3.01684e-07
252.012	2.98618e-07
252.395	2.95796e-07
252.776	2.92976e-07
253.155	2.90155e-07
253.534	2.87338e-07
253.912	2.84521e-07
254.286	2.81479e-07
254.66	2.78669e-07
255.033	2.75861e-07
255.404	2.73055e-07
255.894	2.70366e-07
256.262	2.67351e-07
256.628	2.64555e-07
256.995	2.61763e-07
257.357	2.58973e-07
257.722	2.55986e-07
258.082	2.53207e-07
258.442	2.50433e-07
258.801	2.47663e-07
259.157	2.44703e-07
259.632	2.42043e-07
259.987	2.39289e-07
260.342	2.36355e-07
260.694	2.33613e-07
261.045	2.30878e-07
261.395	2.28149e-07
261.745	2.25249e-07
262.093	2.22535e-07
262.554	2.19912e-07
262.901	2.17042e-07
263.244	2.14347e-07
263.588	2.11662e-07
263.932	2.08822e-07
264.272	2.06153e-07
264.613	2.03335e-07
264.952	2.00684e-07
265.404	1.98117e-07
265.742	1.95332e-07
266.078	1.92708e-07
266.413	1.90092e-07
266.747	1.87341e-07
267.083	1.84748e-07
267.414	1.82022e-07
267.746	1.79449e-07
268.078	1.7675e-07
268.409	1.74199e-07
268.738	1.71527e-07
269.177	1.6906e-07
269.505	1.66541e-07
269.832	1.63908e-07
270.158	1.61413e-07
270.485	1.58809e-07
270.81	1.5634e-07
271.135	1.53764e-07
271.459	1.5132e-07
271.781	1.48774e-07
272.104	1.46245e-07
272.427	1.43842e-07
272.748	1.41344e-07
273.069	1.38968e-07
273.389	1.36501e-07
273.71	1.34153e-07
273.922	1.31673e-07
274.241	1.29258e-07
274.56	1.26955e-07
274.88	1.24573e-07
275.197	1.22208e-07
275.515	1.19952e-07
275.831	1.17621e-07
276.044	1.1527e-07
276.36	1.13062e-07
276.676	1.10786e-07
276.992	1.08529e-07
277.204	1.06334e-07
277.52	1.04114e-07
277.836	1.01913e-07
278.152	9.97316e-08
278.363	9.76097e-08
278.677	9.5466e-08
278.888	9.33114e-08
279.205	9.12091e-08
279.52	8.9126e-08
279.732	8.70993e-08
280.047	8.50563e-08
280.258	8.3006e-08
280.575	8.10051e-08
280.788	7.89989e-08
280.999	7.70146e-08
281.316	7.50776e-08
281.531	7.31383e-08
281.743	7.12734e-08
282.06	6.94002e-08
282.275	6.75266e-08
282.49	6.56763e-08
282.707	6.3849e-08
283.024	6.20646e-08
283.241	6.02833e-08
283.458	5.85254e-08
283.676	5.67911e-08
283.894	5.50804e-08
284.113	5.33935e-08
284.333	5.17305e-08
284.551	5.00547e-08
284.774	4.84413e-08
284.893	4.68369e-08
285.116	4.52723e-08
285.339	4.37321e-08
285.562	4.22164e-08
285.688	4.07128e-08
285.912	3.92183e-08
286.139	3.77784e-08
286.266	3.63522e-08
286.493	3.49627e-08
286.621	3.35879e-08
286.852	3.2226e-08
286.983	3.09042e-08
287.213	2.96177e-08
287.348	2.83483e-08
287.48	2.70855e-08
287.616	2.58699e-08
287.853	2.46886e-08
287.989	2.35088e-08
288.127	2.23738e-08
288.269	2.12504e-08
288.408	2.01699e-08
288.55	1.91165e-08
288.694	1.80772e-08
288.838	1.70789e-08
288.886	1.60914e-08
289.033	1.51487e-08
289.182	1.42232e-08
289.233	1.33321e-08
289.384	1.24638e-08
289.536	1.16329e-08
289.592	1.08187e-08
289.746	1.00441e-08
289.805	9.28802e-09
289.866	8.56143e-09
290.024	7.87233e-09
290.087	7.20404e-09
290.152	6.57004e-09
290.217	5.96041e-09
290.284	5.38037e-09
290.352	4.83341e-09
290.423	4.31221e-09
290.495	3.82065e-09
290.567	3.35874e-09
290.642	2.92861e-09
290.718	2.52576e-09
290.699	2.152e-09
290.778	1.80871e-09
290.762	1.49473e-09
290.844	1.21104e-09
290.831	9.57519e-10
290.916	7.3329e-10
290.905	5.38726e-10
290.995	3.74218e-10
290.989	2.39495e-10
290.985	1.34714e-10
