0.0015	6.97121e-15
0.002	1.23771e-13
0.0025	1.1524e-12
0.003	7.14569e-12
0.0035	3.33689e-11
0.004	1.27005e-10
0.0045	4.11887e-10
0.005	1.18267e-09
0.0055	3.06567e-09
0.006	7.32605e-09
0.0065	1.62995e-08
0.007	3.42318e-08
0.0075	6.82487e-08
0.008	1.30239e-07
0.0085	2.38982e-07
0.009	4.23562e-07
0.0095	7.27208e-07
0.01	1.21529e-06
0.0105	1.98065e-06
0.011	3.15284e-06
0.0115	4.9197e-06
0.012	7.53947e-06
0.0125	1.13442e-05
0.013	1.67965e-05
0.0135	2.45254e-05
0.014	3.52883e-05
0.0145	5.01742e-05
0.015	7.05492e-05
0.0155	9.78439e-05
0.016	0.000134634
0.0165	0.000183295
0.017	0.000247015
0.0175	0.000330315
0.018	0.000438447
0.0185	0.000577002
0.019	0.000753749
0.0195	0.000978657
0.02	0.0012612
0.0205	0.00161639
0.021	0.00206132
0.0215	0.00260898
0.022	0.00328678
0.0225	0.00411597
0.023	0.00513767
0.0235	0.00637112
0.024	0.00788552
0.0245	0.00969113
0.025	0.0118819
0.0255	0.0144828
0.026	0.0176165
0.0265	0.0213656
0.027	0.0257515
0.0275	0.0309862
0.028	0.0371605
0.0285	0.0444214
0.029	0.0528367
0.0295	0.0627759
0.03	0.0744253
0.0305	0.0879172
0.031	0.103572
0.0315	0.121693
0.032	0.14262
0.0325	0.16673
0.033	0.194449
0.0335	0.226667
0.034	0.263138
0.0345	0.304806
0.035	0.352312
0.0355	0.407153
0.036	0.468286
0.0365	0.538019
0.037	0.618121
0.0375	0.707453
0.038	0.808257
0.0385	0.923581
0.039	1.05147
0.0395	1.19741
0.04	1.35761
0.0405	1.54104
0.041	1.74663
0.0415	1.97273
0.042	2.2291
0.0425	2.50821
0.043	2.82618
0.0435	3.18008
0.044	3.57348
0.0445	3.999
0.045	4.482
0.0455	5.01708
0.046	5.60428
0.0465	6.24575
0.047	6.96598
0.0475	7.75398
0.048	8.62865
0.0485	9.59155
0.049	10.6413
0.0495	11.8033
0.05	13.052
0.0505	14.4353
0.051	15.9627
0.0515	17.6197
0.052	19.4461
0.0525	21.4243
0.053	23.6016
0.0535	25.9759
0.054	28.5402
0.0545	31.3568
0.055	34.3927
0.0555	37.7236
0.056	41.3071
0.0565	45.2329
0.057	49.4501
0.0575	54.133
0.058	59.1398
0.0585	64.5056
0.059	70.3664
0.0595	76.6379
0.06	83.4783
0.0605	90.7921
0.061	98.7598
0.0615	107.259
0.062	116.414
0.0625	126.379
0.063	137.292
0.0635	148.722
0.064	161.144
0.0645	174.339
0.065	188.676
0.0655	203.885
0.066	220.184
0.0665	237.87
0.067	257.183
0.0675	277.278
0.068	299.043
0.0685	322.057
0.069	346.652
0.0695	372.924
0.07	401.355
0.0705	431.335
0.071	464.421
0.0715	499.046
0.072	535.534
0.0725	574.414
0.073	615.803
0.0735	660.49
0.074	707.425
0.0745	756.844
0.075	809.895
0.0755	867.076
0.076	929.356
0.0765	993.227
0.077	1061.06
0.0775	1133.03
0.078	1210.46
0.0785	1291.53
0.079	1377.5
0.0795	1468.54
0.08	1565.03
0.0805	1667.22
0.081	1777.03
0.0815	1891.64
0.082	2012.86
0.0825	2141.11
0.083	2276.74
0.0835	2419.44
0.084	2573.24
0.0845	2732.65
0.085	2901.7
0.0855	3079.31
0.086	3267.72
0.0865	3465.53
0.087	3674.12
0.0875	3897.54
0.088	4129.49
0.0885	4373.94
0.089	4631.4
0.0895	4901.2
0.09	5186.44
0.0905	5485.32
0.091	5801.3
0.0915	6132
0.092	6479.76
0.0925	6851.48
0.093	7236.17
0.0935	7640.05
0.094	8064.38
0.0945	8507.4
0.095	8975.02
0.0955	9463.25
0.096	9975.39
0.0965	10515.7
0.097	11078.8
0.0975	11669.9
0.098	12288.8
0.0985	12933.8
0.099	13626.9
0.0995	14339.1
0.1	15080.9
0.1005	15857.6
0.101	16675.2
0.1015	17525.4
0.102	18415.5
0.1025	19345.8
0.103	20312.5
0.1035	21329.5
0.104	22386
0.1045	23496.8
0.105	24649.8
0.1055	25854.1
0.106	27111
0.1065	28424.4
0.107	29794.6
0.1075	31223.9
0.108	32705.7
0.1085	34262.3
0.109	35874.2
0.1095	37603
0.11	39357.1
0.1105	41186.3
0.111	43061.3
0.1115	45029
0.112	47094.6
0.1125	49245.6
0.113	51469.2
0.1135	53784
0.114	56211.3
0.1145	58717.9
0.115	61325.2
0.1155	64018.3
0.116	66839.3
0.1165	69771.4
0.117	72796.8
0.1175	75967.7
0.118	79236
0.1185	82632
0.119	86159.5
0.1195	89823.8
0.12	93628.6
0.1205	97580.4
0.121	101645
0.1215	105905
0.122	110282
0.1225	114827
0.123	119541
0.1235	124430
0.124	129503
0.1245	134759
0.125	140206
0.1255	145808
0.126	151818
0.1265	157840
0.127	164074
0.1275	170591
0.128	177281
0.1285	184140
0.129	191310
0.1295	198735
0.13	206340
0.1305	214293
0.131	222444
0.1315	230960
0.132	239672
0.1325	248689
0.133	258014
0.1335	267548
0.134	277514
0.1345	287813
0.135	298343
0.1355	309338
0.136	320579
0.1365	332198
0.137	344556
0.1375	356963
0.138	369760
0.1385	382983
0.139	396467
0.1395	410554
0.14	424914
0.1405	439917
0.141	455213
0.1415	470987
0.142	487244
0.1425	503681
0.143	520958
0.1435	538787
0.144	556931
0.1445	576504
0.145	595798
0.1455	615962
0.146	636432
0.1465	657542
0.147	679281
0.1475	701655
0.148	724714
0.1485	748468
0.149	772572
0.1495	797721
0.15	824171
0.1505	850875
0.151	877953
0.1515	905790
0.152	934447
0.1525	963918
0.153	994240
0.1535	1.02543e+06
0.154	1.05749e+06
0.1545	1.09118e+06
0.155	1.12513e+06
0.1555	1.15947e+06
0.156	1.19534e+06
0.1565	1.23163e+06
0.157	1.26889e+06
0.1575	1.30716e+06
0.158	1.34805e+06
0.1585	1.38853e+06
0.159	1.43009e+06
0.1595	1.4728e+06
0.16	1.5159e+06
0.1605	1.56089e+06
0.161	1.60629e+06
0.1615	1.65571e+06
0.162	1.70361e+06
0.1625	1.75275e+06
0.163	1.80322e+06
0.1635	1.85597e+06
0.164	1.90805e+06
0.1645	1.9649e+06
0.165	2.02089e+06
0.1655	2.07828e+06
0.166	2.13607e+06
0.1665	2.19643e+06
0.167	2.25988e+06
0.1675	2.32343e+06
0.168	2.38737e+06
0.1685	2.45288e+06
0.169	2.51995e+06
0.1695	2.59184e+06
0.17	2.66245e+06
0.1705	2.73478e+06
0.171	2.80884e+06
0.1715	2.88478e+06
0.172	2.96451e+06
0.1725	3.04425e+06
0.173	3.12191e+06
0.1735	3.20552e+06
0.174	3.29333e+06
0.1745	3.37909e+06
0.175	3.46694e+06
0.1755	3.5569e+06
0.176	3.64889e+06
0.1765	3.74776e+06
0.177	3.84425e+06
0.1775	3.94297e+06
0.178	4.04173e+06
0.1785	4.15016e+06
0.179	4.25362e+06
0.1795	4.36344e+06
0.18	4.47271e+06
0.1805	4.58505e+06
0.181	4.7028e+06
0.1815	4.82035e+06
0.182	4.94131e+06
0.1825	5.06428e+06
0.183	5.18992e+06
0.1835	5.31528e+06
0.184	5.44668e+06
0.1845	5.58111e+06
0.185	5.71488e+06
0.1855	5.85527e+06
0.186	5.9951e+06
0.1865	6.14178e+06
0.187	6.28765e+06
0.1875	6.43672e+06
0.188	6.5898e+06
0.1885	6.74529e+06
0.189	6.90427e+06
0.1895	7.06653e+06
0.19	7.23326e+06
0.1905	7.4027e+06
0.191	7.57149e+06
0.1915	7.74793e+06
0.192	7.92824e+06
0.1925	8.1081e+06
0.193	8.29596e+06
0.1935	8.48331e+06
0.194	8.67429e+06
0.1945	8.86824e+06
0.195	9.06685e+06
0.1955	9.26988e+06
0.196	9.47589e+06
0.1965	9.6873e+06
0.197	9.90283e+06
0.1975	1.01227e+07
0.198	1.03459e+07
0.1985	1.05673e+07
0.199	1.08007e+07
0.1995	1.10309e+07
0.2	1.12734e+07
0.2005	1.1513e+07
0.201	1.17567e+07
0.2015	1.20139e+07
0.202	1.22677e+07
0.2025	1.25261e+07
0.203	1.27814e+07
0.2035	1.30497e+07
0.204	1.33229e+07
0.2045	1.3591e+07
0.205	1.38767e+07
0.2055	1.41657e+07
0.206	1.4449e+07
0.2065	1.47508e+07
0.207	1.50449e+07
0.2075	1.53584e+07
0.208	1.56634e+07
0.2085	1.59756e+07
0.209	1.63048e+07
0.2095	1.66291e+07
0.21	1.69569e+07
0.2105	1.72931e+07
0.211	1.76348e+07
0.2115	1.79807e+07
0.212	1.83201e+07
0.2125	1.86809e+07
0.213	1.90479e+07
0.2135	1.94055e+07
0.214	1.97857e+07
0.2145	2.01528e+07
0.215	2.05466e+07
0.2155	2.0929e+07
0.216	2.13183e+07
0.2165	2.17329e+07
0.217	2.21396e+07
0.2175	2.25488e+07
0.218	2.29656e+07
0.2185	2.33896e+07
0.219	2.38203e+07
0.2195	2.42579e+07
0.22	2.47071e+07
0.2205	2.5138e+07
0.221	2.55983e+07
0.2215	2.607e+07
0.222	2.65215e+07
0.2225	2.70092e+07
0.223	2.74761e+07
0.2235	2.79489e+07
0.224	2.84605e+07
0.2245	2.89545e+07
0.225	2.94511e+07
0.2255	2.99605e+07
0.226	3.0473e+07
0.2265	3.09978e+07
0.227	3.15308e+07
0.2275	3.20732e+07
0.228	3.26183e+07
0.2285	3.31778e+07
0.229	3.37128e+07
0.2295	3.42878e+07
0.23	3.48739e+07
0.2305	3.54327e+07
0.231	3.60005e+07
0.2315	3.66132e+07
0.232	3.71974e+07
0.2325	3.78291e+07
0.233	3.84307e+07
0.2335	3.90123e+07
0.234	3.9632e+07
0.2345	4.02605e+07
0.235	4.08961e+07
0.2355	4.15491e+07
0.236	4.22053e+07
0.2365	4.2872e+07
0.237	4.35065e+07
0.2375	4.41912e+07
0.238	4.48846e+07
0.2385	4.55467e+07
0.239	4.6261e+07
0.2395	4.69411e+07
0.24	4.7677e+07
0.2405	4.83751e+07
0.241	4.90754e+07
0.2415	4.9849e+07
0.242	5.0578e+07
0.2425	5.13076e+07
0.243	5.20549e+07
0.2435	5.2812e+07
0.244	5.35723e+07
0.2445	5.43485e+07
0.245	5.51375e+07
0.2455	5.59372e+07
0.246	5.67449e+07
0.2465	5.74979e+07
0.247	5.83296e+07
0.2475	5.90999e+07
0.248	5.99513e+07
0.2485	6.07405e+07
0.249	6.16156e+07
0.2495	6.24261e+07
0.25	6.3322e+07
0.2505	6.41529e+07
0.251	6.49923e+07
0.2515	6.58424e+07
0.252	6.67046e+07
0.2525	6.767e+07
0.253	6.85531e+07
0.2535	6.94447e+07
0.254	7.02701e+07
0.2545	7.11836e+07
0.255	7.21072e+07
0.2555	7.30538e+07
0.256	7.40032e+07
0.2565	7.48753e+07
0.257	7.58431e+07
0.2575	7.67341e+07
0.258	7.7728e+07
0.2585	7.86372e+07
0.259	7.9666e+07
0.2595	8.0585e+07
0.26	8.15266e+07
0.2605	8.25888e+07
0.261	8.35379e+07
0.2615	8.45105e+07
0.262	8.54935e+07
0.2625	8.64881e+07
0.263	8.74908e+07
0.2635	8.84909e+07
0.264	8.95176e+07
0.2645	9.05523e+07
0.265	9.16e+07
0.2655	9.24567e+07
0.266	9.35233e+07
0.2665	9.46048e+07
0.267	9.56967e+07
0.2675	9.66558e+07
0.268	9.77871e+07
0.2685	9.87665e+07
0.269	9.99049e+07
0.2695	1.00903e+08
0.27	1.01906e+08
0.2705	1.03105e+08
0.271	1.0415e+08
0.2715	1.05185e+08
0.272	1.06228e+08
0.2725	1.073e+08
0.273	1.08366e+08
0.2735	1.09457e+08
0.274	1.10539e+08
0.2745	1.11631e+08
0.275	1.12752e+08
0.2755	1.13865e+08
0.276	1.1501e+08
0.2765	1.16164e+08
0.277	1.17116e+08
0.2775	1.1829e+08
0.278	1.19457e+08
0.2785	1.20451e+08
0.279	1.21656e+08
0.2795	1.2265e+08
0.28	1.23876e+08
0.2805	1.24901e+08
0.281	1.26154e+08
0.2815	1.27196e+08
0.282	1.2825e+08
0.2825	1.2951e+08
0.283	1.3058e+08
0.2835	1.31653e+08
0.284	1.3274e+08
0.2845	1.33829e+08
0.285	1.34929e+08
0.2855	1.36035e+08
0.286	1.37153e+08
0.2865	1.38276e+08
0.287	1.3941e+08
0.2875	1.40576e+08
0.288	1.41728e+08
0.2885	1.42623e+08
0.289	1.43789e+08
0.2895	1.44966e+08
0.29	1.45902e+08
0.2905	1.47092e+08
0.291	1.48297e+08
0.2915	1.49224e+08
0.292	1.50176e+08
0.2925	1.51403e+08
0.293	1.52371e+08
0.2935	1.53619e+08
0.294	1.5457e+08
0.2945	1.55554e+08
0.295	1.56828e+08
0.2955	1.57823e+08
0.296	1.58826e+08
0.2965	1.59802e+08
0.297	1.60815e+08
0.2975	1.61801e+08
0.298	1.62822e+08
0.2985	1.63734e+08
0.299	1.64736e+08
0.2995	1.65774e+08
0.3	1.66818e+08
0.3005	1.67843e+08
0.301	1.68899e+08
0.3015	1.69598e+08
0.302	1.70669e+08
0.3025	1.71743e+08
0.303	1.72444e+08
0.3035	1.73533e+08
0.304	1.74598e+08
0.3045	1.75301e+08
0.305	1.7641e+08
0.3055	1.77119e+08
0.306	1.7824e+08
0.3065	1.7896e+08
0.307	1.79674e+08
0.3075	1.80846e+08
0.308	1.81563e+08
0.3085	1.82288e+08
0.309	1.83014e+08
0.3095	1.84178e+08
0.31	1.8491e+08
0.3105	1.85677e+08
0.311	1.86412e+08
0.3115	1.8715e+08
0.312	1.87889e+08
0.3125	1.88662e+08
0.313	1.89405e+08
0.3135	1.9015e+08
0.314	1.90932e+08
0.3145	1.91682e+08
0.315	1.92442e+08
0.3155	1.92743e+08
0.316	1.93499e+08
0.3165	1.94292e+08
0.317	1.95055e+08
0.3175	1.9556e+08
0.318	1.96119e+08
0.3185	1.96727e+08
0.319	1.97329e+08
0.3195	1.97897e+08
0.32	1.98448e+08
0.3205	1.98961e+08
0.321	1.99463e+08
0.3215	2.00017e+08
0.322	2.0048e+08
0.3225	2.0093e+08
0.323	2.0143e+08
0.3235	2.01877e+08
0.324	2.02327e+08
0.3245	2.02672e+08
0.325	2.03065e+08
0.3255	2.03455e+08
0.326	2.03843e+08
0.3265	2.04176e+08
0.327	2.04507e+08
0.3275	2.04839e+08
0.328	2.05168e+08
0.3285	2.05483e+08
0.329	2.0571e+08
0.3295	2.0592e+08
0.33	2.06227e+08
0.3305	2.06434e+08
0.331	2.0664e+08
0.3315	2.0678e+08
0.332	2.06921e+08
0.3325	2.07058e+08
0.333	2.07059e+08
0.3335	2.07194e+08
0.334	2.07267e+08
0.3345	2.07383e+08
0.335	2.07388e+08
0.3355	2.07454e+08
0.336	2.07455e+08
0.3365	2.07495e+08
0.337	2.07427e+08
0.3375	2.07428e+08
0.338	2.074e+08
0.3385	2.07325e+08
0.339	2.07183e+08
0.3395	2.07084e+08
0.34	2.07009e+08
0.3405	2.06832e+08
0.341	2.0669e+08
0.3415	2.06511e+08
0.342	2.06291e+08
0.3425	2.06115e+08
0.343	2.05892e+08
0.3435	2.05642e+08
0.344	2.05345e+08
0.3445	2.05092e+08
0.345	2.04793e+08
0.3455	2.04466e+08
0.346	2.04134e+08
0.3465	2.03762e+08
0.347	2.03428e+08
0.3475	2.03023e+08
0.348	2.02571e+08
0.3485	2.02163e+08
0.349	2.01749e+08
0.3495	2.01301e+08
0.35	2.00816e+08
0.3505	2.00328e+08
0.351	1.99842e+08
0.3515	1.99358e+08
0.352	1.98789e+08
0.3525	1.98187e+08
0.353	1.97623e+08
0.3535	1.97053e+08
0.354	1.96415e+08
0.3545	1.95851e+08
0.355	1.95213e+08
0.3555	1.94566e+08
0.356	1.9385e+08
0.3565	1.9321e+08
0.357	1.92491e+08
0.3575	1.91777e+08
0.358	1.9106e+08
0.3585	1.90341e+08
0.359	1.89547e+08
0.3595	1.88754e+08
0.36	1.87966e+08
0.3605	1.87175e+08
0.361	1.86429e+08
0.3615	1.85561e+08
0.362	1.84696e+08
0.3625	1.83835e+08
0.363	1.82967e+08
0.3635	1.8211e+08
0.364	1.81212e+08
0.3645	1.80276e+08
0.365	1.79346e+08
0.3655	1.78415e+08
0.366	1.77529e+08
0.3665	1.76524e+08
0.367	1.75601e+08
0.3675	1.74643e+08
0.368	1.73647e+08
0.3685	1.72615e+08
0.369	1.71626e+08
0.3695	1.70561e+08
0.37	1.69435e+08
0.3705	1.68378e+08
0.371	1.67367e+08
0.3715	1.6632e+08
0.372	1.65233e+08
0.3725	1.64196e+08
0.373	1.63118e+08
0.3735	1.62008e+08
0.374	1.60862e+08
0.3745	1.59763e+08
0.375	1.5863e+08
0.3755	1.57543e+08
0.376	1.56416e+08
0.3765	1.55294e+08
0.377	1.54068e+08
0.3775	1.52958e+08
0.378	1.5178e+08
0.3785	1.50573e+08
0.379	1.49481e+08
0.3795	1.48242e+08
0.38	1.47053e+08
0.3805	1.45903e+08
0.381	1.44719e+08
0.3815	1.43507e+08
0.382	1.42345e+08
0.3825	1.41073e+08
0.383	1.39886e+08
0.3835	1.38703e+08
0.384	1.37454e+08
0.3845	1.36286e+08
0.385	1.35025e+08
0.3855	1.338e+08
0.386	1.32583e+08
0.3865	1.31303e+08
0.387	1.30105e+08
0.3875	1.28839e+08
0.388	1.27656e+08
0.3885	1.26414e+08
0.389	1.25176e+08
0.3895	1.23947e+08
0.39	1.22662e+08
0.3905	1.21453e+08
0.391	1.20181e+08
0.3915	1.18926e+08
0.392	1.17746e+08
0.3925	1.16435e+08
0.393	1.1521e+08
0.3935	1.1399e+08
0.394	1.12781e+08
0.3945	1.11519e+08
0.395	1.10288e+08
0.3955	1.09046e+08
0.396	1.07813e+08
0.3965	1.0659e+08
0.397	1.05381e+08
0.3975	1.04181e+08
0.398	1.02951e+08
0.3985	1.0171e+08
0.399	1.00544e+08
0.3995	9.93284e+07
0.4	9.81436e+07
0.4005	9.69474e+07
0.401	9.5704e+07
0.4015	9.45547e+07
0.402	9.3335e+07
0.4025	9.21887e+07
0.403	9.10155e+07
0.4035	8.98304e+07
0.404	8.86595e+07
0.4045	8.75235e+07
0.405	8.63166e+07
0.4055	8.51851e+07
0.406	8.4026e+07
0.4065	8.29199e+07
0.407	8.17851e+07
0.4075	8.06475e+07
0.408	7.95386e+07
0.4085	7.83823e+07
0.409	7.72997e+07
0.4095	7.61572e+07
0.41	7.51028e+07
0.4105	7.39864e+07
0.411	7.29586e+07
0.4115	7.18691e+07
0.412	7.08124e+07
0.4125	6.97499e+07
0.413	6.87207e+07
0.4135	6.76498e+07
0.414	6.66296e+07
0.4145	6.56396e+07
0.415	6.46095e+07
0.4155	6.35793e+07
0.416	6.26255e+07
0.4165	6.16384e+07
0.417	6.0647e+07
0.4175	5.96856e+07
0.418	5.86886e+07
0.4185	5.77405e+07
0.419	5.6817e+07
0.4195	5.58627e+07
0.42	5.49212e+07
0.4205	5.4025e+07
0.421	5.31109e+07
0.4215	5.22087e+07
0.422	5.13219e+07
0.4225	5.04458e+07
0.423	4.95718e+07
0.4235	4.86804e+07
0.424	4.78457e+07
0.4245	4.69824e+07
0.425	4.6171e+07
0.4255	4.53338e+07
0.426	4.45092e+07
0.4265	4.36873e+07
0.427	4.28893e+07
0.4275	4.21028e+07
0.428	4.13308e+07
0.4285	4.05693e+07
0.429	3.98212e+07
0.4295	3.90499e+07
0.43	3.83254e+07
0.4305	3.75799e+07
0.431	3.68455e+07
0.4315	3.61246e+07
0.432	3.54556e+07
0.4325	3.47581e+07
0.433	3.40412e+07
0.4335	3.33686e+07
0.434	3.27068e+07
0.4345	3.2058e+07
0.435	3.1397e+07
0.4355	3.07707e+07
0.436	3.01262e+07
0.4365	2.95216e+07
0.437	2.89006e+07
0.4375	2.82908e+07
0.438	2.76914e+07
0.4385	2.7104e+07
0.439	2.6535e+07
0.4395	2.59686e+07
0.44	2.54138e+07
0.4405	2.48441e+07
0.441	2.43099e+07
0.4415	2.37932e+07
0.442	2.32557e+07
0.4425	2.27284e+07
0.443	2.22356e+07
0.4435	2.17351e+07
0.444	2.12387e+07
0.4445	2.07528e+07
0.445	2.02768e+07
0.4455	1.98151e+07
0.446	1.93583e+07
0.4465	1.89112e+07
0.447	1.84571e+07
0.4475	1.80284e+07
0.448	1.75891e+07
0.4485	1.71741e+07
0.449	1.67535e+07
0.4495	1.63648e+07
0.45	1.59619e+07
0.4505	1.55674e+07
0.451	1.51864e+07
0.4515	1.48095e+07
0.452	1.44445e+07
0.4525	1.40842e+07
0.453	1.37357e+07
0.4535	1.33912e+07
0.454	1.30546e+07
0.4545	1.2714e+07
0.455	1.23928e+07
0.4555	1.20673e+07
0.456	1.17611e+07
0.4565	1.14509e+07
0.457	1.11447e+07
0.4575	1.08625e+07
0.458	1.05737e+07
0.4585	1.02889e+07
0.459	1.00139e+07
0.4595	9.74291e+06
0.46	9.48108e+06
0.4605	9.22287e+06
0.461	8.97372e+06
0.4615	8.71964e+06
0.462	8.48027e+06
0.4625	8.24935e+06
0.463	8.01154e+06
0.4635	7.79222e+06
0.464	7.56831e+06
0.4645	7.34832e+06
0.465	7.14556e+06
0.4655	6.93862e+06
0.466	6.73508e+06
0.4665	6.53905e+06
0.467	6.3481e+06
0.4675	6.16202e+06
0.468	5.97945e+06
0.4685	5.8034e+06
0.469	5.63216e+06
0.4695	5.46379e+06
0.47	5.30162e+06
0.4705	5.1366e+06
0.471	4.9833e+06
0.4715	4.83271e+06
0.472	4.68108e+06
0.4725	4.54024e+06
0.473	4.39691e+06
0.4735	4.25758e+06
0.474	4.12729e+06
0.4745	3.99589e+06
0.475	3.86837e+06
0.4755	3.7444e+06
0.476	3.62416e+06
0.4765	3.50747e+06
0.477	3.3942e+06
0.4775	3.28327e+06
0.478	3.1767e+06
0.4785	3.07325e+06
0.479	2.97289e+06
0.4795	2.87546e+06
0.48	2.77671e+06
0.4805	2.6853e+06
0.481	2.59663e+06
0.4815	2.50661e+06
0.482	2.42336e+06
0.4825	2.33892e+06
0.483	2.25718e+06
0.4835	2.18189e+06
0.484	2.1052e+06
0.4845	2.03098e+06
0.485	1.96237e+06
0.4855	1.89274e+06
0.486	1.82542e+06
0.4865	1.76034e+06
0.487	1.69737e+06
0.4875	1.63647e+06
0.488	1.57754e+06
0.4885	1.52061e+06
0.489	1.4656e+06
0.4895	1.40998e+06
0.49	1.35799e+06
0.4905	1.30841e+06
0.491	1.2605e+06
0.4915	1.21208e+06
0.492	1.16742e+06
0.4925	1.1223e+06
0.493	1.08072e+06
0.4935	1.039e+06
0.494	1.00027e+06
0.4945	961121
0.495	923424
0.4955	888703
0.496	853622
0.4965	819798
0.497	787467
0.4975	756094
0.498	727255
0.4985	698089
0.499	670027
0.4995	643010
0.5	617185
0.5005	591000
0.501	566946
0.5015	543802
0.502	521689
0.5025	500264
0.503	478695
0.5035	458919
0.504	440027
0.5045	420888
0.505	403322
0.5055	385667
0.506	369598
0.5065	353317
0.507	338389
0.5075	323485
0.508	309097
0.5085	295929
0.509	282761
0.5095	270065
0.51	257899
0.5105	246318
0.511	235649
0.5115	224937
0.512	214739
0.5125	204911
0.513	195497
0.5135	186548
0.514	177930
0.5145	169733
0.515	161477
0.5155	153937
0.516	146774
0.5165	139881
0.517	133333
0.5175	126736
0.518	120762
0.5185	115016
0.519	109272
0.5195	104069
0.52	98836.2
0.5205	94100.3
0.521	89336.9
0.5215	85025.5
0.522	80693.9
0.5225	76776.1
0.523	72837.4
0.5235	69107
0.524	65698
0.5245	62313.4
0.525	59073.1
0.5255	56007.9
0.526	53206.6
0.5265	50427.2
0.527	47784.6
0.5275	45257.2
0.528	42867.3
0.5285	40594.7
0.529	38437.2
0.5295	36376.1
0.53	34420
0.5305	32561.6
0.531	30798.9
0.5315	29125.9
0.532	27521.5
0.5325	26005.8
0.533	24564
0.5335	23204.7
0.534	21909.5
0.5345	20676.3
0.535	19515
0.5355	18414.6
0.536	17366.7
0.5365	16376
0.537	15438.5
0.5375	14547.1
0.538	13704.5
0.5385	12912.9
0.539	12152.2
0.5395	11440.7
0.54	10768.6
0.5405	10127
0.541	9524.84
0.5415	8956.41
0.542	8414.8
0.5425	7908.83
0.543	7429.46
0.5435	6975.25
0.544	6547.4
0.5445	6145.97
0.545	5766.19
0.5455	5406.9
0.546	5068.77
0.5465	4752.05
0.547	4452.51
0.5475	4169.59
0.548	3904.97
0.5485	3656.17
0.549	3421.16
0.5495	3199.48
0.55	2992.36
0.5505	2797.95
0.551	2614.54
0.5515	2442.56
0.552	2281.28
0.5525	2129.38
0.553	1987.67
0.5535	1854.91
0.554	1729.97
0.5545	1612.47
0.555	1502.98
0.5555	1400.11
0.556	1304.34
0.5565	1214.35
0.557	1130.25
0.5575	1051.29
0.558	977.582
0.5585	909.075
0.559	844.824
0.5595	784.855
0.56	728.943
0.5605	676.819
0.561	627.997
0.5615	582.302
0.562	540.154
0.5625	500.719
0.563	463.856
0.5635	429.718
0.564	397.808
0.5645	368.158
0.565	340.606
0.5655	315.012
0.566	291.15
0.5665	268.984
0.567	248.429
0.5675	229.453
0.568	211.773
0.5685	195.311
0.569	180.137
0.5695	166.02
0.57	152.954
0.5705	140.867
0.571	129.684
0.5715	119.35
0.572	109.798
0.5725	100.934
0.573	92.7506
0.5735	85.196
0.574	78.2294
0.5745	71.8062
0.575	65.8573
0.5755	60.3801
0.576	55.3346
0.5765	50.6892
0.577	46.4166
0.5775	42.4877
0.578	38.8589
0.5785	35.5404
0.579	32.4772
0.5795	29.6667
0.58	27.088
0.5805	24.7229
0.581	22.5552
0.5815	20.5595
0.582	18.7398
0.5825	17.0668
0.583	15.5363
0.5835	14.1367
0.584	12.8575
0.5845	11.6837
0.585	10.6168
0.5855	9.6383
0.586	8.74616
0.5865	7.93286
0.587	7.19179
0.5875	6.51685
0.588	5.89969
0.5885	5.34085
0.589	4.83027
0.5895	4.36844
0.59	3.94837
0.5905	3.56562
0.591	3.21682
0.5915	2.90203
0.592	2.61669
0.5925	2.35697
0.593	2.12198
0.5935	1.91032
0.594	1.71805
0.5945	1.54351
0.595	1.38663
0.5955	1.24545
0.596	1.11707
0.5965	1.00186
0.597	0.897576
0.5975	0.803683
0.598	0.719196
0.5985	0.643215
0.599	0.574923
0.5995	0.5135
0.6	0.458475
0.6005	0.408849
0.601	0.364371
0.6015	0.3247
0.602	0.289017
0.6025	0.256957
0.603	0.228428
0.6035	0.203011
0.604	0.180143
0.6045	0.159836
0.605	0.141644
0.6055	0.125438
0.606	0.111011
0.6065	0.0982131
0.607	0.0867983
0.6075	0.0766568
0.608	0.067615
0.6085	0.0596304
0.609	0.0525216
0.6095	0.0462527
0.61	0.0406938
0.6105	0.0357636
0.611	0.0314072
0.6115	0.0275605
0.612	0.0241665
0.6125	0.0211704
0.613	0.0185345
0.6135	0.0162045
0.614	0.0141561
0.6145	0.0123637
0.615	0.0107833
0.6155	0.00940094
0.616	0.00818564
0.6165	0.00711897
0.617	0.00618442
0.6175	0.00537118
0.618	0.00465967
0.6185	0.00403997
0.619	0.0034973
0.6195	0.0030248
0.62	0.0026137
0.6205	0.00225736
0.621	0.00194698
0.6215	0.00167768
0.622	0.00144426
0.6225	0.00124134
0.623	0.00106697
0.6235	0.000915239
0.624	0.000784819
0.6245	0.000671858
0.625	0.000574566
0.6255	0.000491057
0.626	0.000419064
0.6265	0.000357251
0.627	0.000304237
0.6275	0.000258624
0.628	0.000219843
0.6285	0.000186601
0.629	0.000158096
0.6295	0.000133789
0.63	0.000113171
0.6305	9.5587e-05
0.631	8.06062e-05
0.6315	6.78945e-05
0.632	5.7116e-05
0.6325	4.79886e-05
0.633	4.02588e-05
0.6335	3.37405e-05
0.634	2.82213e-05
0.6345	2.35913e-05
0.635	1.96883e-05
0.6355	1.64143e-05
0.636	1.36566e-05
0.6365	1.13464e-05
0.637	9.41386e-06
0.6375	7.8028e-06
0.638	6.45531e-06
0.6385	5.33285e-06
0.639	4.39922e-06
0.6395	3.62079e-06
0.64	2.97903e-06
0.6405	2.44442e-06
0.641	2.00416e-06
0.6415	1.63934e-06
0.642	1.33877e-06
0.6425	1.09197e-06
0.643	8.89511e-07
0.6435	7.22823e-07
0.644	5.86369e-07
0.6445	4.75048e-07
0.645	3.83733e-07
0.6455	3.09655e-07
0.646	2.49426e-07
0.6465	2.00384e-07
0.647	1.6088e-07
0.6475	1.28761e-07
0.648	1.02935e-07
0.6485	8.20657e-08
0.649	6.52961e-08
0.6495	5.18689e-08
0.65	4.11354e-08
0.6505	3.25277e-08
0.651	2.56452e-08
0.6515	2.01926e-08
0.652	1.58705e-08
0.6525	1.24405e-08
0.653	9.72969e-09
0.6535	7.58553e-09
0.654	5.90494e-09
0.6545	4.58031e-09
0.655	3.54984e-09
0.6555	2.74082e-09
0.656	2.11086e-09
0.6565	1.62148e-09
0.657	1.24338e-09
0.6575	9.50098e-10
0.658	7.24307e-10
0.6585	5.5041e-10
0.659	4.17076e-10
0.6595	3.1486e-10
0.66	2.37205e-10
0.6605	1.78165e-10
0.661	1.33473e-10
0.6615	9.95445e-11
0.662	7.40723e-11
0.6625	5.4889e-11
0.663	4.05772e-11
0.6635	2.98669e-11
0.664	2.1908e-11
0.6645	1.60138e-11
0.665	1.1668e-11
0.6655	8.47474e-12
0.666	6.12624e-12
0.6665	4.41174e-12
0.667	3.1645e-12
0.6675	2.25858e-12
0.668	1.60693e-12
0.6685	1.1385e-12
0.669	8.03158e-13
0.6695	5.63519e-13
0.67	3.94169e-13
0.6705	2.74045e-13
0.671	1.89815e-13
0.6715	1.30705e-13
0.672	8.96442e-14
0.6725	6.1108e-14
0.673	4.14384e-14
0.6735	2.79481e-14
0.674	1.87464e-14
0.6745	1.25157e-14
0.675	8.29862e-15
0.6755	5.46987e-15
0.676	3.57935e-15
0.6765	2.32991e-15
0.677	1.50677e-15
0.6775	9.67922e-16
0.678	6.17509e-16
0.6785	3.90747e-16
0.679	2.45704e-16
0.6795	1.5318e-16
0.68	9.4855e-17
0.6805	5.82062e-17
0.681	3.54603e-17
0.6815	2.13949e-17
0.682	1.28087e-17
0.6825	7.59012e-18
0.683	4.45532e-18
0.6835	2.58958e-18
0.684	1.48999e-18
0.6845	8.48274e-19
0.685	4.77487e-19
0.6855	2.6586e-19
0.686	1.46293e-19
0.6865	7.95185e-20
0.687	4.26764e-20
0.6875	2.25943e-20
0.688	1.18035e-20
0.6885	6.07037e-21
0.689	3.07884e-21
0.6895	1.53543e-21
0.69	7.5376e-22
0.6905	3.63477e-22
0.691	1.72344e-22
0.6915	8.00949e-23
0.692	3.65352e-23
0.6925	1.63019e-23
0.693	7.11581e-24
0.6935	3.03341e-24
0.694	1.26402e-24
0.6945	5.12674e-25
0.695	2.02307e-25
0.6955	7.75498e-26
0.696	2.88094e-26
0.6965	1.03612e-26
0.697	3.59799e-27
0.6975	1.20346e-27
0.698	3.86195e-28
0.6985	1.18787e-28
0.699	3.48934e-29
0.6995	9.74742e-30
0.7	2.57408e-30
0.7005	6.41831e-31
0.701	1.49831e-31
0.7015	3.26284e-32
0.702	6.56109e-33
0.7025	1.21268e-33
0.703	2.03394e-34
0.7035	3.06343e-35
0.704	4.0975e-36
0.7045	4.77391e-37
0.705	4.75425e-38
0.7055	3.95432e-39
0.706	2.66201e-40
0.7065	1.39683e-41
0.707	5.42934e-43
0.7075	1.46059e-44
0.708	2.48029e-46
0.7085	2.32377e-48
0.709	9.82766e-51
0.7095	1.35285e-53
0.71	3.39594e-57
0.7105	4.74055e-62
0.711	1.57316e-69
0.7115	1.55225e-86
0.712	1.1671
0.7125	63.572
0.713	436.903
0.7135	1555.58
0.714	3999.73
0.7145	8440.29
0.715	15600.1
0.7155	26285.8
0.716	41211.6
0.7165	61090.4
0.717	86601
0.7175	118334
0.718	156880
0.7185	202484
0.719	255493
0.7195	316071
0.72	384234
0.7205	459891
0.721	542273
0.7215	632009
0.722	728172
0.7225	830143
0.723	935766
0.7235	1.04701e+06
0.724	1.15979e+06
0.7245	1.27464e+06
0.725	1.39241e+06
0.7255	1.5088e+06
0.726	1.62402e+06
0.7265	1.73666e+06
0.727	1.84603e+06
0.7275	1.95076e+06
0.728	2.04972e+06
0.7285	2.14184e+06
0.729	2.2261e+06
0.7295	2.30153e+06
0.73	2.36726e+06
0.7305	2.42251e+06
0.731	2.46662e+06
0.7315	2.49486e+06
0.732	2.51506e+06
0.7325	2.52284e+06
0.733	2.51802e+06
0.7335	2.50058e+06
0.734	2.47064e+06
0.7345	2.42846e+06
0.735	2.37037e+06
0.7355	2.30514e+06
0.736	2.22833e+06
0.7365	2.14271e+06
0.737	2.04586e+06
0.7375	1.9436e+06
0.738	1.83461e+06
0.7385	1.71707e+06
0.739	1.59848e+06
0.7395	1.47694e+06
0.74	1.35137e+06
0.7405	1.22815e+06
0.741	1.106e+06
0.7415	985023
0.742	868962
0.7425	756283
0.743	650983
0.7435	552429
0.744	460571
0.7445	377891
0.745	303465
0.7455	238396
0.746	181958
0.7465	134793
0.747	95951.9
0.7475	65249.8
0.748	41927.9
0.7485	24958.9
0.749	13472.9
0.7495	6307.17
0.75	2386.93
0.7505	628.723
0.751	76.7629
0.7515	0.522869
0.752	0
0.7525	0
0.753	0
0.7535	0
0.754	0
0.7545	0
0.755	0
0.7555	0
0.756	0
0.7565	0
0.757	0
0.7575	0
0.758	0
0.7585	0
0.759	0
0.7595	0
0.76	0
0.7605	0
0.761	0
0.7615	0
0.762	0
0.7625	0
0.763	0
0.7635	0
0.764	0
0.7645	0
0.765	0
0.7655	0
0.766	0
0.7665	0
0.767	0
0.7675	0
0.768	0
0.7685	0
0.769	0
0.7695	0
0.77	0
0.7705	0
0.771	0
0.7715	0
0.772	0
0.7725	0
0.773	0
0.7735	0
0.774	0
0.7745	0
0.775	0
0.7755	0
0.776	0
0.7765	0
0.777	0
0.7775	0
0.778	0
0.7785	0
0.779	0
0.7795	0
0.78	0
0.7805	0
0.781	0
0.7815	0
0.782	0
0.7825	0
0.783	0
0.7835	0
0.784	0
0.7845	0
0.785	0
0.7855	0
0.786	0
0.7865	0
0.787	0
0.7875	0
0.788	0
0.7885	0
0.789	0
0.7895	0
0.79	0
0.7905	0
0.791	0
0.7915	0
0.792	0
0.7925	0
0.793	0
0.7935	0
0.794	0
0.7945	0
0.795	0
0.7955	0
0.796	0
0.7965	0
0.797	0
0.7975	0
0.798	0
0.7985	0
0.799	0
0.7995	0
0.8	0
0.8005	0
0.801	0
0.8015	0
0.802	0
0.8025	0
0.803	0
0.8035	0
0.804	0
0.8045	0
0.805	0
0.8055	0
0.806	0
0.8065	0
0.807	0
0.8075	0
0.808	0
0.8085	0
0.809	0
0.8095	0
0.81	0
0.8105	0
0.811	0
0.8115	0
0.812	0
0.8125	0
0.813	0
0.8135	0
0.814	0
0.8145	0
0.815	0
0.8155	0
0.816	0
0.8165	0
0.817	0
0.8175	0
0.818	0
0.8185	0
0.819	0
0.8195	0
0.82	0
0.8205	0
0.821	0
0.8215	0
0.822	0
0.8225	0
0.823	0
0.8235	0
0.824	0
0.8245	0
0.825	0
0.8255	0
0.826	0
0.8265	0
0.827	0
0.8275	0
0.828	0
0.8285	0
0.829	0
0.8295	0
0.83	0
0.8305	0
0.831	0
0.8315	0
0.832	0
0.8325	0
0.833	0
0.8335	0
0.834	0
0.8345	0
0.835	0
0.8355	0
0.836	0
0.8365	0
0.837	0
0.8375	0
0.838	0
0.8385	0
0.839	0
0.8395	0
0.84	0
0.8405	0
0.841	0
0.8415	0
0.842	0
0.8425	0
0.843	0
0.8435	0
0.844	0
0.8445	0
0.845	0
0.8455	0
0.846	0
0.8465	0
0.847	0
0.8475	0
0.848	0
0.8485	0
0.849	0
0.8495	0
0.85	0
0.8505	0
0.851	0
0.8515	0
0.852	0
0.8525	0
0.853	0
0.8535	0
0.854	0
0.8545	0
0.855	0
0.8555	0
0.856	0
0.8565	0
0.857	0
0.8575	0
0.858	0
0.8585	0
0.859	0
0.8595	0
0.86	0
0.8605	0
0.861	0
0.8615	0
0.862	0
0.8625	0
0.863	0
0.8635	0
0.864	0
0.8645	0
0.865	0
0.8655	0
0.866	0
0.8665	0
0.867	0
0.8675	0
0.868	0
0.8685	0
0.869	0
0.8695	0
0.87	0
0.8705	0
0.871	0
0.8715	0
0.872	0
0.8725	0
0.873	0
0.8735	0
0.874	0
0.8745	0
0.875	0
0.8755	0
0.876	0
0.8765	0
0.877	0
0.8775	0
0.878	0
0.8785	0
0.879	0
0.8795	0
0.88	0
0.8805	0
0.881	0
0.8815	0
0.882	0
0.8825	0
0.883	0
0.8835	0
0.884	0
0.8845	0
0.885	0
0.8855	0
0.886	0
0.8865	0
0.887	0
0.8875	0
0.888	0
0.8885	0
0.889	0
0.8895	0
0.89	0
0.8905	0
0.891	0
0.8915	0
0.892	0
0.8925	0
0.893	0
0.8935	0
0.894	0
0.8945	0
0.895	0
0.8955	0
0.896	0
0.8965	0
0.897	0
0.8975	0
0.898	0
0.8985	0
0.899	0
0.8995	0
0.9	0
0.9005	0
0.901	0
0.9015	0
0.902	0
0.9025	0
0.903	0
0.9035	0
0.904	0
0.9045	0
0.905	0
0.9055	0
0.906	0
0.9065	0
0.907	0
0.9075	0
0.908	0
0.9085	0
0.909	0
0.9095	0
0.91	0
0.9105	0
0.911	0
0.9115	0
0.912	0
0.9125	0
0.913	0
0.9135	0
0.914	0
0.9145	0
0.915	0
0.9155	0
0.916	0
0.9165	0
0.917	0
0.9175	0
0.918	0
0.9185	0
0.919	0
0.9195	0
0.92	0
0.9205	0
0.921	0
0.9215	0
0.922	0
0.9225	0
0.923	0
0.9235	0
0.924	0
0.9245	0
0.925	0.000602505
0.9255	0.0180067
0.926	0.109307
0.9265	0.375306
0.927	0.958497
0.9275	2.04113
0.928	3.83527
0.9285	9.96978
0.929	16.1411
0.9295	24.7396
0.93	36.4238
0.9305	51.6943
0.931	71.2897
0.9315	95.9001
0.932	126.584
0.9325	163.753
0.933	207.953
0.9335	261.016
0.934	323.438
0.9345	245.285
0.935	294.928
0.9355	352.457
0.936	416.594
0.9365	488.613
0.937	570.226
0.9375	659.799
0.938	758.872
0.9385	867.985
0.939	987.021
0.9395	1117.76
0.94	1256.43
0.9405	2352.5
0.941	2645.39
0.9415	2961.97
0.942	3308.19
0.9425	3680.9
0.943	4082.39
0.9435	4513.8
0.944	4977.84
0.9445	5474.92
0.945	6005.3
0.9455	6570.54
0.946	3871.42
0.9465	4179.92
0.947	4498.14
0.9475	4833.43
0.948	5179.3
0.9485	5540.54
0.949	5908.82
0.9495	6296.93
0.95	6697.12
0.9505	9091.82
0.951	9666.45
0.9515	10254.6
0.952	10859.3
0.9525	11474.6
0.953	12115.5
0.9535	12765
0.954	13433.9
0.9545	14115.3
0.955	11065.3
0.9555	11545.4
0.956	12048.2
0.9565	12531
0.957	13019.8
0.9575	13498.7
0.958	13991.9
0.9585	14469.9
0.959	14849.7
0.9595	15308.5
0.96	15779.7
0.9605	16216.9
0.961	16665.1
0.9615	17073.1
0.962	17503.1
0.9625	17758.2
0.963	18134.1
0.9635	18502.3
0.964	18833.1
0.9645	19153.3
0.965	19430.6
0.9655	19694.1
0.966	19772.7
0.9665	19968.4
0.967	20128.5
0.9675	20292.9
0.968	20357.1
0.9685	20442.4
0.969	20228.6
0.9695	20203.7
0.97	20152.9
0.9705	20053.4
0.971	19880.3
0.9715	19675.1
0.972	19249.4
0.9725	18929.6
0.973	18576.1
0.9735	18180.1
0.974	17640.7
0.9745	16882
0.975	16246.4
0.9755	15574.4
0.976	14739.7
0.9765	13801.8
0.977	12653.3
0.9775	11463.6
0.978	10089.8
0.9785	8510.41
0.979	6472.92
0.9795	3603.65
