0.0015	1.16861e-33
0.002	6.56541e-33
0.0025	2.50415e-32
0.003	7.48412e-32
0.0035	1.88681e-31
0.004	4.20761e-31
0.0045	8.52092e-31
0.005	1.60458e-30
0.0055	2.84166e-30
0.006	4.79296e-30
0.0065	7.74469e-30
0.007	1.20889e-29
0.0075	1.82843e-29
0.008	2.69461e-29
0.0085	3.87886e-29
0.009	5.4685e-29
0.0095	7.5616e-29
0.01	1.02911e-28
0.0105	1.37968e-28
0.011	1.82313e-28
0.0115	2.38122e-28
0.012	3.07579e-28
0.0125	3.9306e-28
0.013	4.97476e-28
0.0135	6.24209e-28
0.014	7.7658e-28
0.0145	9.59002e-28
0.015	1.17675e-27
0.0155	1.43162e-27
0.016	1.73405e-27
0.0165	2.08635e-27
0.017	2.49567e-27
0.0175	2.97058e-27
0.018	3.5213e-27
0.0185	4.15138e-27
0.019	4.87256e-27
0.0195	5.69996e-27
0.02	6.63594e-27
0.0205	7.70253e-27
0.021	8.91137e-27
0.0215	1.02632e-26
0.022	1.17907e-26
0.0225	1.34929e-26
0.023	1.54113e-26
0.0235	1.7533e-26
0.024	1.99306e-26
0.0245	2.25526e-26
0.025	2.54837e-26
0.0255	2.86943e-26
0.026	3.22701e-26
0.0265	3.62393e-26
0.027	4.05312e-26
0.0275	4.52873e-26
0.028	5.05003e-26
0.0285	5.62046e-26
0.029	6.23648e-26
0.0295	6.91556e-26
0.03	7.66118e-26
0.0305	8.46611e-26
0.031	9.34036e-26
0.0315	1.02886e-25
0.032	1.13158e-25
0.0325	1.2427e-25
0.033	1.36277e-25
0.0335	1.49406e-25
0.034	1.63392e-25
0.0345	1.78453e-25
0.035	1.9465e-25
0.0355	2.12301e-25
0.036	2.30812e-25
0.0365	2.50855e-25
0.037	2.72641e-25
0.0375	2.95639e-25
0.038	3.20235e-25
0.0385	3.46923e-25
0.039	3.74995e-25
0.0395	4.05418e-25
0.04	4.37006e-25
0.0405	4.71545e-25
0.041	5.0836e-25
0.0415	5.46887e-25
0.042	5.8851e-25
0.0425	6.31485e-25
0.043	6.784e-25
0.0435	7.28202e-25
0.044	7.81029e-25
0.0445	8.3533e-25
0.045	8.94534e-25
0.0455	9.57221e-25
0.046	1.02269e-24
0.0465	1.09144e-24
0.047	1.16539e-24
0.0475	1.24248e-24
0.048	1.32488e-24
0.0485	1.41182e-24
0.049	1.50224e-24
0.0495	1.59877e-24
0.05	1.69832e-24
0.0505	1.80372e-24
0.051	1.91611e-24
0.0515	2.03263e-24
0.052	2.15678e-24
0.0525	2.28537e-24
0.053	2.42229e-24
0.0535	2.56599e-24
0.054	2.71453e-24
0.0545	2.87259e-24
0.055	3.03576e-24
0.0555	3.20931e-24
0.056	3.38823e-24
0.0565	3.5784e-24
0.057	3.77428e-24
0.0575	3.98421e-24
0.058	4.20199e-24
0.0585	4.42596e-24
0.059	4.66373e-24
0.0595	4.908e-24
0.06	5.16715e-24
0.0605	5.43329e-24
0.061	5.71549e-24
0.0615	6.00473e-24
0.062	6.30619e-24
0.0625	6.62588e-24
0.063	6.9626e-24
0.0635	7.30372e-24
0.064	7.66528e-24
0.0645	8.03475e-24
0.065	8.42652e-24
0.0655	8.82651e-24
0.066	9.24207e-24
0.0665	9.68253e-24
0.067	1.01458e-23
0.0675	1.06129e-23
0.068	1.11075e-23
0.0685	1.16113e-23
0.069	1.21341e-23
0.0695	1.26763e-23
0.07	1.32505e-23
0.0705	1.38343e-23
0.071	1.44605e-23
0.0715	1.51015e-23
0.072	1.5753e-23
0.0725	1.6428e-23
0.073	1.71266e-23
0.0735	1.78663e-23
0.074	1.86158e-23
0.0745	1.93807e-23
0.075	2.0183e-23
0.0755	2.10317e-23
0.076	2.19245e-23
0.0765	2.28148e-23
0.077	2.37355e-23
0.0775	2.46871e-23
0.078	2.5693e-23
0.0785	2.67103e-23
0.079	2.77617e-23
0.0795	2.88467e-23
0.08	2.99679e-23
0.0805	3.11254e-23
0.081	3.23494e-23
0.0815	3.35839e-23
0.082	3.48577e-23
0.0825	3.61722e-23
0.083	3.75287e-23
0.0835	3.89213e-23
0.084	4.04004e-23
0.0845	4.18826e-23
0.085	4.34174e-23
0.0855	4.49917e-23
0.086	4.66228e-23
0.0865	4.82953e-23
0.087	5.00181e-23
0.0875	5.1839e-23
0.088	5.3668e-23
0.0885	5.55516e-23
0.089	5.74908e-23
0.0895	5.94771e-23
0.09	6.15304e-23
0.0905	6.3634e-23
0.091	6.58091e-23
0.0915	6.80352e-23
0.092	7.03253e-23
0.0925	7.27456e-23
0.093	7.51706e-23
0.0935	7.76619e-23
0.094	8.02235e-23
0.0945	8.28411e-23
0.095	8.55461e-23
0.0955	8.83109e-23
0.096	9.11507e-23
0.0965	9.40849e-23
0.097	9.70797e-23
0.0975	1.00159e-22
0.098	1.03317e-22
0.0985	1.06541e-22
0.099	1.09976e-22
0.0995	1.13395e-22
0.1	1.16885e-22
0.1005	1.20467e-22
0.101	1.24163e-22
0.1015	1.27931e-22
0.102	1.31798e-22
0.1025	1.35762e-22
0.103	1.39801e-22
0.1035	1.4397e-22
0.104	1.48217e-22
0.1045	1.52598e-22
0.105	1.57059e-22
0.1055	1.61632e-22
0.106	1.66315e-22
0.1065	1.71117e-22
0.107	1.76035e-22
0.1075	1.8107e-22
0.108	1.86194e-22
0.1085	1.91479e-22
0.109	1.96852e-22
0.1095	2.02587e-22
0.11	2.08226e-22
0.1105	2.14001e-22
0.111	2.19782e-22
0.1115	2.25777e-22
0.112	2.31961e-22
0.1125	2.38288e-22
0.113	2.44714e-22
0.1135	2.51288e-22
0.114	2.58064e-22
0.1145	2.6494e-22
0.115	2.71971e-22
0.1155	2.79109e-22
0.116	2.86462e-22
0.1165	2.93976e-22
0.117	3.01598e-22
0.1175	3.09456e-22
0.118	3.1742e-22
0.1185	3.25559e-22
0.119	3.33875e-22
0.1195	3.42374e-22
0.12	3.51055e-22
0.1205	3.59925e-22
0.121	3.68902e-22
0.1215	3.78161e-22
0.122	3.87523e-22
0.1225	3.97089e-22
0.123	4.06858e-22
0.1235	4.16829e-22
0.124	4.27017e-22
0.1245	4.37405e-22
0.125	4.48007e-22
0.1255	4.5874e-22
0.126	4.70263e-22
0.1265	4.81453e-22
0.127	4.92862e-22
0.1275	5.04611e-22
0.128	5.16488e-22
0.1285	5.28484e-22
0.129	5.40839e-22
0.1295	5.53445e-22
0.13	5.66165e-22
0.1305	5.79275e-22
0.131	5.92513e-22
0.1315	6.06144e-22
0.132	6.19888e-22
0.1325	6.33908e-22
0.133	6.48199e-22
0.1335	6.62603e-22
0.134	6.77449e-22
0.1345	6.92575e-22
0.135	7.07821e-22
0.1355	7.2352e-22
0.136	7.39346e-22
0.1365	7.55478e-22
0.137	7.7271e-22
0.1375	7.89468e-22
0.138	8.06517e-22
0.1385	8.23895e-22
0.139	8.41375e-22
0.1395	8.59394e-22
0.14	8.77515e-22
0.1405	8.96198e-22
0.141	9.14991e-22
0.1415	9.34116e-22
0.142	9.53569e-22
0.1425	9.7283e-22
0.143	9.9297e-22
0.1435	1.01348e-21
0.144	1.03409e-21
0.1445	1.05647e-21
0.145	1.07783e-21
0.1455	1.09987e-21
0.146	1.12196e-21
0.1465	1.14445e-21
0.147	1.16732e-21
0.1475	1.19057e-21
0.148	1.21423e-21
0.1485	1.23831e-21
0.149	1.26244e-21
0.1495	1.28731e-21
0.15	1.31369e-21
0.1505	1.33946e-21
0.151	1.36527e-21
0.1515	1.39149e-21
0.152	1.41816e-21
0.1525	1.44526e-21
0.153	1.47282e-21
0.1535	1.50083e-21
0.154	1.52928e-21
0.1545	1.55948e-21
0.155	1.58892e-21
0.1555	1.61834e-21
0.156	1.64872e-21
0.1565	1.67911e-21
0.157	1.70995e-21
0.1575	1.74127e-21
0.158	1.77512e-21
0.1585	1.8075e-21
0.159	1.84038e-21
0.1595	1.87379e-21
0.16	1.90713e-21
0.1605	1.94155e-21
0.161	1.97591e-21
0.1615	2.01376e-21
0.162	2.04921e-21
0.1625	2.0852e-21
0.163	2.12176e-21
0.1635	2.15956e-21
0.164	2.19647e-21
0.1645	2.23732e-21
0.165	2.27618e-21
0.1655	2.31559e-21
0.166	2.35485e-21
0.1665	2.39544e-21
0.167	2.43872e-21
0.1675	2.48057e-21
0.168	2.52224e-21
0.1685	2.5645e-21
0.169	2.60733e-21
0.1695	2.65393e-21
0.17	2.69811e-21
0.1705	2.74291e-21
0.171	2.78832e-21
0.1715	2.83443e-21
0.172	2.88363e-21
0.1725	2.93108e-21
0.173	2.97639e-21
0.1735	3.02518e-21
0.174	3.0773e-21
0.1745	3.12639e-21
0.175	3.1762e-21
0.1755	3.22671e-21
0.176	3.27787e-21
0.1765	3.33382e-21
0.177	3.38647e-21
0.1775	3.43983e-21
0.178	3.49272e-21
0.1785	3.55184e-21
0.179	3.60622e-21
0.1795	3.6639e-21
0.18	3.72063e-21
0.1805	3.77859e-21
0.181	3.83876e-21
0.1815	3.8983e-21
0.182	3.95906e-21
0.1825	4.02024e-21
0.183	4.0822e-21
0.1835	4.1435e-21
0.184	4.20717e-21
0.1845	4.27173e-21
0.185	4.33545e-21
0.1855	4.4017e-21
0.186	4.46716e-21
0.1865	4.5352e-21
0.187	4.60232e-21
0.1875	4.67034e-21
0.188	4.73981e-21
0.1885	4.80957e-21
0.189	4.8803e-21
0.1895	4.95189e-21
0.19	5.02506e-21
0.1905	5.09858e-21
0.191	5.17151e-21
0.1915	5.24683e-21
0.192	5.32317e-21
0.1925	5.399e-21
0.193	5.47725e-21
0.1935	5.55498e-21
0.194	5.6336e-21
0.1945	5.71255e-21
0.195	5.79304e-21
0.1955	5.87468e-21
0.196	5.95659e-21
0.1965	6.04028e-21
0.197	6.12494e-21
0.1975	6.21064e-21
0.198	6.29669e-21
0.1985	6.38178e-21
0.199	6.47068e-21
0.1995	6.55786e-21
0.2	6.64886e-21
0.2005	6.73823e-21
0.201	6.82845e-21
0.2015	6.92288e-21
0.202	7.01546e-21
0.2025	7.10904e-21
0.203	7.20017e-21
0.2035	7.29597e-21
0.204	7.39281e-21
0.2045	7.48733e-21
0.205	7.58754e-21
0.2055	7.68784e-21
0.206	7.78567e-21
0.2065	7.88934e-21
0.207	7.98946e-21
0.2075	8.0957e-21
0.208	8.1981e-21
0.2085	8.30265e-21
0.209	8.41154e-21
0.2095	8.51866e-21
0.21	8.62581e-21
0.2105	8.73539e-21
0.211	8.84606e-21
0.2115	8.95691e-21
0.212	9.06563e-21
0.2125	9.18023e-21
0.213	9.29605e-21
0.2135	9.40843e-21
0.214	9.52688e-21
0.2145	9.64035e-21
0.215	9.76151e-21
0.2155	9.87869e-21
0.216	9.99729e-21
0.2165	1.01225e-20
0.217	1.02453e-20
0.2175	1.03677e-20
0.218	1.04916e-20
0.2185	1.06169e-20
0.219	1.07434e-20
0.2195	1.08711e-20
0.22	1.1002e-20
0.2205	1.11267e-20
0.221	1.12588e-20
0.2215	1.13938e-20
0.222	1.15223e-20
0.2225	1.16604e-20
0.223	1.17917e-20
0.2235	1.1924e-20
0.224	1.20664e-20
0.2245	1.22036e-20
0.225	1.23402e-20
0.2255	1.24802e-20
0.226	1.26197e-20
0.2265	1.27624e-20
0.227	1.29065e-20
0.2275	1.30524e-20
0.228	1.31976e-20
0.2285	1.33465e-20
0.229	1.34888e-20
0.2295	1.36403e-20
0.23	1.37938e-20
0.2305	1.39402e-20
0.231	1.40882e-20
0.2315	1.42463e-20
0.232	1.43971e-20
0.2325	1.45585e-20
0.233	1.47122e-20
0.2335	1.48583e-20
0.234	1.50151e-20
0.2345	1.51735e-20
0.235	1.53329e-20
0.2355	1.54965e-20
0.236	1.56595e-20
0.2365	1.58243e-20
0.237	1.59822e-20
0.2375	1.615e-20
0.238	1.63191e-20
0.2385	1.64817e-20
0.239	1.66543e-20
0.2395	1.68199e-20
0.24	1.69961e-20
0.2405	1.71646e-20
0.241	1.73321e-20
0.2415	1.75159e-20
0.242	1.76896e-20
0.2425	1.78619e-20
0.243	1.80385e-20
0.2435	1.82167e-20
0.244	1.8394e-20
0.2445	1.85753e-20
0.245	1.87587e-20
0.2455	1.89439e-20
0.246	1.91303e-20
0.2465	1.93049e-20
0.247	1.94953e-20
0.2475	1.96727e-20
0.248	1.98662e-20
0.2485	2.00466e-20
0.249	2.0244e-20
0.2495	2.04279e-20
0.25	2.06285e-20
0.2505	2.08157e-20
0.251	2.10042e-20
0.2515	2.11945e-20
0.252	2.13867e-20
0.2525	2.16001e-20
0.253	2.17956e-20
0.2535	2.19925e-20
0.254	2.21775e-20
0.2545	2.23779e-20
0.255	2.25799e-20
0.2555	2.27872e-20
0.256	2.29934e-20
0.2565	2.31859e-20
0.257	2.33949e-20
0.2575	2.35905e-20
0.258	2.38038e-20
0.2585	2.40023e-20
0.259	2.42228e-20
0.2595	2.44212e-20
0.26	2.4625e-20
0.2605	2.48508e-20
0.261	2.5054e-20
0.2615	2.52628e-20
0.262	2.54733e-20
0.2625	2.56857e-20
0.263	2.58994e-20
0.2635	2.61108e-20
0.264	2.63283e-20
0.2645	2.65471e-20
0.265	2.67681e-20
0.2655	2.69504e-20
0.266	2.71744e-20
0.2665	2.74009e-20
0.267	2.7629e-20
0.2675	2.78335e-20
0.268	2.807e-20
0.2685	2.82779e-20
0.269	2.85136e-20
0.2695	2.87246e-20
0.27	2.89366e-20
0.2705	2.9184e-20
0.271	2.94048e-20
0.2715	2.96221e-20
0.272	2.98408e-20
0.2725	3.00662e-20
0.273	3.02888e-20
0.2735	3.05176e-20
0.274	3.07428e-20
0.2745	3.09698e-20
0.275	3.12036e-20
0.2755	3.1434e-20
0.276	3.16721e-20
0.2765	3.19115e-20
0.277	3.2115e-20
0.2775	3.23579e-20
0.278	3.25977e-20
0.2785	3.28108e-20
0.279	3.30591e-20
0.2795	3.32703e-20
0.28	3.35222e-20
0.2805	3.3741e-20
0.281	3.39976e-20
0.2815	3.42194e-20
0.282	3.44436e-20
0.2825	3.46994e-20
0.283	3.49265e-20
0.2835	3.51543e-20
0.284	3.53846e-20
0.2845	3.56155e-20
0.285	3.58485e-20
0.2855	3.60826e-20
0.286	3.63187e-20
0.2865	3.65562e-20
0.287	3.67956e-20
0.2875	3.70428e-20
0.288	3.72856e-20
0.2885	3.74874e-20
0.289	3.7733e-20
0.2895	3.79806e-20
0.29	3.81927e-20
0.2905	3.84431e-20
0.291	3.86963e-20
0.2915	3.89053e-20
0.292	3.91215e-20
0.2925	3.93791e-20
0.293	3.95986e-20
0.2935	3.98604e-20
0.294	4.00753e-20
0.2945	4.02988e-20
0.295	4.05657e-20
0.2955	4.07917e-20
0.296	4.10194e-20
0.2965	4.12406e-20
0.297	4.14708e-20
0.2975	4.16945e-20
0.298	4.1927e-20
0.2985	4.21364e-20
0.299	4.23641e-20
0.2995	4.26008e-20
0.3	4.2839e-20
0.3005	4.30717e-20
0.301	4.33129e-20
0.3015	4.34986e-20
0.302	4.37433e-20
0.3025	4.39889e-20
0.303	4.41768e-20
0.3035	4.44259e-20
0.304	4.46688e-20
0.3045	4.48589e-20
0.305	4.51128e-20
0.3055	4.53051e-20
0.306	4.55622e-20
0.3065	4.57573e-20
0.307	4.59523e-20
0.3075	4.62225e-20
0.308	4.64192e-20
0.3085	4.66178e-20
0.309	4.68172e-20
0.3095	4.70855e-20
0.31	4.72873e-20
0.3105	4.74983e-20
0.311	4.77019e-20
0.3115	4.79065e-20
0.312	4.8112e-20
0.3125	4.8327e-20
0.313	4.85346e-20
0.3135	4.87432e-20
0.314	4.89616e-20
0.3145	4.91725e-20
0.315	4.93855e-20
0.3155	4.9531e-20
0.316	4.97449e-20
0.3165	4.9969e-20
0.317	5.01855e-20
0.3175	5.03659e-20
0.318	5.0552e-20
0.3185	5.075e-20
0.319	5.09479e-20
0.3195	5.11375e-20
0.32	5.1329e-20
0.3205	5.15115e-20
0.321	5.16968e-20
0.3215	5.18909e-20
0.322	5.20677e-20
0.3225	5.22471e-20
0.323	5.2435e-20
0.3235	5.26154e-20
0.324	5.2797e-20
0.3245	5.29588e-20
0.325	5.31329e-20
0.3255	5.33073e-20
0.326	5.3482e-20
0.3265	5.36489e-20
0.327	5.3816e-20
0.3275	5.39842e-20
0.328	5.41527e-20
0.3285	5.43223e-20
0.329	5.44719e-20
0.3295	5.46233e-20
0.33	5.47952e-20
0.3305	5.49477e-20
0.331	5.51009e-20
0.3315	5.52438e-20
0.332	5.53877e-20
0.3325	5.55317e-20
0.333	5.56458e-20
0.3335	5.57908e-20
0.334	5.59263e-20
0.3345	5.60737e-20
0.335	5.61993e-20
0.3355	5.63357e-20
0.336	5.6462e-20
0.3365	5.65996e-20
0.337	5.67157e-20
0.3375	5.68439e-20
0.338	5.69722e-20
0.3385	5.70889e-20
0.339	5.7195e-20
0.3395	5.73133e-20
0.34	5.74317e-20
0.3405	5.7538e-20
0.341	5.76464e-20
0.3415	5.77533e-20
0.342	5.78494e-20
0.3425	5.79579e-20
0.343	5.80546e-20
0.3435	5.81516e-20
0.344	5.82364e-20
0.3445	5.83338e-20
0.345	5.84192e-20
0.3455	5.85046e-20
0.346	5.85896e-20
0.3465	5.86635e-20
0.347	5.8749e-20
0.3475	5.88222e-20
0.348	5.88831e-20
0.3485	5.89566e-20
0.349	5.90293e-20
0.3495	5.90917e-20
0.35	5.91524e-20
0.3505	5.92127e-20
0.351	5.92737e-20
0.3515	5.93354e-20
0.352	5.93818e-20
0.3525	5.94177e-20
0.353	5.94653e-20
0.3535	5.95119e-20
0.354	5.95461e-20
0.3545	5.95941e-20
0.355	5.96285e-20
0.3555	5.96612e-20
0.356	5.96812e-20
0.3565	5.97152e-20
0.357	5.97345e-20
0.3575	5.97545e-20
0.358	5.97739e-20
0.3585	5.97929e-20
0.359	5.97975e-20
0.3595	5.9802e-20
0.36	5.9807e-20
0.3605	5.98115e-20
0.361	5.98292e-20
0.3615	5.98183e-20
0.362	5.98073e-20
0.3625	5.97968e-20
0.363	5.97847e-20
0.3635	5.97742e-20
0.364	5.97601e-20
0.3645	5.97331e-20
0.365	5.97066e-20
0.3655	5.96795e-20
0.366	5.96658e-20
0.3665	5.96223e-20
0.367	5.95953e-20
0.3675	5.95651e-20
0.368	5.95216e-20
0.3685	5.94747e-20
0.369	5.94311e-20
0.3695	5.93707e-20
0.37	5.92932e-20
0.3705	5.92328e-20
0.371	5.91861e-20
0.3715	5.91261e-20
0.372	5.90612e-20
0.3725	5.90013e-20
0.373	5.89363e-20
0.3735	5.88584e-20
0.374	5.87764e-20
0.3745	5.86985e-20
0.375	5.86168e-20
0.3755	5.85396e-20
0.376	5.84568e-20
0.3765	5.8374e-20
0.377	5.8261e-20
0.3775	5.81781e-20
0.378	5.80784e-20
0.3785	5.79652e-20
0.379	5.78825e-20
0.3795	5.77638e-20
0.38	5.76502e-20
0.3805	5.75494e-20
0.381	5.74416e-20
0.3815	5.73223e-20
0.382	5.72089e-20
0.3825	5.70715e-20
0.383	5.69533e-20
0.3835	5.68341e-20
0.384	5.66967e-20
0.3845	5.65778e-20
0.385	5.64284e-20
0.3855	5.62912e-20
0.386	5.61536e-20
0.3865	5.59979e-20
0.387	5.5861e-20
0.3875	5.57044e-20
0.388	5.55674e-20
0.3885	5.54126e-20
0.389	5.52565e-20
0.3895	5.51005e-20
0.39	5.49267e-20
0.3905	5.4771e-20
0.391	5.45959e-20
0.3915	5.44225e-20
0.392	5.42677e-20
0.3925	5.40735e-20
0.393	5.39007e-20
0.3935	5.37268e-20
0.394	5.35532e-20
0.3945	5.33614e-20
0.395	5.31804e-20
0.3955	5.29886e-20
0.396	5.27967e-20
0.3965	5.26046e-20
0.397	5.24138e-20
0.3975	5.22224e-20
0.398	5.20236e-20
0.3985	5.18137e-20
0.399	5.16235e-20
0.3995	5.14148e-20
0.4	5.1217e-20
0.4005	5.10078e-20
0.401	5.078e-20
0.4015	5.05836e-20
0.402	5.03563e-20
0.4025	5.01495e-20
0.403	4.99348e-20
0.4035	4.97081e-20
0.404	4.94825e-20
0.4045	4.92694e-20
0.405	4.90238e-20
0.4055	4.88003e-20
0.406	4.85678e-20
0.4065	4.83457e-20
0.407	4.8114e-20
0.4075	4.78729e-20
0.408	4.76424e-20
0.4085	4.73803e-20
0.409	4.71513e-20
0.4095	4.68916e-20
0.41	4.66649e-20
0.4105	4.64064e-20
0.411	4.61816e-20
0.4115	4.59247e-20
0.412	4.56803e-20
0.4125	4.54251e-20
0.413	4.51827e-20
0.4135	4.49192e-20
0.414	4.46674e-20
0.4145	4.44276e-20
0.415	4.41668e-20
0.4155	4.38971e-20
0.416	4.36589e-20
0.4165	4.34021e-20
0.417	4.31347e-20
0.4175	4.28794e-20
0.418	4.26036e-20
0.4185	4.23406e-20
0.419	4.20876e-20
0.4195	4.18159e-20
0.42	4.15448e-20
0.4205	4.12858e-20
0.421	4.10174e-20
0.4215	4.07494e-20
0.422	4.04836e-20
0.4225	4.02179e-20
0.423	3.99444e-20
0.4235	3.96607e-20
0.424	3.93998e-20
0.4245	3.91193e-20
0.425	3.88598e-20
0.4255	3.85819e-20
0.426	3.8305e-20
0.4265	3.80205e-20
0.427	3.77466e-20
0.4275	3.74735e-20
0.428	3.72028e-20
0.4285	3.69324e-20
0.429	3.66641e-20
0.4295	3.63771e-20
0.43	3.61111e-20
0.4305	3.58275e-20
0.431	3.55444e-20
0.4315	3.52635e-20
0.432	3.50093e-20
0.4325	3.47312e-20
0.433	3.44352e-20
0.4335	3.41605e-20
0.434	3.38868e-20
0.4345	3.36156e-20
0.435	3.3334e-20
0.4355	3.30658e-20
0.436	3.27798e-20
0.4365	3.25142e-20
0.437	3.2232e-20
0.4375	3.19512e-20
0.438	3.16715e-20
0.4385	3.13942e-20
0.439	3.11268e-20
0.4395	3.08525e-20
0.44	3.05805e-20
0.4405	3.02915e-20
0.441	3.00226e-20
0.4415	2.97639e-20
0.442	2.94806e-20
0.4425	2.91986e-20
0.443	2.89376e-20
0.4435	2.86673e-20
0.444	2.83914e-20
0.4445	2.81177e-20
0.445	2.7846e-20
0.4455	2.75828e-20
0.446	2.73149e-20
0.4465	2.70493e-20
0.447	2.6774e-20
0.4475	2.65121e-20
0.448	2.62346e-20
0.4485	2.59724e-20
0.449	2.56991e-20
0.4495	2.54519e-20
0.45	2.51828e-20
0.4505	2.49153e-20
0.451	2.46571e-20
0.4515	2.43943e-20
0.452	2.41395e-20
0.4525	2.3881e-20
0.453	2.36307e-20
0.4535	2.33762e-20
0.454	2.3124e-20
0.4545	2.28634e-20
0.455	2.26155e-20
0.4555	2.23588e-20
0.456	2.21154e-20
0.4565	2.18635e-20
0.457	2.16077e-20
0.4575	2.13761e-20
0.458	2.11307e-20
0.4585	2.08818e-20
0.459	2.06408e-20
0.4595	2.03965e-20
0.46	2.01599e-20
0.4605	1.99197e-20
0.461	1.96874e-20
0.4615	1.94423e-20
0.462	1.92089e-20
0.4625	1.89831e-20
0.463	1.87396e-20
0.4635	1.85182e-20
0.464	1.82841e-20
0.4645	1.80477e-20
0.465	1.78328e-20
0.4655	1.76057e-20
0.466	1.73758e-20
0.4665	1.71535e-20
0.467	1.69332e-20
0.4675	1.67148e-20
0.468	1.64945e-20
0.4685	1.62809e-20
0.469	1.60697e-20
0.4695	1.5856e-20
0.47	1.56491e-20
0.4705	1.54311e-20
0.471	1.52286e-20
0.4715	1.50239e-20
0.472	1.4813e-20
0.4725	1.46171e-20
0.473	1.44106e-20
0.4735	1.42062e-20
0.474	1.40129e-20
0.4745	1.38133e-20
0.475	1.36161e-20
0.4755	1.34207e-20
0.476	1.32279e-20
0.4765	1.30373e-20
0.477	1.28488e-20
0.4775	1.26589e-20
0.478	1.24751e-20
0.4785	1.22933e-20
0.479	1.21137e-20
0.4795	1.1936e-20
0.48	1.17495e-20
0.4805	1.15764e-20
0.481	1.14054e-20
0.4815	1.12255e-20
0.482	1.10586e-20
0.4825	1.08833e-20
0.483	1.07103e-20
0.4835	1.05511e-20
0.484	1.03823e-20
0.4845	1.02158e-20
0.485	1.00614e-20
0.4855	9.89889e-21
0.486	9.7387e-21
0.4865	9.58073e-21
0.487	9.42478e-21
0.4875	9.27091e-21
0.488	9.11895e-21
0.4885	8.96921e-21
0.489	8.82158e-21
0.4895	8.66684e-21
0.49	8.51993e-21
0.4905	8.37836e-21
0.491	8.23876e-21
0.4915	8.09247e-21
0.492	7.95675e-21
0.4925	7.8146e-21
0.493	7.68284e-21
0.4935	7.54687e-21
0.494	7.41888e-21
0.4945	7.28459e-21
0.495	7.1525e-21
0.4955	7.03011e-21
0.496	6.9018e-21
0.4965	6.77531e-21
0.497	6.65277e-21
0.4975	6.5302e-21
0.498	6.41688e-21
0.4985	6.29784e-21
0.499	6.18076e-21
0.4995	6.0655e-21
0.5	5.95376e-21
0.5005	5.83519e-21
0.501	5.72535e-21
0.5015	5.61724e-21
0.502	5.51245e-21
0.5025	5.40773e-21
0.503	5.29825e-21
0.5035	5.19701e-21
0.504	5.09885e-21
0.5045	4.99471e-21
0.505	4.89826e-21
0.5055	4.79757e-21
0.506	4.70585e-21
0.5065	4.60849e-21
0.507	4.51839e-21
0.5075	4.42561e-21
0.508	4.33316e-21
0.5085	4.24776e-21
0.509	4.1596e-21
0.5095	4.07186e-21
0.51	3.98569e-21
0.5105	3.90221e-21
0.511	3.82399e-21
0.5115	3.74232e-21
0.512	3.66318e-21
0.5125	3.5844e-21
0.513	3.507e-21
0.5135	3.43211e-21
0.514	3.3576e-21
0.5145	3.28543e-21
0.515	3.20926e-21
0.5155	3.13881e-21
0.516	3.07065e-21
0.5165	3.00286e-21
0.517	2.93726e-21
0.5175	2.86795e-21
0.518	2.80485e-21
0.5185	2.74211e-21
0.519	2.6768e-21
0.5195	2.61729e-21
0.52	2.55452e-21
0.5205	2.49737e-21
0.521	2.43707e-21
0.5215	2.38213e-21
0.522	2.32424e-21
0.5225	2.27154e-21
0.523	2.21594e-21
0.5235	2.16213e-21
0.524	2.11196e-21
0.5245	2.06037e-21
0.525	2.00924e-21
0.5255	1.9598e-21
0.526	1.91368e-21
0.5265	1.86626e-21
0.527	1.81988e-21
0.5275	1.77392e-21
0.528	1.72947e-21
0.5285	1.68576e-21
0.529	1.64324e-21
0.5295	1.60117e-21
0.53	1.56024e-21
0.5305	1.52001e-21
0.531	1.4809e-21
0.5315	1.44266e-21
0.532	1.40458e-21
0.5325	1.36761e-21
0.533	1.33128e-21
0.5335	1.2962e-21
0.534	1.26169e-21
0.5345	1.22762e-21
0.535	1.19473e-21
0.5355	1.16259e-21
0.536	1.13084e-21
0.5365	1.10001e-21
0.537	1.06992e-21
0.5375	1.04023e-21
0.538	1.01139e-21
0.5385	9.83514e-22
0.539	9.55583e-22
0.5395	9.28797e-22
0.54	9.02674e-22
0.5405	8.76739e-22
0.541	8.51739e-22
0.5415	8.27362e-22
0.542	8.03198e-22
0.5425	7.80031e-22
0.543	7.57319e-22
0.5435	7.34952e-22
0.544	7.13262e-22
0.5445	6.92246e-22
0.545	6.71661e-22
0.5455	6.51412e-22
0.546	6.31776e-22
0.5465	6.12774e-22
0.547	5.94151e-22
0.5475	5.75852e-22
0.548	5.58231e-22
0.5485	5.4108e-22
0.549	5.24282e-22
0.5495	5.07789e-22
0.55	4.9191e-22
0.5505	4.76473e-22
0.551	4.6136e-22
0.5515	4.46678e-22
0.552	4.32351e-22
0.5525	4.18401e-22
0.553	4.04923e-22
0.5535	3.91832e-22
0.554	3.79039e-22
0.5545	3.66495e-22
0.555	3.54427e-22
0.5555	3.4265e-22
0.556	3.31283e-22
0.5565	3.20183e-22
0.557	3.09412e-22
0.5575	2.98859e-22
0.558	2.88666e-22
0.5585	2.78837e-22
0.559	2.69248e-22
0.5595	2.59946e-22
0.56	2.50933e-22
0.5605	2.42199e-22
0.561	2.33683e-22
0.5615	2.25354e-22
0.562	2.17411e-22
0.5625	2.09671e-22
0.563	2.02133e-22
0.5635	1.94877e-22
0.564	1.87808e-22
0.5645	1.8097e-22
0.565	1.74353e-22
0.5655	1.67951e-22
0.566	1.61706e-22
0.5665	1.55681e-22
0.567	1.49858e-22
0.5675	1.44262e-22
0.568	1.3882e-22
0.5685	1.33529e-22
0.569	1.28448e-22
0.5695	1.23512e-22
0.57	1.18744e-22
0.5705	1.14141e-22
0.571	1.09695e-22
0.5715	1.05407e-22
0.572	1.01267e-22
0.5725	9.72491e-23
0.573	9.33738e-23
0.5735	8.96349e-23
0.574	8.60315e-23
0.5745	8.25584e-23
0.575	7.91906e-23
0.5755	7.59414e-23
0.576	7.28159e-23
0.5765	6.98043e-23
0.577	6.69056e-23
0.5775	6.41153e-23
0.578	6.14132e-23
0.5785	5.88282e-23
0.579	5.63254e-23
0.5795	5.39192e-23
0.58	5.16051e-23
0.5805	4.93803e-23
0.581	4.7242e-23
0.5815	4.51747e-23
0.582	4.31993e-23
0.5825	4.12913e-23
0.583	3.94592e-23
0.5835	3.77001e-23
0.584	3.60116e-23
0.5845	3.43823e-23
0.585	3.28278e-23
0.5855	3.13276e-23
0.586	2.98897e-23
0.5865	2.85112e-23
0.587	2.719e-23
0.5875	2.59241e-23
0.588	2.47044e-23
0.5885	2.3543e-23
0.589	2.24244e-23
0.5895	2.13601e-23
0.59	2.03427e-23
0.5905	1.93622e-23
0.591	1.84191e-23
0.5915	1.75226e-23
0.592	1.66655e-23
0.5925	1.58414e-23
0.593	1.50544e-23
0.5935	1.4307e-23
0.594	1.35893e-23
0.5945	1.29002e-23
0.595	1.22465e-23
0.5955	1.16268e-23
0.596	1.10283e-23
0.5965	1.04609e-23
0.597	9.91688e-24
0.5975	9.39854e-24
0.598	8.90476e-24
0.5985	8.43451e-24
0.599	7.9868e-24
0.5995	7.56103e-24
0.6	7.15609e-24
0.6005	6.76815e-24
0.601	6.39931e-24
0.6015	6.05064e-24
0.602	5.71742e-24
0.6025	5.39916e-24
0.603	5.09864e-24
0.6035	4.81508e-24
0.604	4.54273e-24
0.6045	4.28587e-24
0.605	4.04082e-24
0.6055	3.80854e-24
0.606	3.58841e-24
0.6065	3.38111e-24
0.607	3.18355e-24
0.6075	2.9965e-24
0.608	2.81852e-24
0.6085	2.65108e-24
0.609	2.49186e-24
0.6095	2.34217e-24
0.61	2.20072e-24
0.6105	2.06631e-24
0.611	1.9394e-24
0.6115	1.8196e-24
0.612	1.70656e-24
0.6125	1.6e-24
0.613	1.49946e-24
0.6135	1.4042e-24
0.614	1.31447e-24
0.6145	1.23041e-24
0.615	1.15087e-24
0.6155	1.07645e-24
0.616	1.00603e-24
0.6165	9.3957e-25
0.617	8.77059e-25
0.6175	8.18657e-25
0.618	7.63817e-25
0.6185	7.12355e-25
0.619	6.6381e-25
0.6195	6.18299e-25
0.62	5.75643e-25
0.6205	5.35904e-25
0.621	4.98482e-25
0.6215	4.63457e-25
0.622	4.3069e-25
0.6225	3.999e-25
0.623	3.71413e-25
0.6235	3.44523e-25
0.624	3.19549e-25
0.6245	2.9612e-25
0.625	2.74269e-25
0.6255	2.54003e-25
0.626	2.35016e-25
0.6265	2.17336e-25
0.627	2.00884e-25
0.6275	1.85497e-25
0.628	1.71333e-25
0.6285	1.58105e-25
0.629	1.45755e-25
0.6295	1.34292e-25
0.63	1.23715e-25
0.6305	1.139e-25
0.631	1.0476e-25
0.6315	9.62994e-26
0.632	8.84671e-26
0.6325	8.12215e-26
0.633	7.45229e-26
0.6335	6.83349e-26
0.634	6.25943e-26
0.6345	5.73242e-26
0.635	5.24611e-26
0.6355	4.79809e-26
0.636	4.38352e-26
0.6365	4.00202e-26
0.637	3.65121e-26
0.6375	3.33021e-26
0.638	3.034e-26
0.6385	2.76218e-26
0.639	2.51293e-26
0.6395	2.28341e-26
0.64	2.07507e-26
0.6405	1.8827e-26
0.641	1.70765e-26
0.6415	1.54694e-26
0.642	1.40024e-26
0.6425	1.26694e-26
0.643	1.14547e-26
0.6435	1.03431e-26
0.644	9.33145e-27
0.6445	8.415e-27
0.645	7.5754e-27
0.6455	6.81672e-27
0.646	6.12855e-27
0.6465	5.50222e-27
0.647	4.93975e-27
0.6475	4.42666e-27
0.648	3.96494e-27
0.6485	3.54631e-27
0.649	3.16874e-27
0.6495	2.82966e-27
0.65	2.52455e-27
0.6505	2.24887e-27
0.651	2.0002e-27
0.6515	1.77804e-27
0.652	1.57947e-27
0.6525	1.40095e-27
0.653	1.24121e-27
0.6535	1.09787e-27
0.654	9.70448e-28
0.6545	8.56132e-28
0.655	7.5528e-28
0.6555	6.64863e-28
0.656	5.84545e-28
0.6565	5.13271e-28
0.657	4.50342e-28
0.6575	3.94406e-28
0.658	3.45093e-28
0.6585	3.01406e-28
0.659	2.6288e-28
0.6595	2.28833e-28
0.66	1.99013e-28
0.6605	1.72821e-28
0.661	1.49917e-28
0.6615	1.2972e-28
0.662	1.1213e-28
0.6625	9.67161e-29
0.663	8.33321e-29
0.6635	7.16387e-29
0.664	6.14818e-29
0.6645	5.26741e-29
0.665	4.50665e-29
0.6655	3.84935e-29
0.666	3.27987e-29
0.6665	2.78943e-29
0.667	2.36768e-29
0.6675	2.00456e-29
0.668	1.69467e-29
0.6685	1.42973e-29
0.669	1.20366e-29
0.6695	1.01051e-29
0.67	8.4735e-30
0.6705	7.08184e-30
0.671	5.90845e-30
0.6715	4.91472e-30
0.672	4.08056e-30
0.6725	3.37743e-30
0.673	2.78827e-30
0.6735	2.29574e-30
0.674	1.88513e-30
0.6745	1.54458e-30
0.675	1.26112e-30
0.6755	1.02669e-30
0.676	8.32769e-31
0.6765	6.73803e-31
0.677	5.4344e-31
0.6775	4.36856e-31
0.678	3.49991e-31
0.6785	2.79241e-31
0.679	2.22131e-31
0.6795	1.75937e-31
0.68	1.38905e-31
0.6805	1.09167e-31
0.681	8.55023e-32
0.6815	6.6642e-32
0.682	5.17509e-32
0.6825	3.99808e-32
0.683	3.07448e-32
0.6835	2.35284e-32
0.684	1.79169e-32
0.6845	1.35731e-32
0.685	1.02231e-32
0.6855	7.66081e-33
0.686	5.70768e-33
0.6865	4.22709e-33
0.687	3.11117e-33
0.6875	2.27443e-33
0.688	1.65217e-33
0.6885	1.19082e-33
0.689	8.52604e-34
0.6895	6.0537e-34
0.69	4.26497e-34
0.6905	2.97906e-34
0.691	2.06412e-34
0.6915	1.41611e-34
0.692	9.62902e-35
0.6925	6.47671e-35
0.693	4.31019e-35
0.6935	2.83497e-35
0.694	1.84493e-35
0.6945	1.18486e-35
0.695	7.50914e-36
0.6955	4.69273e-36
0.696	2.88791e-36
0.6965	1.75008e-36
0.697	1.0428e-36
0.6975	6.10257e-37
0.698	3.50037e-37
0.6985	1.96718e-37
0.699	1.0817e-37
0.6995	5.80678e-38
0.7	3.03342e-38
0.7005	1.54252e-38
0.701	7.60076e-39
0.7015	3.62442e-39
0.702	1.66365e-39
0.7025	7.34184e-40
0.703	3.09484e-40
0.7035	1.24012e-40
0.704	4.70342e-41
0.7045	1.67271e-41
0.705	5.53095e-42
0.7055	1.68395e-42
0.706	4.6536e-43
0.7065	1.14901e-43
0.707	2.47933e-44
0.7075	4.54207e-45
0.708	6.80432e-46
0.7085	7.88907e-47
0.709	6.54748e-48
0.7095	3.4373e-49
0.71	9.29633e-51
0.7105	8.81796e-53
0.711	1.23578e-55
0.7115	1.61778e-60
0.712	0
0.7125	4.29658e-23
0.713	1.68556e-22
0.7135	3.71331e-22
0.714	6.46709e-22
0.7145	9.8925e-22
0.715	1.39295e-21
0.7155	1.85554e-21
0.716	2.37014e-21
0.7165	2.93102e-21
0.717	3.53432e-21
0.7175	4.17532e-21
0.718	4.85205e-21
0.7185	5.55514e-21
0.719	6.28237e-21
0.7195	7.02947e-21
0.72	7.79198e-21
0.7205	8.56583e-21
0.721	9.34328e-21
0.7215	1.01274e-20
0.722	1.0911e-20
0.7225	1.16901e-20
0.723	1.24496e-20
0.7235	1.32088e-20
0.724	1.39396e-20
0.7245	1.46509e-20
0.725	1.53489e-20
0.7255	1.60152e-20
0.726	1.66529e-20
0.7265	1.72574e-20
0.727	1.78298e-20
0.7275	1.83659e-20
0.728	1.88633e-20
0.7285	1.93198e-20
0.729	1.97335e-20
0.7295	2.01024e-20
0.73	2.04249e-20
0.7305	2.06995e-20
0.731	2.09248e-20
0.7315	2.10785e-20
0.732	2.12017e-20
0.7325	2.12726e-20
0.733	2.12907e-20
0.7335	2.12555e-20
0.734	2.11668e-20
0.7345	2.10246e-20
0.735	2.08075e-20
0.7355	2.05591e-20
0.736	2.02511e-20
0.7365	1.98989e-20
0.737	1.94871e-20
0.7375	1.90353e-20
0.738	1.85359e-20
0.7385	1.79715e-20
0.739	1.73828e-20
0.7395	1.67524e-20
0.74	1.60658e-20
0.7405	1.53606e-20
0.741	1.46222e-20
0.7415	1.38471e-20
0.742	1.30527e-20
0.7425	1.22226e-20
0.743	1.13884e-20
0.7435	1.05404e-20
0.744	9.67276e-21
0.7445	8.81291e-21
0.745	7.95062e-21
0.7455	7.10017e-21
0.746	6.25616e-21
0.7465	5.44003e-21
0.747	4.64536e-21
0.7475	3.8887e-21
0.748	3.17585e-21
0.7485	2.50946e-21
0.749	1.90429e-21
0.7495	1.36384e-21
0.75	9.00452e-22
0.7505	5.22624e-22
0.751	2.39314e-22
0.7515	6.16213e-23
0.752	1.64124e-27
0.7525	1.65014e-27
0.753	1.6591e-27
0.7535	1.66814e-27
0.754	1.68034e-27
0.7545	1.68954e-27
0.755	1.69881e-27
0.7555	1.70926e-27
0.756	1.72008e-27
0.7565	1.72959e-27
0.757	1.74031e-27
0.7575	1.74999e-27
0.758	1.75974e-27
0.7585	1.77073e-27
0.759	1.78064e-27
0.7595	1.79289e-27
0.76	1.80418e-27
0.7605	1.81437e-27
0.761	1.82464e-27
0.7615	1.83623e-27
0.762	1.84668e-27
0.7625	1.85721e-27
0.763	1.8691e-27
0.7635	1.87982e-27
0.764	1.89192e-27
0.7645	1.90284e-27
0.765	1.91384e-27
0.7655	1.92626e-27
0.766	1.93747e-27
0.7665	1.95012e-27
0.767	1.9589e-27
0.7675	1.97038e-27
0.768	1.98334e-27
0.7685	1.99504e-27
0.769	2.00824e-27
0.7695	2.02015e-27
0.77	2.03361e-27
0.7705	2.04292e-27
0.771	2.0566e-27
0.7715	2.06893e-27
0.772	2.08287e-27
0.7725	2.09545e-27
0.773	2.10668e-27
0.7735	2.11946e-27
0.774	2.13391e-27
0.7745	2.14388e-27
0.775	2.15754e-27
0.7755	2.17079e-27
0.776	2.18577e-27
0.7765	2.19608e-27
0.777	2.21132e-27
0.7775	2.2218e-27
0.778	2.23731e-27
0.7785	2.25131e-27
0.779	2.26376e-27
0.7795	2.278e-27
0.78	2.29067e-27
0.7805	2.30692e-27
0.781	2.32158e-27
0.7815	2.3346e-27
0.782	2.34953e-27
0.7825	2.36278e-27
0.783	2.37982e-27
0.7835	2.39148e-27
0.784	2.40733e-27
0.7845	2.42108e-27
0.785	2.43646e-27
0.7855	2.45239e-27
0.786	2.46613e-27
0.7865	2.48195e-27
0.787	2.49792e-27
0.7875	2.51205e-27
0.788	2.52832e-27
0.7885	2.54271e-27
0.789	2.55886e-27
0.7895	2.57559e-27
0.79	2.58996e-27
0.7905	2.60658e-27
0.791	2.62335e-27
0.7915	2.64029e-27
0.792	2.65521e-27
0.7925	2.67097e-27
0.793	2.68792e-27
0.7935	2.70325e-27
0.794	2.72052e-27
0.7945	2.73796e-27
0.795	2.75373e-27
0.7955	2.77149e-27
0.796	2.78895e-27
0.7965	2.80706e-27
0.797	2.82295e-27
0.7975	2.8409e-27
0.798	2.85954e-27
0.7985	2.87785e-27
0.799	2.89384e-27
0.7995	2.91302e-27
0.8	2.93187e-27
0.8005	2.95036e-27
0.801	2.96958e-27
0.8015	2.98636e-27
0.802	3.00539e-27
0.8025	3.02517e-27
0.803	3.04459e-27
0.8035	3.0642e-27
0.804	3.08123e-27
0.8045	3.10121e-27
0.805	3.12139e-27
0.8055	3.14178e-27
0.806	3.16237e-27
0.8065	3.17965e-27
0.807	3.20001e-27
0.8075	3.22121e-27
0.808	3.24199e-27
0.8085	3.26298e-27
0.809	3.28204e-27
0.8095	3.30344e-27
0.81	3.32193e-27
0.8105	3.34307e-27
0.811	3.3651e-27
0.8115	3.38667e-27
0.812	3.40846e-27
0.8125	3.43118e-27
0.813	3.45343e-27
0.8135	3.4759e-27
0.814	3.49861e-27
0.8145	3.52081e-27
0.815	3.54051e-27
0.8155	3.56389e-27
0.816	3.58675e-27
0.8165	3.61063e-27
0.817	3.63397e-27
0.8175	3.65755e-27
0.818	3.68138e-27
0.8185	3.70546e-27
0.819	3.72979e-27
0.8195	3.75354e-27
0.82	3.77838e-27
0.8205	3.80263e-27
0.821	3.828e-27
0.8215	3.85276e-27
0.822	3.87778e-27
0.8225	3.90307e-27
0.823	3.92862e-27
0.8235	3.95445e-27
0.824	3.98055e-27
0.8245	4.00295e-27
0.825	4.02957e-27
0.8255	4.05551e-27
0.826	4.0827e-27
0.8265	4.10921e-27
0.827	4.13599e-27
0.8275	4.16306e-27
0.828	4.19042e-27
0.8285	4.21704e-27
0.829	4.24498e-27
0.8295	4.27323e-27
0.83	4.2995e-27
0.8305	4.32834e-27
0.831	4.3564e-27
0.8315	4.38477e-27
0.832	4.41343e-27
0.8325	4.44241e-27
0.833	4.47682e-27
0.8335	4.50648e-27
0.834	4.53648e-27
0.8345	4.5656e-27
0.835	4.59625e-27
0.8355	4.62602e-27
0.836	4.6561e-27
0.8365	4.68651e-27
0.837	4.71724e-27
0.8375	4.74831e-27
0.838	4.78545e-27
0.8385	4.81728e-27
0.839	4.84519e-27
0.8395	4.87632e-27
0.84	4.90916e-27
0.8405	4.94099e-27
0.841	4.97316e-27
0.8415	5.01331e-27
0.842	5.04627e-27
0.8425	5.07961e-27
0.843	5.11331e-27
0.8435	5.14719e-27
0.844	5.18296e-27
0.8445	5.21916e-27
0.845	5.25423e-27
0.8455	5.2897e-27
0.846	5.32718e-27
0.8465	5.36349e-27
0.847	5.40021e-27
0.8475	5.43737e-27
0.848	5.47497e-27
0.8485	5.51301e-27
0.849	5.54977e-27
0.8495	5.5887e-27
0.85	5.62886e-27
0.8505	5.66695e-27
0.851	5.70549e-27
0.8515	5.74711e-27
0.852	5.78658e-27
0.8525	5.82137e-27
0.853	5.86172e-27
0.8535	5.90339e-27
0.854	5.94275e-27
0.8545	5.98542e-27
0.855	6.02659e-27
0.8555	6.06944e-27
0.856	6.11162e-27
0.8565	6.15642e-27
0.857	6.19965e-27
0.8575	6.24341e-27
0.858	6.2868e-27
0.8585	6.33164e-27
0.859	6.37573e-27
0.8595	6.42169e-27
0.86	6.46824e-27
0.8605	6.51302e-27
0.861	6.56074e-27
0.8615	6.60666e-27
0.862	6.65314e-27
0.8625	6.70373e-27
0.863	6.75143e-27
0.8635	6.79973e-27
0.864	6.84711e-27
0.8645	6.89663e-27
0.865	6.93968e-27
0.8655	6.99041e-27
0.866	7.04017e-27
0.8665	7.09057e-27
0.867	7.14328e-27
0.8675	7.19501e-27
0.868	7.2474e-27
0.8685	7.30049e-27
0.869	7.35305e-27
0.8695	7.40754e-27
0.87	7.46276e-27
0.8705	7.51559e-27
0.871	7.57228e-27
0.8715	7.62652e-27
0.872	7.68473e-27
0.8725	7.74044e-27
0.873	7.79688e-27
0.8735	7.85408e-27
0.874	7.91691e-27
0.8745	7.97573e-27
0.875	8.03177e-27
0.8755	8.09361e-27
0.876	8.15486e-27
0.8765	8.20203e-27
0.877	8.26631e-27
0.8775	8.32614e-27
0.878	8.39225e-27
0.8785	8.45378e-27
0.879	8.51774e-27
0.8795	8.58261e-27
0.88	8.64675e-27
0.8805	8.71346e-27
0.881	8.78113e-27
0.8815	8.84808e-27
0.882	8.91329e-27
0.8825	8.98391e-27
0.883	9.05101e-27
0.8835	9.11906e-27
0.884	9.19279e-27
0.8845	9.26286e-27
0.885	9.33394e-27
0.8855	9.40606e-27
0.886	9.47924e-27
0.8865	9.55352e-27
0.887	9.61068e-27
0.8875	9.68693e-27
0.888	9.76436e-27
0.8885	9.83753e-27
0.889	9.91942e-27
0.8895	9.99484e-27
0.89	1.00736e-26
0.8905	1.01513e-26
0.891	1.02324e-26
0.8915	1.03124e-26
0.892	1.03961e-26
0.8925	1.04787e-26
0.893	1.0565e-26
0.8935	1.06462e-26
0.894	1.07327e-26
0.8945	1.08165e-26
0.895	1.09016e-26
0.8955	1.09949e-26
0.896	1.10827e-26
0.8965	1.11494e-26
0.897	1.12424e-26
0.8975	1.13315e-26
0.898	1.14248e-26
0.8985	1.15149e-26
0.899	1.16037e-26
0.8995	1.17015e-26
0.9	1.1793e-26
0.9005	1.18941e-26
0.901	1.19886e-26
0.9015	1.20846e-26
0.902	1.21855e-26
0.9025	1.22847e-26
0.903	1.2389e-26
0.9035	1.24916e-26
0.904	1.2596e-26
0.9045	1.27057e-26
0.905	1.28043e-26
0.9055	1.28914e-26
0.906	1.29966e-26
0.9065	1.31099e-26
0.907	1.32188e-26
0.9075	1.33296e-26
0.908	1.34491e-26
0.9085	1.3564e-26
0.909	1.36809e-26
0.9095	1.37886e-26
0.91	1.39096e-26
0.9105	1.40286e-26
0.911	1.41541e-26
0.9115	1.42742e-26
0.912	1.43999e-26
0.9125	1.45199e-26
0.913	1.46467e-26
0.9135	1.47711e-26
0.914	1.48632e-26
0.9145	1.49917e-26
0.915	1.51225e-26
0.9155	1.5261e-26
0.916	1.53971e-26
0.9165	1.55358e-26
0.917	1.56676e-26
0.9175	1.58117e-26
0.918	1.5943e-26
0.9185	1.60985e-26
0.919	1.62351e-26
0.9195	1.63802e-26
0.92	1.65222e-26
0.9205	1.66732e-26
0.921	1.68272e-26
0.9215	1.69334e-26
0.922	1.70931e-26
0.9225	1.72562e-26
0.923	1.74035e-26
0.9235	1.75664e-26
0.924	1.77198e-26
0.9245	1.78763e-26
0.925	1.4468e-50
0.9255	5.39723e-25
0.926	2.14511e-24
0.9265	4.79572e-24
0.927	8.47143e-24
0.9275	1.31525e-23
0.928	1.87956e-23
0.9285	3.40329e-23
0.929	4.43092e-23
0.9295	5.58251e-23
0.93	6.86888e-23
0.9305	8.27437e-23
0.931	9.80637e-23
0.9315	1.14585e-22
0.932	1.32475e-22
0.9325	1.51468e-22
0.933	1.71397e-22
0.9335	1.92734e-22
0.934	2.15181e-22
0.9345	1.71167e-22
0.935	1.87929e-22
0.9355	2.05724e-22
0.936	2.23838e-22
0.9365	2.42538e-22
0.937	2.6209e-22
0.9375	2.81934e-22
0.938	3.02312e-22
0.9385	3.23204e-22
0.939	3.44397e-22
0.9395	3.66257e-22
0.94	3.87889e-22
0.9405	5.81639e-22
0.941	6.16312e-22
0.9415	6.51507e-22
0.942	6.8794e-22
0.9425	7.24817e-22
0.943	7.62339e-22
0.9435	8.00477e-22
0.944	8.39341e-22
0.9445	8.78955e-22
0.945	9.18933e-22
0.9455	9.59413e-22
0.946	6.64863e-22
0.9465	6.89405e-22
0.947	7.13398e-22
0.9475	7.37834e-22
0.948	7.6178e-22
0.9485	7.85979e-22
0.949	8.09381e-22
0.9495	8.334e-22
0.95	8.57204e-22
0.9505	7.01106e-23
0.951	7.13451e-23
0.9515	7.24991e-23
0.952	7.3594e-23
0.9525	7.45425e-23
0.953	7.55394e-23
0.9535	7.6445e-23
0.954	7.73139e-23
0.9545	7.8117e-23
0.955	1.06497e-21
0.9555	1.08408e-21
0.956	1.10404e-21
0.9565	1.12191e-21
0.957	1.13949e-21
0.9575	1.15595e-21
0.958	1.17292e-21
0.9585	1.1883e-21
0.959	1.19783e-21
0.9595	1.21147e-21
0.96	1.22568e-21
0.9605	1.2376e-21
0.961	1.25011e-21
0.9615	1.26017e-21
0.962	1.27142e-21
0.9625	1.2739e-21
0.963	1.2826e-21
0.9635	1.29093e-21
0.964	1.29767e-21
0.9645	1.30403e-21
0.965	1.30871e-21
0.9655	1.31301e-21
0.966	1.30949e-21
0.9665	1.3116e-21
0.967	1.31264e-21
0.9675	1.31473e-21
0.968	1.31281e-21
0.9685	1.3128e-21
0.969	1.30032e-21
0.9695	1.29728e-21
0.97	1.29409e-21
0.9705	1.28987e-21
0.971	1.28366e-21
0.9715	1.27737e-21
0.972	1.26292e-21
0.9725	1.25462e-21
0.973	1.24694e-21
0.9735	1.23946e-21
0.974	1.2272e-21
0.9745	1.2069e-21
0.975	1.19561e-21
0.9755	1.18644e-21
0.976	1.17231e-21
0.9765	1.15738e-21
0.977	1.13622e-21
0.9775	1.11992e-21
0.978	1.1015e-21
0.9785	1.08559e-21
0.979	1.05939e-21
0.9795	1.03769e-21
0.98	1.01577e-21
0.9805	9.93025e-22
0.981	9.61843e-22
0.9815	9.34536e-22
0.982	9.08017e-22
0.9825	8.69993e-22
0.983	8.38669e-22
0.9835	8.05661e-22
0.984	7.64607e-22
0.9845	7.28654e-22
