100	2.77732e-19
200	7.4462e-20
300	3.06542e-20
400	1.52233e-20
500	8.42376e-21
600	5.00843e-21
700	3.13702e-21
800	2.04528e-21
900	1.37711e-21
1000	9.52324e-22
1100	6.73653e-22
1200	4.85933e-22
1300	3.56572e-22
1400	2.6564e-22
1500	2.00585e-22
1600	1.53307e-22
1700	1.18461e-22
1800	9.24479e-23
1900	7.28019e-23
2000	5.7806e-23
2100	4.62478e-23
2200	3.72587e-23
2300	3.021e-23
2400	2.46407e-23
2500	2.02085e-23
2600	1.66582e-23
2700	1.3797e-23
2800	1.14778e-23
2900	9.58771e-24
3000	8.03989e-24
3100	6.76639e-24
3200	5.71403e-24
3300	4.84068e-24
3400	4.11311e-24
3500	3.5048e-24
3600	2.99447e-24
3700	2.56493e-24
3800	2.20227e-24
3900	1.89513e-24
4000	1.63435e-24
4100	1.41234e-24
4200	1.22288e-24
4300	1.06079e-24
4400	9.21812e-25
4500	8.02379e-25
4600	6.9954e-25
4700	6.10829e-25
4800	5.34158e-25
4900	4.67768e-25
5000	4.10187e-25
5100	3.60157e-25
5200	3.16619e-25
5300	2.78678e-25
5400	2.45568e-25
5500	2.16633e-25
5600	1.91313e-25
5700	1.69126e-25
5800	1.49662e-25
5900	1.32564e-25
6000	1.17527e-25
6100	1.04287e-25
6200	9.26204e-26
6300	8.23291e-26
6400	7.32406e-26
6500	6.52065e-26
6600	5.80987e-26
6700	5.18038e-26
6800	4.62242e-26
6900	4.12739e-26
7000	3.68782e-26
7100	3.29724e-26
7200	2.94993e-26
7300	2.64086e-26
7400	2.36561e-26
7500	2.12033e-26
7600	1.90157e-26
7700	1.70634e-26
7800	1.53199e-26
7900	1.37619e-26
8000	1.23686e-26
8100	1.11218e-26
8200	1.00057e-26
8300	9.00601e-27
8400	8.11004e-27
8500	7.3067e-27
8600	6.58588e-27
8700	5.93881e-27
8800	5.3577e-27
8900	4.83549e-27
9000	4.36595e-27
9100	3.94365e-27
9200	3.56357e-27
9300	3.22134e-27
9400	2.91305e-27
9500	2.63524e-27
9600	2.38482e-27
9700	2.159e-27
9800	1.95526e-27
9900	1.77136e-27
10000	1.6053e-27
10100	1.4553e-27
10200	1.31977e-27
10300	1.19724e-27
10400	1.08642e-27
10500	9.86173e-28
10600	8.95443e-28
10700	8.13303e-28
10800	7.38896e-28
10900	6.7149e-28
11000	6.10408e-28
11100	5.55041e-28
11200	5.04839e-28
11300	4.59301e-28
11400	4.17985e-28
11500	3.80487e-28
11600	3.46443e-28
11700	3.15527e-28
11800	2.87443e-28
11900	2.61922e-28
12000	2.38726e-28
12100	2.17636e-28
12200	1.98456e-28
12300	1.81008e-28
12400	1.65131e-28
12500	1.50677e-28
12600	1.37518e-28
12700	1.25536e-28
12800	1.14624e-28
12900	1.04682e-28
13000	9.56223e-29
13100	8.73651e-29
13200	7.98382e-29
13300	7.2974e-29
13400	6.67135e-29
13500	6.10023e-29
13600	5.57905e-29
13700	5.10341e-29
13800	4.66918e-29
13900	4.27269e-29
14000	3.91057e-29
14100	3.57981e-29
14200	3.27759e-29
14300	3.0014e-29
14400	2.74894e-29
14500	2.51809e-29
14600	2.30701e-29
14700	2.11396e-29
14800	1.9374e-29
14900	1.77589e-29
15000	1.62809e-29
15100	1.49284e-29
15200	1.36903e-29
15300	1.25569e-29
15400	1.1519e-29
15500	1.05686e-29
15600	9.69794e-30
15700	8.90045e-30
15800	8.16965e-30
15900	7.49991e-30
16000	6.88608e-30
16100	6.32335e-30
16200	5.80742e-30
16300	5.33428e-30
16400	4.90036e-30
16500	4.5023e-30
16600	4.13709e-30
16700	3.80196e-30
16800	3.49436e-30
16900	3.21206e-30
17000	2.95291e-30
17100	2.715e-30
17200	2.49658e-30
17300	2.29598e-30
17400	2.11176e-30
17500	1.94256e-30
17600	1.7871e-30
17700	1.64429e-30
17800	1.51305e-30
17900	1.39245e-30
18000	1.28159e-30
18100	1.17969e-30
18200	1.08601e-30
18300	9.99867e-31
18400	9.20662e-31
18500	8.47811e-31
18600	7.80805e-31
18700	7.19172e-31
18800	6.62461e-31
18900	6.10285e-31
19000	5.62271e-31
19100	5.18084e-31
19200	4.7741e-31
19300	4.3997e-31
19400	4.05498e-31
19500	3.73755e-31
19600	3.44528e-31
19700	3.17615e-31
19800	2.9283e-31
19900	2.70001e-31
