0.735599	7.03882e-16
0.761075	7.55821e-16
0.786415	8.09415e-16
0.811677	8.64585e-16
0.836868	9.21316e-16
0.861995	9.7959e-16
0.886817	1.03912e-15
0.912154	1.10079e-15
0.936806	1.16311e-15
0.961955	1.22766e-15
0.986829	1.2934e-15
1.01145	1.36032e-15
1.03618	1.42988e-15
1.06068	1.49928e-15
1.08529	1.5704e-15
1.10968	1.64436e-15
1.13419	1.72009e-15
1.15849	1.79551e-15
1.18259	1.87384e-15
1.20652	1.95347e-15
1.23056	2.03313e-15
1.25444	2.11578e-15
1.27787	2.19926e-15
1.30143	2.2863e-15
1.32512	2.37329e-15
1.34839	2.46108e-15
1.3718	2.55252e-15
1.39481	2.64286e-15
1.41796	2.73689e-15
1.44074	2.83177e-15
1.46365	2.9284e-15
1.48646	3.02633e-15
1.50893	3.12508e-15
1.53153	3.22557e-15
1.55404	3.32734e-15
1.57623	3.43209e-15
1.59856	3.53641e-15
1.62081	3.64423e-15
1.64298	3.75336e-15
1.66485	3.86101e-15
1.68687	3.97269e-15
1.7086	4.08519e-15
1.73048	4.19944e-15
1.75209	4.31449e-15
1.77384	4.43129e-15
1.79533	4.54886e-15
1.81676	4.66769e-15
1.83833	4.78825e-15
1.85966	4.91212e-15
1.88094	5.0347e-15
1.90216	5.16112e-15
1.92335	5.28619e-15
1.94448	5.41513e-15
1.96558	5.54266e-15
1.98663	5.6741e-15
2.00746	5.80357e-15
2.02826	5.937e-15
2.04919	6.07216e-15
2.06992	6.20807e-15
2.09079	6.34287e-15
2.11145	6.48121e-15
2.13208	6.62076e-15
2.15268	6.76154e-15
2.17325	6.90352e-15
2.19363	7.0462e-15
2.21415	7.19059e-15
2.23464	7.33917e-15
2.25494	7.48546e-15
2.27522	7.63293e-15
2.29564	7.78208e-15
2.31588	7.935e-15
2.3361	8.086e-15
2.3563	8.23817e-15
2.37632	8.39416e-15
2.39634	8.54815e-15
2.41648	8.70701e-15
2.43646	8.86331e-15
2.45642	9.02401e-15
2.47637	9.1826e-15
2.4963	9.34562e-15
2.51622	9.50981e-15
2.53612	9.67516e-15
2.55587	9.83777e-15
2.57575	1.00054e-14
2.59548	1.01737e-14
2.6152	1.03431e-14
2.6349	1.05136e-14
2.6546	1.06818e-14
2.67429	1.08546e-14
2.69383	1.1028e-14
2.7139	1.12045e-14
2.73249	1.13765e-14
2.75228	1.15542e-14
2.77193	1.17362e-14
2.79143	1.19151e-14
2.8108	1.20946e-14
2.83004	1.22747e-14
2.85042	1.24643e-14
2.8694	1.26454e-14
2.88825	1.28271e-14
2.90822	1.30147e-14
2.92681	1.32013e-14
2.94652	1.33899e-14
2.9661	1.35829e-14
2.98555	1.37726e-14
3.00367	1.39614e-14
3.02288	1.41521e-14
3.04316	1.43526e-14
3.06212	1.45483e-14
3.08096	1.47406e-14
3.09969	1.49373e-14
3.11947	1.51399e-14
3.13797	1.53377e-14
3.1575	1.55373e-14
3.17692	1.57414e-14
3.19509	1.59406e-14
3.21428	1.61458e-14
3.23335	1.63514e-14
3.25232	1.65575e-14
3.27117	1.67641e-14
3.28992	1.69711e-14
3.30965	1.71841e-14
3.32818	1.73921e-14
3.34661	1.76005e-14
3.36601	1.78191e-14
3.38423	1.80285e-14
3.40342	1.82437e-14
3.42249	1.84594e-14
3.44147	1.86799e-14
3.46034	1.88964e-14
3.4791	1.91134e-14
3.49777	1.93352e-14
3.51634	1.95531e-14
3.53481	1.97758e-14
3.5542	1.99999e-14
3.57247	2.02235e-14
3.59166	2.04529e-14
3.60974	2.06728e-14
3.62873	2.09031e-14
3.64763	2.11338e-14
3.66642	2.13604e-14
3.68512	2.15919e-14
3.70372	2.18239e-14
3.72223	2.20562e-14
3.74065	2.22889e-14
3.75898	2.25174e-14
3.77722	2.27508e-14
3.79633	2.29949e-14
3.81439	2.32244e-14
3.83331	2.34645e-14
3.85214	2.37097e-14
3.87088	2.39506e-14
3.88859	2.41863e-14
3.90715	2.44279e-14
3.92563	2.46698e-14
3.94493	2.49224e-14
3.96323	2.5165e-14
3.98144	2.5408e-14
4.00048	2.56617e-14
4.01852	2.59053e-14
4.03738	2.61548e-14
4.05526	2.6404e-14
4.07395	2.66541e-14
4.09256	2.69095e-14
4.11108	2.71652e-14
4.12952	2.74163e-14
4.14787	2.76727e-14
4.16615	2.79244e-14
4.18434	2.81814e-14
4.20246	2.84387e-14
4.22135	2.87019e-14
4.23931	2.89598e-14
4.25804	2.92236e-14
4.27669	2.94877e-14
4.29442	2.97413e-14
4.31291	3.0006e-14
4.33132	3.02761e-14
4.34966	3.05361e-14
4.36792	3.08068e-14
4.3861	3.10726e-14
4.40503	3.13442e-14
4.42306	3.16105e-14
4.44102	3.1877e-14
4.45971	3.21547e-14
4.47752	3.24218e-14
4.49607	3.26947e-14
4.51453	3.29731e-14
4.53293	3.32465e-14
4.55124	3.35255e-14
4.56949	3.37993e-14
4.58766	3.40788e-14
4.60576	3.43531e-14
4.62379	3.4633e-14
4.64253	3.49134e-14
4.66042	3.51937e-14
4.67901	3.548e-14
4.69753	3.57664e-14
4.71521	3.6042e-14
4.73358	3.63288e-14
4.75189	3.66159e-14
4.77012	3.69032e-14
4.78829	3.71907e-14
4.80639	3.74784e-14
4.82517	3.77719e-14
4.84313	3.806e-14
4.86102	3.83482e-14
4.87959	3.86423e-14
4.89735	3.89309e-14
4.91578	3.9231e-14
4.93415	3.95255e-14
4.95244	3.98203e-14
4.97067	4.01209e-14
4.98883	4.0416e-14
5.00692	4.07112e-14
5.02495	4.10124e-14
5.04364	4.13135e-14
5.06154	4.1615e-14
5.08008	4.19164e-14
5.09786	4.22182e-14
5.11627	4.25257e-14
5.13462	4.28276e-14
5.15221	4.31298e-14
5.17043	4.34377e-14
5.18929	4.37456e-14
5.20738	4.40538e-14
5.22541	4.43621e-14
5.24338	4.46706e-14
5.26197	4.49848e-14
5.27982	4.52935e-14
5.29828	4.5608e-14
5.31601	4.59169e-14
5.33435	4.62315e-14
5.35263	4.65463e-14
5.37084	4.68672e-14
5.389	4.71821e-14
5.40709	4.74971e-14
5.42513	4.78123e-14
5.44376	4.81392e-14
5.46168	4.84544e-14
5.47953	4.87698e-14
5.49799	4.90969e-14
5.51638	4.94181e-14
5.53471	4.97454e-14
5.55233	5.0061e-14
5.57054	5.03884e-14
5.58869	5.07159e-14
5.60743	5.1043e-14
5.62547	5.13706e-14
5.64345	5.16983e-14
5.66201	5.20317e-14
5.67987	5.23595e-14
5.69831	5.2693e-14
5.71669	5.30265e-14
5.73438	5.33481e-14
5.75264	5.36817e-14
5.77085	5.40216e-14
5.789	5.43552e-14
5.8071	5.46889e-14
5.82575	5.50282e-14
5.84373	5.53618e-14
5.86227	5.57075e-14
5.88014	5.60412e-14
5.89857	5.63806e-14
5.91633	5.67206e-14
5.93464	5.706e-14
5.9529	5.74057e-14
5.97111	5.7745e-14
5.98925	5.80907e-14
6.00795	5.84357e-14
6.02598	5.87814e-14
6.04397	5.91271e-14
6.06249	5.94719e-14
6.08096	5.98232e-14
6.09878	6.01688e-14
6.11714	6.052e-14
6.13545	6.08712e-14
6.1537	6.12224e-14
6.1719	6.15735e-14
6.19004	6.19246e-14
6.20871	6.22813e-14
6.22675	6.26323e-14
6.24473	6.29832e-14
6.26324	6.33397e-14
6.2817	6.36961e-14
6.29952	6.40468e-14
6.31787	6.44164e-14
6.33617	6.4786e-14
6.35441	6.51555e-14
6.37317	6.54638e-14
6.39131	6.58331e-14
6.4094	6.62024e-14
6.42799	6.65772e-14
6.44598	6.69464e-14
6.46447	6.73211e-14
6.48291	6.76958e-14
6.5013	6.80027e-14
6.51964	6.83771e-14
6.53792	6.87514e-14
6.55615	6.91257e-14
6.57434	6.94998e-14
6.59247	6.98739e-14
6.6111	7.02535e-14
6.62913	7.06274e-14
6.64766	7.10067e-14
6.66614	7.1386e-14
6.68456	7.16964e-14
6.70294	7.20754e-14
6.72126	7.24542e-14
6.73954	7.28329e-14
6.75776	7.32114e-14
6.77647	7.35955e-14
6.7946	7.39738e-14
6.81321	7.43575e-14
6.83176	7.47411e-14
6.84974	7.5119e-14
6.8682	7.55023e-14
6.88661	7.58854e-14
6.90497	7.62684e-14
6.92329	7.66512e-14
6.94207	7.70394e-14
6.96029	7.74219e-14
6.97897	7.78098e-14
6.99709	7.81919e-14
7.01568	7.85794e-14
7.03422	7.89667e-14
7.05271	7.93539e-14
7.07115	7.97408e-14
7.08954	8.01275e-14
7.10789	8.0514e-14
7.12669	8.09059e-14
7.14494	8.1292e-14
7.16365	8.16834e-14
7.18181	8.20691e-14
7.20042	8.24601e-14
7.21898	8.28508e-14
7.2375	8.32413e-14
7.25597	8.36316e-14
7.27439	8.40216e-14
7.29327	8.4417e-14
7.3116	8.48065e-14
7.33037	8.52014e-14
7.3491	8.56683e-14
7.36729	8.60571e-14
7.38593	8.64513e-14
7.40452	8.68451e-14
7.42306	8.72387e-14
7.44204	8.76375e-14
7.46049	8.80306e-14
7.47889	8.84233e-14
7.49773	8.88213e-14
7.51604	8.92135e-14
7.53479	8.96841e-14
7.55349	9.00813e-14
7.57215	9.04781e-14
7.59076	9.08747e-14
7.60932	9.12709e-14
7.62831	9.16723e-14
7.64678	9.20679e-14
7.66521	9.25371e-14
7.68407	9.29376e-14
7.70287	9.33378e-14
7.72164	9.37377e-14
7.74035	9.41372e-14
7.75902	9.46107e-14
7.77765	9.50096e-14
7.79623	9.54081e-14
7.81524	9.58118e-14
7.83373	9.62096e-14
7.85264	9.66873e-14
7.8715	9.709e-14
7.88987	9.74868e-14
7.90864	9.78887e-14
7.92783	9.82957e-14
7.94652	9.8772e-14
7.96516	9.91728e-14
7.98421	9.95787e-14
8.00277	9.99788e-14
8.02173	1.00459e-13
8.04065	1.00864e-13
8.05907	1.01263e-13
8.0779	1.01667e-13
8.09714	1.02152e-13
8.11588	1.02555e-13
8.13458	1.02958e-13
8.15368	1.03442e-13
8.17229	1.03844e-13
8.1913	1.04251e-13
8.21027	1.04734e-13
8.22919	1.0514e-13
8.24807	1.05545e-13
8.26691	1.05951e-13
8.28571	1.06432e-13
8.3049	1.06842e-13
8.3236	1.07246e-13
8.34271	1.07732e-13
8.36176	1.0814e-13
8.38078	1.08626e-13
8.39975	1.09033e-13
8.41868	1.0944e-13
8.43756	1.09924e-13
8.45683	1.10336e-13
8.47563	1.10742e-13
8.49482	1.1123e-13
8.51438	1.11646e-13
8.53136	1.12106e-13
8.55254	1.12542e-13
8.56944	1.12924e-13
8.59052	1.13437e-13
8.60735	1.13818e-13
8.62834	1.1433e-13
8.64927	1.14764e-13
8.66599	1.15143e-13
8.68683	1.15654e-13
8.70348	1.16033e-13
8.72423	1.16542e-13
8.74494	1.16974e-13
8.76147	1.17429e-13
8.78209	1.17859e-13
8.79855	1.18314e-13
8.81909	1.18743e-13
8.83957	1.1925e-13
8.86001	1.19677e-13
8.87633	1.2013e-13
8.89668	1.20557e-13
8.91699	1.21062e-13
8.9332	1.21435e-13
8.95343	1.21939e-13
8.97361	1.22363e-13
8.99374	1.22866e-13
9.01383	1.2329e-13
9.02987	1.23739e-13
9.04988	1.24161e-13
9.06984	1.24662e-13
9.08976	1.25083e-13
9.10964	1.25583e-13
9.12947	1.26003e-13
9.14926	1.26502e-13
9.16506	1.26948e-13
9.18478	1.27366e-13
9.20445	1.27863e-13
9.22408	1.2828e-13
9.24367	1.28776e-13
9.26321	1.29272e-13
9.28272	1.29687e-13
9.30218	1.30182e-13
9.32161	1.30595e-13
9.34099	1.31089e-13
9.36034	1.31582e-13
9.37964	1.31993e-13
9.3989	1.32485e-13
9.41813	1.32977e-13
9.43731	1.33386e-13
9.46029	1.33929e-13
9.47939	1.34418e-13
9.49845	1.34826e-13
9.51747	1.35314e-13
9.53646	1.35802e-13
9.5554	1.36208e-13
9.57431	1.36695e-13
9.59696	1.37233e-13
9.61579	1.37636e-13
9.63458	1.38121e-13
9.65333	1.38605e-13
9.67579	1.39059e-13
9.69447	1.39542e-13
9.71311	1.40024e-13
9.73171	1.40505e-13
9.75399	1.40956e-13
9.77252	1.41436e-13
9.79101	1.41916e-13
9.81315	1.42447e-13
9.83156	1.42843e-13
9.84994	1.4332e-13
9.87196	1.43849e-13
9.89026	1.44325e-13
9.91218	1.44853e-13
9.93041	1.45245e-13
9.94861	1.4572e-13
9.9704	1.46245e-13
9.98853	1.46717e-13
10.0102	1.47241e-13
10.0283	1.4763e-13
10.0499	1.48152e-13
10.0679	1.48623e-13
10.0894	1.49143e-13
10.1109	1.49663e-13
10.1288	1.50131e-13
10.1502	1.5065e-13
10.168	1.51034e-13
10.1893	1.51551e-13
10.2106	1.52067e-13
10.2283	1.52531e-13
10.2495	1.53046e-13
10.2707	1.5356e-13
10.2883	1.54022e-13
10.3093	1.54535e-13
10.3304	1.55047e-13
10.3479	1.55423e-13
10.3688	1.55933e-13
10.3897	1.56443e-13
10.4106	1.56951e-13
10.4279	1.57408e-13
10.4487	1.57915e-13
10.4695	1.58421e-13
10.4902	1.58927e-13
10.5109	1.59431e-13
10.5315	1.59935e-13
10.5521	1.60438e-13
10.5692	1.6089e-13
10.5897	1.61391e-13
10.6102	1.61891e-13
10.6307	1.62391e-13
10.651	1.6289e-13
10.6714	1.63388e-13
10.6917	1.63885e-13
10.712	1.64381e-13
10.7323	1.64877e-13
10.7525	1.65372e-13
10.7726	1.65865e-13
10.7928	1.66358e-13
10.8128	1.6685e-13
10.8363	1.67476e-13
10.8555	1.67956e-13
10.8747	1.68433e-13
10.8972	1.6896e-13
10.9163	1.69435e-13
10.9386	1.69959e-13
10.9609	1.70482e-13
10.9831	1.71004e-13
11.002	1.7139e-13
11.0241	1.71909e-13
11.0461	1.72428e-13
11.0682	1.72946e-13
11.0902	1.73463e-13
11.1121	1.73979e-13
11.1341	1.74409e-13
11.1559	1.74923e-13
11.1777	1.75435e-13
11.1995	1.75948e-13
11.2212	1.76373e-13
11.2462	1.76933e-13
11.2678	1.77441e-13
11.2894	1.77864e-13
11.3142	1.7842e-13
11.3357	1.78926e-13
11.3603	1.79393e-13
11.3817	1.79897e-13
11.4063	1.80363e-13
11.4276	1.80864e-13
11.4521	1.81328e-13
11.4764	1.81875e-13
11.4977	1.82288e-13
11.5219	1.82833e-13
11.5462	1.83292e-13
11.5703	1.83835e-13
11.5945	1.84291e-13
11.6186	1.84832e-13
11.6426	1.85285e-13
11.6666	1.85738e-13
11.6905	1.86275e-13
11.7144	1.86725e-13
11.7382	1.8726e-13
11.762	1.87707e-13
11.7888	1.88201e-13
11.8124	1.88732e-13
11.836	1.89175e-13
11.8627	1.89666e-13
11.8862	1.90193e-13
11.9127	1.90679e-13
11.9361	1.91118e-13
11.9625	1.91603e-13
11.9858	1.92125e-13
12.0121	1.92606e-13
12.0383	1.93086e-13
12.0645	1.93653e-13
12.0877	1.94084e-13
12.1137	1.9456e-13
12.1397	1.95034e-13
12.1656	1.95507e-13
12.1915	1.96066e-13
12.2174	1.96537e-13
12.2431	1.97006e-13
12.2689	1.97474e-13
12.2975	1.97986e-13
12.3231	1.98538e-13
12.3487	1.99002e-13
12.3742	1.99464e-13
12.4026	1.99971e-13
12.428	2.0043e-13
12.4562	2.00933e-13
12.4815	2.0139e-13
12.5095	2.01977e-13
12.5348	2.02431e-13
12.5628	2.02928e-13
12.5879	2.0338e-13
12.6158	2.03874e-13
12.6436	2.04367e-13
12.6714	2.04859e-13
12.699	2.05348e-13
12.7267	2.05836e-13
12.7543	2.06323e-13
12.7819	2.06898e-13
12.8093	2.07381e-13
12.8368	2.07864e-13
12.8641	2.08344e-13
12.8915	2.08824e-13
12.9187	2.09302e-13
12.9487	2.09822e-13
12.9758	2.10296e-13
13.0057	2.10814e-13
13.0328	2.11286e-13
13.0625	2.11799e-13
13.0895	2.12269e-13
13.1191	2.12779e-13
13.1459	2.13245e-13
13.1755	2.13753e-13
13.2049	2.14259e-13
13.2343	2.14764e-13
13.2637	2.15267e-13
13.2902	2.15725e-13
13.3195	2.16225e-13
13.3486	2.16722e-13
13.3804	2.17261e-13
13.4095	2.17756e-13
13.4384	2.18249e-13
13.4674	2.18741e-13
13.4963	2.19231e-13
13.5277	2.19761e-13
13.5565	2.20248e-13
13.5878	2.20774e-13
13.6164	2.21258e-13
13.6477	2.21691e-13
13.6762	2.2217e-13
13.7073	2.22691e-13
13.7384	2.2321e-13
13.7693	2.23726e-13
13.7976	2.242e-13
13.8284	2.24712e-13
13.8593	2.25224e-13
13.8899	2.25733e-13
13.9232	2.26281e-13
13.9537	2.26696e-13
13.9843	2.27201e-13
14.0147	2.27703e-13
14.0451	2.28202e-13
14.078	2.28742e-13
14.1083	2.29239e-13
14.141	2.29774e-13
14.1711	2.30268e-13
14.2038	2.30708e-13
14.2363	2.31237e-13
14.2688	2.31765e-13
14.2987	2.32252e-13
14.331	2.32775e-13
14.3632	2.33297e-13
14.3954	2.33725e-13
14.4276	2.34244e-13
14.4621	2.34799e-13
14.4941	2.35313e-13
14.526	2.35826e-13
14.5578	2.36336e-13
14.5921	2.3679e-13
14.6238	2.37298e-13
14.6579	2.3784e-13
14.6895	2.38343e-13
14.7234	2.38882e-13
14.7573	2.39419e-13
14.791	2.39861e-13
14.8248	2.40395e-13
14.856	2.40887e-13
14.8896	2.41416e-13
14.9255	2.41981e-13
14.9589	2.42411e-13
14.9922	2.42934e-13
15.0256	2.43456e-13
15.0611	2.4401e-13
15.0942	2.44527e-13
15.1297	2.44985e-13
15.1626	2.45498e-13
15.1979	2.46045e-13
15.2331	2.4659e-13
15.2659	2.47096e-13
15.3009	2.47543e-13
15.3358	2.48081e-13
15.3707	2.48618e-13
15.4078	2.49188e-13
15.4425	2.49625e-13
15.4771	2.50155e-13
15.5117	2.50682e-13
15.5485	2.51244e-13
15.5829	2.51767e-13
15.6195	2.52229e-13
15.6537	2.52747e-13
15.6902	2.533e-13
15.7265	2.5385e-13
15.7628	2.54396e-13
15.799	2.54848e-13
15.8351	2.5539e-13
15.8711	2.55931e-13
15.9071	2.5647e-13
15.9452	2.5704e-13
15.981	2.57478e-13
16.0189	2.58045e-13
16.0545	2.58574e-13
16.0923	2.59135e-13
16.1278	2.59564e-13
16.1653	2.6012e-13
16.2028	2.60674e-13
16.2403	2.61227e-13
16.2775	2.61775e-13
16.3148	2.62226e-13
16.3542	2.62805e-13
16.3912	2.63346e-13
16.4281	2.63885e-13
16.4673	2.64457e-13
16.5062	2.64929e-13
16.5429	2.65461e-13
16.5818	2.66025e-13
16.6205	2.66586e-13
16.659	2.67143e-13
16.6976	2.67603e-13
16.736	2.68156e-13
16.7744	2.68707e-13
16.8148	2.69288e-13
16.8529	2.69834e-13
16.8931	2.70313e-13
16.9311	2.70854e-13
16.9711	2.71424e-13
17.011	2.71992e-13
17.0508	2.72557e-13
17.0907	2.73024e-13
17.1302	2.73583e-13
17.1698	2.7414e-13
17.2092	2.74695e-13
17.2507	2.75281e-13
17.2899	2.75732e-13
17.3311	2.76311e-13
17.3702	2.76855e-13
17.4112	2.77428e-13
17.4522	2.77999e-13
17.4931	2.7847e-13
17.5339	2.79035e-13
17.5765	2.79628e-13
17.617	2.80188e-13
17.6575	2.80745e-13
17.6999	2.8133e-13
17.7403	2.81785e-13
17.7824	2.82365e-13
17.8245	2.82942e-13
17.8665	2.83516e-13
17.9084	2.84087e-13
17.9501	2.84556e-13
17.9938	2.85152e-13
18.0354	2.85715e-13
18.0789	2.86306e-13
18.1203	2.86863e-13
18.1635	2.87447e-13
18.2067	2.88029e-13
18.2497	2.88509e-13
18.2927	2.89084e-13
18.3356	2.89657e-13
18.3783	2.90228e-13
18.423	2.90826e-13
18.4656	2.9139e-13
18.51	2.91881e-13
18.5542	2.92469e-13
18.5965	2.93025e-13
18.6406	2.93607e-13
18.6864	2.94215e-13
18.7303	2.94791e-13
18.774	2.95364e-13
18.8195	2.95961e-13
18.863	2.96428e-13
18.9084	2.97021e-13
18.9536	2.9761e-13
18.9987	2.98197e-13
19.0437	2.9878e-13
19.0886	2.99361e-13
19.1353	2.99967e-13
19.18	3.00541e-13
19.2264	3.01039e-13
19.2728	3.01636e-13
19.3171	3.02201e-13
19.3633	3.02791e-13
19.4111	3.03406e-13
19.457	3.0399e-13
19.5027	3.04568e-13
19.5502	3.05173e-13
19.5976	3.05775e-13
19.643	3.06346e-13
19.6902	3.06941e-13
19.7372	3.07432e-13
19.786	3.08048e-13
19.8327	3.08632e-13
19.8812	3.09241e-13
19.9278	3.0982e-13
19.9761	3.10423e-13
20.0243	3.11022e-13
20.0723	3.11618e-13
20.1202	3.12211e-13
20.1679	3.12799e-13
20.2174	3.13411e-13
20.265	3.13995e-13
20.3142	3.14601e-13
20.3633	3.15203e-13
20.4123	3.15802e-13
20.4612	3.16398e-13
20.5116	3.17014e-13
20.5602	3.17603e-13
20.6105	3.18216e-13
20.6606	3.18823e-13
20.7106	3.19428e-13
20.7605	3.20029e-13
20.8102	3.20624e-13
20.8615	3.21244e-13
20.911	3.21834e-13
20.9622	3.22448e-13
21.0132	3.23056e-13
21.0639	3.2366e-13
21.1147	3.24261e-13
21.167	3.24885e-13
21.2174	3.25479e-13
21.2695	3.26096e-13
21.3215	3.26708e-13
21.3731	3.27315e-13
21.4248	3.2792e-13
21.4763	3.28522e-13
21.5294	3.29144e-13
21.5824	3.29764e-13
21.6351	3.30377e-13
21.6878	3.30988e-13
21.7403	3.31596e-13
21.7928	3.322e-13
21.8467	3.32824e-13
21.8988	3.33419e-13
21.9525	3.34036e-13
22.0077	3.34673e-13
22.0611	3.35282e-13
22.1142	3.35886e-13
22.169	3.36617e-13
22.2237	3.37238e-13
22.2782	3.37856e-13
22.3325	3.3847e-13
22.3866	3.39078e-13
22.4423	3.39707e-13
22.4963	3.40311e-13
22.5517	3.40932e-13
22.6086	3.41573e-13
22.6636	3.4229e-13
22.7186	3.429e-13
22.7751	3.4353e-13
22.8314	3.44155e-13
22.8874	3.44774e-13
22.9434	3.45391e-13
23.0009	3.46026e-13
23.0567	3.46636e-13
23.1137	3.47368e-13
23.1707	3.47991e-13
23.2276	3.48611e-13
23.2858	3.49248e-13
23.3425	3.4986e-13
23.4003	3.50488e-13
23.4582	3.5122e-13
23.5159	3.51841e-13
23.5749	3.52479e-13
23.6338	3.53113e-13
23.691	3.53722e-13
23.7511	3.54477e-13
23.8096	3.55099e-13
23.8678	3.55715e-13
23.9276	3.56351e-13
23.9871	3.56982e-13
24.0465	3.57716e-13
24.1056	3.58337e-13
24.1661	3.58977e-13
24.2266	3.59613e-13
24.2869	3.60351e-13
24.3468	3.60976e-13
24.4083	3.61619e-13
24.4681	3.62237e-13
24.5293	3.62981e-13
24.5902	3.63611e-13
24.6524	3.64255e-13
24.713	3.64877e-13
24.775	3.65623e-13
24.8368	3.66256e-13
24.8998	3.66904e-13
24.9613	3.67637e-13
25.024	3.68277e-13
25.0866	3.68913e-13
25.1489	3.69651e-13
25.2127	3.70298e-13
25.2763	3.70941e-13
25.3383	3.71667e-13
25.4027	3.72318e-13
25.4658	3.72947e-13
25.5302	3.73701e-13
25.5944	3.7434e-13
25.6583	3.74975e-13
25.7234	3.75732e-13
25.7885	3.76377e-13
25.8534	3.77018e-13
25.9181	3.77763e-13
25.9825	3.78392e-13
26.0483	3.79037e-13
26.1139	3.79788e-13
26.1808	3.80444e-13
26.2459	3.81183e-13
26.3124	3.81829e-13
26.3787	3.8247e-13
26.4462	3.83235e-13
26.5121	3.83865e-13
26.5792	3.8462e-13
26.6462	3.85261e-13
26.7143	3.86025e-13
26.7808	3.86654e-13
26.8472	3.87391e-13
26.9136	3.88013e-13
26.9797	3.8863e-13
27.0587	3.89532e-13
27.1245	3.90138e-13
27.1902	3.90851e-13
27.2557	3.9145e-13
27.334	3.92333e-13
27.399	3.92918e-13
27.464	3.93613e-13
27.5417	3.94368e-13
27.6064	3.95054e-13
27.6836	3.95797e-13
27.7479	3.96472e-13
27.8249	3.97206e-13
27.8888	3.97872e-13
27.9654	3.98595e-13
28.029	3.99251e-13
28.1052	4.00076e-13
28.1812	4.00784e-13
28.2442	4.01424e-13
28.3198	4.02122e-13
28.3953	4.02925e-13
28.4705	4.03611e-13
28.5453	4.04402e-13
28.6077	4.05021e-13
28.6823	4.05691e-13
28.7568	4.06469e-13
28.8311	4.07129e-13
28.905	4.07893e-13
28.9789	4.08655e-13
29.0526	4.09298e-13
29.1262	4.1005e-13
29.2115	4.10958e-13
29.2846	4.11585e-13
29.3575	4.1232e-13
29.4303	4.1305e-13
29.5027	4.13659e-13
29.5872	4.14542e-13
29.6594	4.15256e-13
29.7314	4.15851e-13
29.815	4.16712e-13
29.8866	4.17411e-13
29.97	4.18151e-13
30.0413	4.18838e-13
30.124	4.19676e-13
30.1949	4.20354e-13
30.2774	4.21069e-13
30.3598	4.21893e-13
30.4299	4.22552e-13
30.5118	4.23364e-13
30.5934	4.24056e-13
30.6748	4.24856e-13
30.7561	4.2565e-13
30.8254	4.26284e-13
30.9062	4.26953e-13
30.9868	4.2773e-13
31.0672	4.28501e-13
31.1472	4.29264e-13
31.2387	4.30176e-13
31.3184	4.30929e-13
31.3979	4.31563e-13
31.4771	4.32303e-13
31.5562	4.3304e-13
31.6464	4.33918e-13
31.7252	4.34645e-13
31.8036	4.35362e-13
31.8931	4.36222e-13
31.9712	4.36815e-13
32.0602	4.37662e-13
32.1379	4.38359e-13
32.2264	4.39192e-13
32.3036	4.39878e-13
32.3918	4.407e-13
32.4796	4.41517e-13
32.5671	4.42324e-13
32.6436	4.42987e-13
32.7308	4.43786e-13
32.8178	4.44577e-13
32.9043	4.4536e-13
32.9908	4.46139e-13
33.0771	4.46912e-13
33.1633	4.4768e-13
33.2491	4.48441e-13
33.3345	4.49193e-13
33.4306	4.50078e-13
33.5157	4.5082e-13
33.6006	4.51555e-13
33.6958	4.52419e-13
33.7803	4.53142e-13
33.8645	4.5386e-13
33.9591	4.54705e-13
34.0427	4.55408e-13
34.1368	4.5624e-13
34.2307	4.57066e-13
34.3138	4.57753e-13
34.4069	4.58562e-13
34.5	4.59367e-13
34.5928	4.60166e-13
34.6854	4.60959e-13
34.7775	4.61859e-13
34.8696	4.62638e-13
34.9614	4.6341e-13
35.053	4.64175e-13
35.1441	4.64932e-13
35.2353	4.65685e-13
35.3262	4.66431e-13
35.4269	4.67415e-13
35.517	4.68145e-13
35.6072	4.68871e-13
35.7071	4.69715e-13
35.7968	4.7043e-13
35.896	4.71376e-13
35.9951	4.72199e-13
36.084	4.72892e-13
36.1826	4.73702e-13
36.2807	4.7462e-13
36.3789	4.75417e-13
36.4766	4.76205e-13
36.5742	4.77105e-13
36.6712	4.77876e-13
36.7682	4.78643e-13
36.865	4.79405e-13
36.9613	4.80275e-13
37.0575	4.81021e-13
37.1631	4.81879e-13
37.2588	4.8273e-13
37.3542	4.83455e-13
37.4589	4.8429e-13
37.5539	4.85121e-13
37.658	4.85942e-13
37.7617	4.86872e-13
37.856	4.87564e-13
37.9594	4.88363e-13
38.0622	4.89271e-13
38.165	4.90055e-13
38.2675	4.90951e-13
38.3697	4.9172e-13
38.4716	4.926e-13
38.5733	4.93355e-13
38.6839	4.94214e-13
38.7848	4.95071e-13
38.8857	4.95803e-13
38.9956	4.9676e-13
39.0957	4.97475e-13
39.2048	4.98415e-13
39.3046	4.99119e-13
39.4132	5.00044e-13
39.5213	5.0096e-13
39.6293	5.01749e-13
39.737	5.02651e-13
39.8442	5.03422e-13
39.9513	5.04308e-13
40.0582	5.05068e-13
40.1645	5.05936e-13
40.2707	5.068e-13
40.3855	5.07641e-13
40.4912	5.08489e-13
40.6053	5.09312e-13
40.7104	5.10146e-13
40.8239	5.11075e-13
40.9282	5.11769e-13
41.0413	5.12684e-13
41.1539	5.13589e-13
41.266	5.14362e-13
41.378	5.15252e-13
41.4897	5.16133e-13
41.601	5.17005e-13
41.7122	5.17749e-13
41.8315	5.18707e-13
41.9418	5.19553e-13
42.052	5.20395e-13
42.1705	5.21207e-13
42.2883	5.22129e-13
42.3976	5.22946e-13
42.515	5.23854e-13
42.6318	5.2475e-13
42.7487	5.25521e-13
42.8652	5.26403e-13
42.981	5.27275e-13
43.0969	5.28141e-13
43.2125	5.29001e-13
43.3357	5.29942e-13
43.4505	5.30784e-13
43.5733	5.31711e-13
43.6873	5.32411e-13
43.8095	5.33322e-13
43.9309	5.34221e-13
44.0523	5.35114e-13
44.1653	5.35906e-13
44.286	5.3678e-13
44.4144	5.37739e-13
44.5345	5.38598e-13
44.654	5.39445e-13
44.7735	5.40288e-13
44.9003	5.41208e-13
45.0191	5.42033e-13
45.1454	5.42938e-13
45.2712	5.43832e-13
45.397	5.44721e-13
45.522	5.45597e-13
45.647	5.46466e-13
45.7716	5.47451e-13
45.8957	5.48301e-13
46.0197	5.49145e-13
46.1507	5.50063e-13
46.274	5.50889e-13
46.4047	5.51793e-13
46.527	5.52598e-13
46.6569	5.53606e-13
46.7862	5.54479e-13
46.9155	5.55347e-13
47.044	5.56201e-13
47.1725	5.57049e-13
47.3081	5.58095e-13
47.4357	5.58924e-13
47.5631	5.59744e-13
47.6974	5.60636e-13
47.8317	5.61646e-13
47.9577	5.62436e-13
48.0911	5.63302e-13
48.2239	5.6428e-13
48.3568	5.65129e-13
48.4961	5.66044e-13
48.6281	5.66997e-13
48.7594	5.67813e-13
48.898	5.68704e-13
49.0362	5.69708e-13
49.1663	5.70495e-13
49.3038	5.71357e-13
49.4406	5.72329e-13
49.5771	5.7317e-13
49.7131	5.74123e-13
49.8562	5.75024e-13
49.9914	5.75958e-13
50.1336	5.76837e-13
50.2682	5.77753e-13
50.4093	5.78609e-13
50.5503	5.79583e-13
50.6907	5.8042e-13
50.831	5.81376e-13
50.9706	5.82192e-13
51.117	5.83202e-13
51.256	5.84e-13
51.4016	5.84989e-13
51.5396	5.85892e-13
51.6844	5.86736e-13
51.8287	5.87693e-13
51.9724	5.88639e-13
52.116	5.89452e-13
52.2659	5.90451e-13
52.4087	5.9137e-13
52.5576	5.92222e-13
52.6997	5.93121e-13
52.8478	5.94077e-13
52.9955	5.94898e-13
53.1431	5.95838e-13
53.2966	5.96834e-13
53.4433	5.97751e-13
53.5895	5.98532e-13
53.7417	5.99495e-13
53.8938	6.00451e-13
54.0452	6.01394e-13
54.1963	6.02327e-13
54.3471	6.03251e-13
54.4972	6.04036e-13
54.6474	6.04941e-13
54.8031	6.05898e-13
54.9584	6.06844e-13
55.1138	6.07784e-13
55.2618	6.08642e-13
55.4223	6.09622e-13
55.5763	6.10529e-13
55.7295	6.11421e-13
55.8885	6.12368e-13
56.0413	6.13244e-13
56.1995	6.14168e-13
56.3573	6.15082e-13
56.5151	6.1599e-13
56.6783	6.16945e-13
56.8347	6.17826e-13
56.9971	6.18761e-13
57.153	6.19623e-13
57.3143	6.20534e-13
57.4754	6.21435e-13
57.6361	6.22453e-13
57.8022	6.23392e-13
57.9619	6.2426e-13
58.1271	6.25176e-13
58.2922	6.26084e-13
58.4505	6.26919e-13
58.6204	6.27988e-13
58.7838	6.28859e-13
58.9472	6.29723e-13
59.1156	6.30631e-13
59.2836	6.31654e-13
59.4453	6.32481e-13
59.6183	6.33414e-13
59.785	6.34403e-13
59.9514	6.35257e-13
60.123	6.36154e-13
60.2883	6.37109e-13
60.4589	6.37983e-13
60.629	6.38844e-13
60.8046	6.3988e-13
60.9741	6.40722e-13
61.1486	6.41732e-13
61.317	6.42548e-13
61.4905	6.43534e-13
61.6635	6.44382e-13
61.8419	6.45402e-13
62.014	6.46225e-13
62.1914	6.47221e-13
62.3685	6.48079e-13
62.5448	6.49049e-13
62.7207	6.49881e-13
62.896	6.50827e-13
63.0764	6.51814e-13
63.2509	6.5261e-13
63.4303	6.53574e-13
63.6094	6.54399e-13
63.7934	6.55391e-13
63.9712	6.56317e-13
64.1544	6.57159e-13
64.3368	6.58113e-13
64.5188	6.59056e-13
64.7002	6.59986e-13
64.8811	6.60776e-13
65.0671	6.61734e-13
65.252	6.62674e-13
65.437	6.63606e-13
65.6213	6.64525e-13
65.805	6.6543e-13
65.9938	6.66249e-13
66.1819	6.6718e-13
66.3696	6.681e-13
66.5566	6.69005e-13
66.7431	6.69898e-13
66.9342	6.70825e-13
67.1249	6.71741e-13
67.3153	6.72646e-13
67.505	6.73537e-13
67.6993	6.74463e-13
67.8881	6.75329e-13
68.081	6.76225e-13
68.2739	6.77114e-13
68.4713	6.78035e-13
68.6631	6.78897e-13
68.859	6.79788e-13
69.0547	6.8067e-13
69.25	6.81667e-13
69.4442	6.82519e-13
69.6436	6.83409e-13
69.8422	6.84283e-13
70.04	6.85143e-13
70.2375	6.85991e-13
70.4397	6.87e-13
70.6407	6.87864e-13
70.8415	6.88717e-13
71.0415	6.89681e-13
71.2412	6.90507e-13
71.4451	6.91363e-13
71.6486	6.92333e-13
71.8513	6.93161e-13
72.0537	6.93977e-13
72.2602	6.94949e-13
72.4664	6.95781e-13
72.6717	6.96725e-13
72.8767	6.9753e-13
73.0857	6.98489e-13
73.2944	6.99309e-13
73.5023	7.00241e-13
73.7093	7.01029e-13
73.9213	7.01978e-13
74.1271	7.02739e-13
74.3422	7.03698e-13
74.5521	7.04476e-13
74.7612	7.05365e-13
74.9743	7.06279e-13
75.187	7.07055e-13
75.404	7.07986e-13
75.6154	7.08859e-13
75.8308	7.09631e-13
76.0457	7.10516e-13
76.2645	7.11426e-13
76.4782	7.12283e-13
76.6962	7.13041e-13
76.9134	7.13909e-13
77.1343	7.148e-13
77.3548	7.15679e-13
77.5745	7.1654e-13
77.7937	7.17389e-13
78.0122	7.18222e-13
78.2347	7.1908e-13
78.4567	7.19924e-13
78.6823	7.20663e-13
78.903	7.21477e-13
79.1273	7.22439e-13
79.3508	7.23258e-13
79.5783	7.24101e-13
79.8054	7.24931e-13
80.0317	7.25745e-13
80.2575	7.26544e-13
80.4867	7.27364e-13
80.7155	7.28169e-13
80.9438	7.28961e-13
81.1708	7.29858e-13
81.4022	7.30656e-13
81.6327	7.31437e-13
81.8667	7.32236e-13
82.0961	7.32988e-13
82.329	7.33885e-13
82.5653	7.34674e-13
82.797	7.35415e-13
83.032	7.36299e-13
83.2662	7.37041e-13
83.5044	7.37931e-13
83.7416	7.38677e-13
83.9787	7.39412e-13
84.2143	7.40251e-13
84.4416	7.40887e-13
84.693	7.41833e-13
84.9434	7.42635e-13
85.1934	7.43547e-13
85.4007	7.43982e-13
85.6497	7.44868e-13
85.8976	7.45733e-13
86.1444	7.46454e-13
86.3908	7.47287e-13
86.6365	7.48103e-13
86.8813	7.48776e-13
87.1256	7.49561e-13
87.3693	7.5033e-13
87.6122	7.51083e-13
87.8543	7.51693e-13
88.0959	7.52414e-13
88.3771	7.53435e-13
88.6173	7.54124e-13
88.8568	7.54797e-13
89.095	7.55449e-13
89.373	7.56275e-13
89.61	7.56897e-13
89.8469	7.57508e-13
90.1226	7.58408e-13
90.3576	7.58982e-13
90.6317	7.59848e-13
90.8651	7.60389e-13
91.1377	7.61344e-13
91.4095	7.62157e-13
91.6412	7.62653e-13
91.911	7.63429e-13
92.1804	7.64191e-13
92.4104	7.64642e-13
92.6779	7.65366e-13
92.9451	7.66202e-13
93.211	7.66892e-13
93.4762	7.67565e-13
93.7406	7.68344e-13
94.0045	7.68985e-13
94.2674	7.69607e-13
94.5295	7.70335e-13
94.7912	7.70925e-13
95.0518	7.7162e-13
95.312	7.72177e-13
95.5713	7.72715e-13
95.8668	7.73634e-13
96.1247	7.74139e-13
96.3817	7.7475e-13
96.675	7.75616e-13
96.9307	7.76071e-13
97.222	7.76898e-13
97.4756	7.77315e-13
97.7292	7.77843e-13
98.0184	7.78619e-13
98.306	7.79371e-13
98.5575	7.79727e-13
98.844	7.80447e-13
99.1293	7.81147e-13
99.3785	7.81574e-13
99.6626	7.8224e-13
99.9456	7.82765e-13
100.228	7.83396e-13
100.509	7.84006e-13
100.79	7.84601e-13
101.07	7.85175e-13
101.349	7.85735e-13
101.627	7.86272e-13
101.905	7.86799e-13
102.182	7.87301e-13
102.458	7.87791e-13
102.767	7.88622e-13
103.042	7.89077e-13
103.315	7.89509e-13
103.623	7.90167e-13
103.894	7.90564e-13
104.199	7.91179e-13
104.471	7.91668e-13
104.774	7.92246e-13
105.042	7.92573e-13
105.345	7.93239e-13
105.645	7.93762e-13
105.912	7.94158e-13
106.211	7.94644e-13
106.51	7.95115e-13
106.807	7.95684e-13
107.104	7.96113e-13
107.399	7.96645e-13
107.694	7.97156e-13
107.988	7.97532e-13
108.282	7.98012e-13
108.574	7.98351e-13
108.866	7.98789e-13
109.156	7.9921e-13
109.447	7.99496e-13
109.768	8.00094e-13
110.056	8.00456e-13
110.343	8.00805e-13
110.662	8.01347e-13
110.948	8.01658e-13
111.265	8.02044e-13
111.549	8.02316e-13
111.864	8.0278e-13
112.178	8.03227e-13
112.491	8.03649e-13
112.772	8.03852e-13
113.083	8.04238e-13
113.394	8.04603e-13
113.704	8.04954e-13
114.012	8.054e-13
114.32	8.05708e-13
114.627	8.06002e-13
114.934	8.06274e-13
115.239	8.06527e-13
115.543	8.06878e-13
115.877	8.07283e-13
116.18	8.0748e-13
116.481	8.07775e-13
116.813	8.08125e-13
117.112	8.08262e-13
117.442	8.08691e-13
117.74	8.08792e-13
118.068	8.09175e-13
118.364	8.09239e-13
118.69	8.0959e-13
119.015	8.098e-13
119.338	8.10104e-13
119.661	8.10391e-13
119.954	8.10364e-13
120.274	8.10609e-13
120.594	8.10838e-13
120.942	8.11108e-13
121.261	8.11301e-13
121.579	8.1147e-13
121.895	8.11618e-13
122.21	8.11749e-13
122.553	8.1203e-13
122.867	8.12122e-13
123.209	8.12368e-13
123.52	8.12418e-13
123.86	8.12619e-13
124.169	8.12631e-13
124.507	8.12797e-13
124.816	8.12773e-13
125.151	8.12891e-13
125.486	8.12996e-13
125.82	8.13081e-13
126.152	8.1314e-13
126.484	8.13296e-13
126.815	8.13317e-13
127.145	8.1332e-13
127.474	8.13412e-13
127.802	8.13378e-13
128.157	8.1348e-13
128.483	8.13512e-13
128.807	8.13413e-13
129.159	8.13567e-13
129.483	8.1343e-13
129.832	8.1354e-13
130.154	8.13365e-13
130.501	8.13429e-13
130.848	8.13477e-13
131.166	8.13241e-13
131.511	8.13251e-13
131.855	8.13237e-13
132.197	8.13094e-13
132.538	8.13033e-13
132.879	8.12959e-13
133.219	8.12865e-13
133.557	8.12749e-13
133.895	8.12611e-13
134.258	8.12599e-13
134.593	8.12422e-13
134.954	8.12368e-13
135.288	8.12153e-13
135.621	8.11914e-13
135.979	8.118e-13
136.335	8.11657e-13
136.665	8.11362e-13
137.02	8.11185e-13
137.373	8.11089e-13
137.726	8.10871e-13
138.078	8.10629e-13
138.428	8.10366e-13
138.778	8.10189e-13
139.126	8.09889e-13
139.474	8.09669e-13
139.821	8.09329e-13
140.191	8.09096e-13
140.535	8.08812e-13
140.878	8.08513e-13
141.246	8.08219e-13
141.587	8.07876e-13
141.952	8.07539e-13
142.316	8.07284e-13
142.655	8.06885e-13
143.017	8.06487e-13
143.378	8.06166e-13
143.738	8.05827e-13
144.097	8.05469e-13
144.455	8.05089e-13
144.811	8.04685e-13
145.167	8.04167e-13
145.546	8.03845e-13
145.899	8.03382e-13
146.251	8.02896e-13
146.627	8.02512e-13
146.977	8.02087e-13
147.35	8.01659e-13
147.699	8.01094e-13
148.07	8.00624e-13
148.44	8.00135e-13
148.785	7.99509e-13
149.153	7.99077e-13
149.519	7.98521e-13
149.885	7.97949e-13
150.25	7.97452e-13
150.613	7.96838e-13
150.999	7.96411e-13
151.359	7.95752e-13
151.72	7.95172e-13
152.102	7.94584e-13
152.46	7.93964e-13
152.839	7.93331e-13
153.195	7.92668e-13
153.572	7.9209e-13
153.949	7.91398e-13
154.302	7.90674e-13
154.675	7.90032e-13
155.049	7.89373e-13
155.42	7.88594e-13
155.791	7.87891e-13
156.161	7.87171e-13
156.551	7.86525e-13
156.918	7.85758e-13
157.285	7.84977e-13
157.672	7.84265e-13
158.036	7.8344e-13
158.421	7.8269e-13
158.783	7.81823e-13
159.165	7.81126e-13
159.546	7.80312e-13
159.926	7.79478e-13
160.306	7.78625e-13
160.684	7.77844e-13
161.061	7.76949e-13
161.436	7.76029e-13
161.81	7.75185e-13
162.183	7.74226e-13
162.556	7.73251e-13
162.948	7.72432e-13
163.318	7.71417e-13
163.708	7.70558e-13
164.096	7.69676e-13
164.462	7.68595e-13
164.848	7.67675e-13
165.233	7.66644e-13
165.617	7.6568e-13
166	7.64696e-13
166.381	7.6369e-13
166.761	7.62576e-13
167.14	7.6153e-13
167.517	7.60462e-13
167.914	7.59458e-13
168.29	7.58353e-13
168.685	7.57307e-13
169.057	7.56158e-13
169.45	7.55073e-13
169.841	7.53965e-13
170.21	7.52758e-13
170.598	7.51607e-13
170.985	7.50439e-13
171.372	7.49336e-13
171.756	7.48126e-13
172.16	7.46976e-13
172.542	7.45727e-13
172.923	7.4454e-13
173.322	7.43324e-13
173.701	7.42263e-13
174.097	7.40434e-13
174.474	7.39333e-13
174.868	7.38281e-13
175.261	7.37208e-13
175.653	7.35311e-13
176.043	7.34198e-13
176.433	7.33066e-13
176.821	7.3191e-13
177.207	7.30731e-13
177.592	7.28744e-13
177.996	7.276e-13
178.379	7.26363e-13
178.779	7.25174e-13
179.159	7.23115e-13
179.558	7.21889e-13
179.954	7.20638e-13
180.349	7.19369e-13
180.744	7.18079e-13
181.136	7.16001e-13
181.527	7.14668e-13
181.917	7.13318e-13
182.306	7.11948e-13
182.712	7.10621e-13
183.098	7.08459e-13
183.501	7.07092e-13
183.885	7.05643e-13
184.285	7.04235e-13
184.684	7.02809e-13
185.083	7.00628e-13
185.459	6.99096e-13
185.873	6.97675e-13
186.267	6.9617e-13
186.659	6.94643e-13
187.05	6.93096e-13
187.458	6.90875e-13
187.846	6.89292e-13
188.25	6.87748e-13
188.636	6.86127e-13
189.039	6.84547e-13
189.439	6.82944e-13
189.839	6.81324e-13
190.236	6.78983e-13
190.632	6.77324e-13
191.027	6.75645e-13
191.42	6.7395e-13
191.831	6.72292e-13
192.221	6.70556e-13
192.629	6.68859e-13
193.016	6.66407e-13
193.419	6.64672e-13
193.822	6.6292e-13
194.224	6.61149e-13
194.623	6.59357e-13
195.021	6.57548e-13
195.417	6.55718e-13
195.813	6.53872e-13
196.225	6.5206e-13
196.616	6.49525e-13
197.024	6.47676e-13
197.413	6.4576e-13
197.819	6.43877e-13
198.222	6.41975e-13
198.624	6.40053e-13
199.024	6.38114e-13
199.424	6.3616e-13
199.821	6.34183e-13
200.235	6.32242e-13
200.629	6.30234e-13
201.038	6.27636e-13
201.43	6.25596e-13
201.837	6.23584e-13
202.241	6.21553e-13
202.646	6.1951e-13
203.047	6.17444e-13
203.447	6.15364e-13
203.847	6.13268e-13
204.261	6.11199e-13
204.656	6.09068e-13
205.067	6.06965e-13
205.459	6.04801e-13
205.867	6.02666e-13
206.272	6.00511e-13
206.677	5.98344e-13
207.079	5.95586e-13
207.482	5.9339e-13
207.881	5.91176e-13
208.294	5.88984e-13
208.691	5.86739e-13
209.101	5.84517e-13
209.51	5.82281e-13
209.902	5.79989e-13
210.308	5.77721e-13
210.712	5.75439e-13
211.114	5.73138e-13
211.531	5.70864e-13
211.931	5.68538e-13
212.344	5.66233e-13
212.74	5.63875e-13
213.151	5.61541e-13
213.559	5.59191e-13
213.95	5.56792e-13
214.355	5.54414e-13
214.773	5.52055e-13
215.175	5.49649e-13
215.576	5.47232e-13
215.989	5.44327e-13
216.387	5.41885e-13
216.796	5.39459e-13
217.204	5.3702e-13
217.612	5.34572e-13
218.017	5.32108e-13
218.421	5.29632e-13
218.823	5.27142e-13
219.222	5.24638e-13
219.637	5.22157e-13
220.032	5.19627e-13
220.443	5.17119e-13
220.851	5.14598e-13
221.258	5.12066e-13
221.663	5.0952e-13
222.066	5.06964e-13
222.467	5.04395e-13
222.882	5.01845e-13
223.28	4.99253e-13
223.69	4.96677e-13
224.1	4.94092e-13
224.494	4.91469e-13
224.899	4.8886e-13
225.303	4.86241e-13
225.719	4.8364e-13
226.12	4.81001e-13
226.519	4.78352e-13
226.931	4.75718e-13
227.341	4.73074e-13
227.733	4.70393e-13
228.14	4.67729e-13
228.545	4.65058e-13
228.948	4.62376e-13
229.362	4.59304e-13
229.761	4.56606e-13
230.174	4.53924e-13
230.569	4.51208e-13
230.976	4.48505e-13
231.383	4.45795e-13
231.788	4.43079e-13
232.19	4.40351e-13
232.591	4.37617e-13
232.991	4.34874e-13
233.402	4.32147e-13
233.798	4.2939e-13
234.206	4.26647e-13
234.598	4.23873e-13
235.002	4.21114e-13
235.406	4.18351e-13
235.806	4.15577e-13
236.218	4.1282e-13
236.616	4.10035e-13
237.012	4.07244e-13
237.418	4.04464e-13
237.825	4.01342e-13
238.215	3.98535e-13
238.617	3.95741e-13
239.018	3.92945e-13
239.416	3.90139e-13
239.827	3.8735e-13
240.222	3.84536e-13
240.615	3.81718e-13
241.02	3.78912e-13
241.41	3.76083e-13
241.811	3.7327e-13
242.211	3.70451e-13
242.611	3.6763e-13
243.006	3.64498e-13
243.401	3.61671e-13
243.794	3.5884e-13
244.198	3.56024e-13
244.588	3.53187e-13
244.988	3.50362e-13
245.374	3.47519e-13
245.772	3.44691e-13
246.168	3.4186e-13
246.563	3.39026e-13
246.954	3.35912e-13
247.345	3.33078e-13
247.735	3.30241e-13
248.136	3.2742e-13
248.522	3.24579e-13
248.918	3.21754e-13
249.301	3.18913e-13
249.695	3.15828e-13
250.075	3.12988e-13
250.466	3.10163e-13
250.855	3.07337e-13
251.241	3.0451e-13
251.627	3.01684e-13
252.012	2.98618e-13
252.395	2.95796e-13
252.776	2.92976e-13
253.155	2.90155e-13
253.534	2.87338e-13
253.912	2.84521e-13
254.286	2.81479e-13
254.66	2.78669e-13
255.033	2.75861e-13
255.404	2.73055e-13
255.894	2.70366e-13
256.262	2.67351e-13
256.628	2.64555e-13
256.995	2.61763e-13
257.357	2.58973e-13
257.722	2.55986e-13
258.082	2.53207e-13
258.442	2.50433e-13
258.801	2.47663e-13
259.157	2.44703e-13
259.632	2.42043e-13
259.987	2.39289e-13
260.342	2.36355e-13
260.694	2.33613e-13
261.045	2.30878e-13
261.395	2.28149e-13
261.745	2.25249e-13
262.093	2.22535e-13
262.554	2.19912e-13
262.901	2.17042e-13
263.244	2.14347e-13
263.588	2.11662e-13
263.932	2.08822e-13
264.272	2.06153e-13
264.613	2.03335e-13
264.952	2.00684e-13
265.404	1.98117e-13
265.742	1.95332e-13
266.078	1.92708e-13
266.413	1.90092e-13
266.747	1.87341e-13
267.083	1.84748e-13
267.414	1.82022e-13
267.746	1.79449e-13
268.078	1.7675e-13
268.409	1.74199e-13
268.738	1.71527e-13
269.177	1.6906e-13
269.505	1.66541e-13
269.832	1.63908e-13
270.158	1.61413e-13
270.485	1.58809e-13
270.81	1.5634e-13
271.135	1.53764e-13
271.459	1.5132e-13
271.781	1.48774e-13
272.104	1.46245e-13
272.427	1.43842e-13
272.748	1.41344e-13
273.069	1.38968e-13
273.389	1.36501e-13
273.71	1.34153e-13
273.922	1.31673e-13
274.241	1.29258e-13
274.56	1.26955e-13
274.88	1.24573e-13
275.197	1.22208e-13
275.515	1.19952e-13
275.831	1.17621e-13
276.044	1.1527e-13
276.36	1.13062e-13
276.676	1.10786e-13
276.992	1.08529e-13
277.204	1.06334e-13
277.52	1.04114e-13
277.836	1.01913e-13
278.152	9.97316e-14
278.363	9.76097e-14
278.677	9.5466e-14
278.888	9.33114e-14
279.205	9.12091e-14
279.52	8.9126e-14
279.732	8.70993e-14
280.047	8.50563e-14
280.258	8.3006e-14
280.575	8.10051e-14
280.788	7.89989e-14
280.999	7.70146e-14
281.316	7.50776e-14
281.531	7.31383e-14
281.743	7.12734e-14
282.06	6.94002e-14
282.275	6.75266e-14
282.49	6.56763e-14
282.707	6.3849e-14
283.024	6.20646e-14
283.241	6.02833e-14
283.458	5.85254e-14
283.676	5.67911e-14
283.894	5.50804e-14
284.113	5.33935e-14
284.333	5.17305e-14
284.551	5.00547e-14
284.774	4.84413e-14
284.893	4.68369e-14
285.116	4.52723e-14
285.339	4.37321e-14
285.562	4.22164e-14
285.688	4.07128e-14
285.912	3.92183e-14
286.139	3.77784e-14
286.266	3.63522e-14
286.493	3.49627e-14
286.621	3.35879e-14
286.852	3.2226e-14
286.983	3.09042e-14
287.213	2.96177e-14
287.348	2.83483e-14
287.48	2.70855e-14
287.616	2.58699e-14
287.853	2.46886e-14
287.989	2.35088e-14
288.127	2.23738e-14
288.269	2.12504e-14
288.408	2.01699e-14
288.55	1.91165e-14
288.694	1.80772e-14
288.838	1.70789e-14
288.886	1.60914e-14
289.033	1.51487e-14
289.182	1.42232e-14
289.233	1.33321e-14
289.384	1.24638e-14
289.536	1.16329e-14
289.592	1.08187e-14
289.746	1.00441e-14
289.805	9.28802e-15
289.866	8.56143e-15
290.024	7.87233e-15
290.087	7.20404e-15
290.152	6.57004e-15
290.217	5.96041e-15
290.284	5.38037e-15
290.352	4.83341e-15
290.423	4.31221e-15
290.495	3.82065e-15
290.567	3.35874e-15
290.642	2.92861e-15
290.718	2.52576e-15
290.699	2.152e-15
290.778	1.80871e-15
290.762	1.49473e-15
290.844	1.21104e-15
290.831	9.57519e-16
290.916	7.3329e-16
290.905	5.38726e-16
290.995	3.74218e-16
290.989	2.39495e-16
290.985	1.34714e-16
