0.0015	1.29846e-36
0.002	7.2949e-36
0.0025	2.78239e-35
0.003	8.31569e-35
0.0035	2.09646e-34
0.004	4.67512e-34
0.0045	9.46769e-34
0.005	1.78286e-33
0.0055	3.1574e-33
0.006	5.32551e-33
0.0065	8.60521e-33
0.007	1.34321e-32
0.0075	2.03159e-32
0.008	2.99401e-32
0.0085	4.30985e-32
0.009	6.07611e-32
0.0095	8.40177e-32
0.01	1.14346e-31
0.0105	1.53297e-31
0.011	2.0257e-31
0.0115	2.6458e-31
0.012	3.41755e-31
0.0125	4.36734e-31
0.013	5.52751e-31
0.0135	6.93566e-31
0.014	8.62866e-31
0.0145	1.06556e-30
0.015	1.30751e-30
0.0155	1.59069e-30
0.016	1.92673e-30
0.0165	2.31817e-30
0.017	2.77297e-30
0.0175	3.30065e-30
0.018	3.91256e-30
0.0185	4.61265e-30
0.019	5.41396e-30
0.0195	6.33329e-30
0.02	7.37326e-30
0.0205	8.55837e-30
0.021	9.90152e-30
0.0215	1.14035e-29
0.022	1.31008e-29
0.0225	1.49922e-29
0.023	1.71236e-29
0.0235	1.94811e-29
0.024	2.21451e-29
0.0245	2.50584e-29
0.025	2.83153e-29
0.0255	3.18826e-29
0.026	3.58557e-29
0.0265	4.02659e-29
0.027	4.50347e-29
0.0275	5.03193e-29
0.028	5.61115e-29
0.0285	6.24495e-29
0.029	6.92942e-29
0.0295	7.68395e-29
0.03	8.51242e-29
0.0305	9.40679e-29
0.031	1.03782e-28
0.0315	1.14318e-28
0.032	1.25731e-28
0.0325	1.38078e-28
0.033	1.51419e-28
0.0335	1.66007e-28
0.034	1.81547e-28
0.0345	1.98281e-28
0.035	2.16277e-28
0.0355	2.3589e-28
0.036	2.56457e-28
0.0365	2.78727e-28
0.037	3.02935e-28
0.0375	3.28487e-28
0.038	3.55817e-28
0.0385	3.8547e-28
0.039	4.16661e-28
0.0395	4.50465e-28
0.04	4.85562e-28
0.0405	5.23939e-28
0.041	5.64845e-28
0.0415	6.07653e-28
0.042	6.539e-28
0.0425	7.0165e-28
0.043	7.53778e-28
0.0435	8.09113e-28
0.044	8.6781e-28
0.0445	9.28144e-28
0.045	9.93926e-28
0.0455	1.06358e-27
0.046	1.13632e-27
0.0465	1.21272e-27
0.047	1.29488e-27
0.0475	1.38054e-27
0.048	1.47209e-27
0.0485	1.56869e-27
0.049	1.66916e-27
0.0495	1.77641e-27
0.05	1.88702e-27
0.0505	2.00413e-27
0.051	2.12901e-27
0.0515	2.25848e-27
0.052	2.39642e-27
0.0525	2.5393e-27
0.053	2.69143e-27
0.0535	2.8511e-27
0.054	3.01615e-27
0.0545	3.19177e-27
0.055	3.37306e-27
0.0555	3.56589e-27
0.056	3.7647e-27
0.0565	3.976e-27
0.057	4.19365e-27
0.0575	4.4269e-27
0.058	4.66888e-27
0.0585	4.91773e-27
0.059	5.18193e-27
0.0595	5.45333e-27
0.06	5.74128e-27
0.0605	6.03698e-27
0.061	6.35054e-27
0.0615	6.67192e-27
0.062	7.00688e-27
0.0625	7.36209e-27
0.063	7.73622e-27
0.0635	8.11524e-27
0.064	8.51697e-27
0.0645	8.9275e-27
0.065	9.3628e-27
0.0655	9.80723e-27
0.066	1.0269e-26
0.0665	1.07584e-26
0.067	1.12731e-26
0.0675	1.17921e-26
0.068	1.23416e-26
0.0685	1.29015e-26
0.069	1.34823e-26
0.0695	1.40848e-26
0.07	1.47228e-26
0.0705	1.53715e-26
0.071	1.60672e-26
0.0715	1.67794e-26
0.072	1.75034e-26
0.0725	1.82533e-26
0.073	1.90296e-26
0.0735	1.98514e-26
0.074	2.06843e-26
0.0745	2.15341e-26
0.075	2.24255e-26
0.0755	2.33686e-26
0.076	2.43605e-26
0.0765	2.53498e-26
0.077	2.63728e-26
0.0775	2.74301e-26
0.078	2.85478e-26
0.0785	2.96782e-26
0.079	3.08463e-26
0.0795	3.20519e-26
0.08	3.32976e-26
0.0805	3.45838e-26
0.081	3.59437e-26
0.0815	3.73155e-26
0.082	3.87307e-26
0.0825	4.01913e-26
0.083	4.16986e-26
0.0835	4.32459e-26
0.084	4.48893e-26
0.0845	4.65362e-26
0.085	4.82415e-26
0.0855	4.99908e-26
0.086	5.18032e-26
0.0865	5.36614e-26
0.087	5.55757e-26
0.0875	5.75989e-26
0.088	5.96311e-26
0.0885	6.17241e-26
0.089	6.38787e-26
0.0895	6.60856e-26
0.09	6.83671e-26
0.0905	7.07045e-26
0.091	7.31212e-26
0.0915	7.55947e-26
0.092	7.81392e-26
0.0925	8.08285e-26
0.093	8.35229e-26
0.0935	8.6291e-26
0.094	8.91373e-26
0.0945	9.20456e-26
0.095	9.50512e-26
0.0955	9.81232e-26
0.096	1.01279e-25
0.0965	1.04539e-25
0.097	1.07866e-25
0.0975	1.11287e-25
0.098	1.14796e-25
0.0985	1.18379e-25
0.099	1.22196e-25
0.0995	1.25995e-25
0.1	1.29872e-25
0.1005	1.33852e-25
0.101	1.37959e-25
0.1015	1.42145e-25
0.102	1.46443e-25
0.1025	1.50847e-25
0.103	1.55335e-25
0.1035	1.59967e-25
0.104	1.64686e-25
0.1045	1.69554e-25
0.105	1.74511e-25
0.1055	1.79591e-25
0.106	1.84794e-25
0.1065	1.9013e-25
0.107	1.95594e-25
0.1075	2.01188e-25
0.108	2.06882e-25
0.1085	2.12755e-25
0.109	2.18725e-25
0.1095	2.25096e-25
0.11	2.31362e-25
0.1105	2.37779e-25
0.111	2.44203e-25
0.1115	2.50864e-25
0.112	2.57735e-25
0.1125	2.64765e-25
0.113	2.71905e-25
0.1135	2.79209e-25
0.114	2.86737e-25
0.1145	2.94378e-25
0.115	3.0219e-25
0.1155	3.10121e-25
0.116	3.18291e-25
0.1165	3.2664e-25
0.117	3.35109e-25
0.1175	3.4384e-25
0.118	3.52689e-25
0.1185	3.61732e-25
0.119	3.70973e-25
0.1195	3.80415e-25
0.12	3.90061e-25
0.1205	3.99917e-25
0.121	4.09891e-25
0.1215	4.20179e-25
0.122	4.30582e-25
0.1225	4.41211e-25
0.123	4.52064e-25
0.1235	4.63144e-25
0.124	4.74463e-25
0.1245	4.86005e-25
0.125	4.97785e-25
0.1255	5.09711e-25
0.126	5.22514e-25
0.1265	5.34948e-25
0.127	5.47625e-25
0.1275	5.60679e-25
0.128	5.73875e-25
0.1285	5.87204e-25
0.129	6.00932e-25
0.1295	6.14939e-25
0.13	6.29073e-25
0.1305	6.43639e-25
0.131	6.58348e-25
0.1315	6.73494e-25
0.132	6.88764e-25
0.1325	7.04342e-25
0.133	7.20221e-25
0.1335	7.36226e-25
0.134	7.52721e-25
0.1345	7.69528e-25
0.135	7.86467e-25
0.1355	8.03911e-25
0.136	8.21495e-25
0.1365	8.3942e-25
0.137	8.58567e-25
0.1375	8.77187e-25
0.138	8.9613e-25
0.1385	9.15439e-25
0.139	9.34861e-25
0.1395	9.54882e-25
0.14	9.75017e-25
0.1405	9.95775e-25
0.141	1.01666e-24
0.1415	1.03791e-24
0.142	1.05952e-24
0.1425	1.08092e-24
0.143	1.1033e-24
0.1435	1.12609e-24
0.144	1.14899e-24
0.1445	1.17386e-24
0.145	1.19759e-24
0.1455	1.22207e-24
0.146	1.24662e-24
0.1465	1.27161e-24
0.147	1.29702e-24
0.1475	1.32286e-24
0.148	1.34915e-24
0.1485	1.3759e-24
0.149	1.40271e-24
0.1495	1.43034e-24
0.15	1.45965e-24
0.1505	1.48829e-24
0.151	1.51697e-24
0.1515	1.5461e-24
0.152	1.57573e-24
0.1525	1.60585e-24
0.153	1.63646e-24
0.1535	1.66759e-24
0.154	1.6992e-24
0.1545	1.73276e-24
0.155	1.76546e-24
0.1555	1.79815e-24
0.156	1.83192e-24
0.1565	1.86568e-24
0.157	1.89995e-24
0.1575	1.93475e-24
0.158	1.97235e-24
0.1585	2.00834e-24
0.159	2.04486e-24
0.1595	2.08199e-24
0.16	2.11904e-24
0.1605	2.15728e-24
0.161	2.19545e-24
0.1615	2.23751e-24
0.162	2.27691e-24
0.1625	2.31689e-24
0.163	2.35751e-24
0.1635	2.39951e-24
0.164	2.44053e-24
0.1645	2.48591e-24
0.165	2.52909e-24
0.1655	2.57287e-24
0.166	2.6165e-24
0.1665	2.66159e-24
0.167	2.70969e-24
0.1675	2.75619e-24
0.168	2.80249e-24
0.1685	2.84944e-24
0.169	2.89703e-24
0.1695	2.94881e-24
0.17	2.9979e-24
0.1705	3.04768e-24
0.171	3.09814e-24
0.1715	3.14936e-24
0.172	3.20403e-24
0.1725	3.25675e-24
0.173	3.3071e-24
0.1735	3.36131e-24
0.174	3.41922e-24
0.1745	3.47377e-24
0.175	3.52911e-24
0.1755	3.58523e-24
0.176	3.64208e-24
0.1765	3.70425e-24
0.177	3.76275e-24
0.1775	3.82203e-24
0.178	3.8808e-24
0.1785	3.94648e-24
0.179	4.00691e-24
0.1795	4.071e-24
0.18	4.13403e-24
0.1805	4.19843e-24
0.181	4.26529e-24
0.1815	4.33145e-24
0.182	4.39895e-24
0.1825	4.46693e-24
0.183	4.53577e-24
0.1835	4.60389e-24
0.184	4.67463e-24
0.1845	4.74636e-24
0.185	4.81716e-24
0.1855	4.89078e-24
0.186	4.96352e-24
0.1865	5.03911e-24
0.187	5.11369e-24
0.1875	5.18926e-24
0.188	5.26646e-24
0.1885	5.34397e-24
0.189	5.42256e-24
0.1895	5.5021e-24
0.19	5.5834e-24
0.1905	5.66509e-24
0.191	5.74612e-24
0.1915	5.82981e-24
0.192	5.91463e-24
0.1925	5.99889e-24
0.193	6.08584e-24
0.1935	6.1722e-24
0.194	6.25956e-24
0.1945	6.34728e-24
0.195	6.43671e-24
0.1955	6.52742e-24
0.196	6.61844e-24
0.1965	6.71142e-24
0.197	6.80549e-24
0.1975	6.90071e-24
0.198	6.99632e-24
0.1985	7.09087e-24
0.199	7.18964e-24
0.1995	7.28651e-24
0.2	7.38762e-24
0.2005	7.48692e-24
0.201	7.58717e-24
0.2015	7.69209e-24
0.202	7.79495e-24
0.2025	7.89893e-24
0.203	8.00019e-24
0.2035	8.10663e-24
0.204	8.21423e-24
0.2045	8.31926e-24
0.205	8.4306e-24
0.2055	8.54205e-24
0.206	8.65074e-24
0.2065	8.76594e-24
0.207	8.87717e-24
0.2075	8.99522e-24
0.208	9.109e-24
0.2085	9.22517e-24
0.209	9.34616e-24
0.2095	9.46518e-24
0.21	9.58423e-24
0.2105	9.70599e-24
0.211	9.82896e-24
0.2115	9.95212e-24
0.212	1.00729e-23
0.2125	1.02003e-23
0.213	1.03289e-23
0.2135	1.04538e-23
0.214	1.05854e-23
0.2145	1.07115e-23
0.215	1.08461e-23
0.2155	1.09763e-23
0.216	1.11081e-23
0.2165	1.12472e-23
0.217	1.13837e-23
0.2175	1.15197e-23
0.218	1.16573e-23
0.2185	1.17965e-23
0.219	1.19371e-23
0.2195	1.2079e-23
0.22	1.22245e-23
0.2205	1.2363e-23
0.221	1.25097e-23
0.2215	1.26598e-23
0.222	1.28026e-23
0.2225	1.2956e-23
0.223	1.31019e-23
0.2235	1.32489e-23
0.224	1.34071e-23
0.2245	1.35596e-23
0.225	1.37114e-23
0.2255	1.38669e-23
0.226	1.40219e-23
0.2265	1.41804e-23
0.227	1.43406e-23
0.2275	1.45027e-23
0.228	1.4664e-23
0.2285	1.48294e-23
0.229	1.49875e-23
0.2295	1.51559e-23
0.23	1.53265e-23
0.2305	1.54891e-23
0.231	1.56535e-23
0.2315	1.58292e-23
0.232	1.59967e-23
0.2325	1.61761e-23
0.233	1.63469e-23
0.2335	1.65092e-23
0.234	1.66835e-23
0.2345	1.68594e-23
0.235	1.70365e-23
0.2355	1.72184e-23
0.236	1.73995e-23
0.2365	1.75826e-23
0.237	1.7758e-23
0.2375	1.79444e-23
0.238	1.81323e-23
0.2385	1.8313e-23
0.239	1.85048e-23
0.2395	1.86887e-23
0.24	1.88846e-23
0.2405	1.90718e-23
0.241	1.92579e-23
0.2415	1.94621e-23
0.242	1.96551e-23
0.2425	1.98465e-23
0.243	2.00427e-23
0.2435	2.02407e-23
0.244	2.04378e-23
0.2445	2.06392e-23
0.245	2.0843e-23
0.2455	2.10488e-23
0.246	2.12559e-23
0.2465	2.14499e-23
0.247	2.16614e-23
0.2475	2.18586e-23
0.248	2.20735e-23
0.2485	2.2274e-23
0.249	2.24933e-23
0.2495	2.26977e-23
0.25	2.29205e-23
0.2505	2.31285e-23
0.251	2.3338e-23
0.2515	2.35494e-23
0.252	2.3763e-23
0.2525	2.40001e-23
0.253	2.42174e-23
0.2535	2.44361e-23
0.254	2.46416e-23
0.2545	2.48643e-23
0.255	2.50887e-23
0.2555	2.53191e-23
0.256	2.55482e-23
0.2565	2.57621e-23
0.257	2.59944e-23
0.2575	2.62117e-23
0.258	2.64486e-23
0.2585	2.66692e-23
0.259	2.69142e-23
0.2595	2.71347e-23
0.26	2.73611e-23
0.2605	2.7612e-23
0.261	2.78378e-23
0.2615	2.80698e-23
0.262	2.83036e-23
0.2625	2.85397e-23
0.263	2.87771e-23
0.2635	2.9012e-23
0.264	2.92537e-23
0.2645	2.94968e-23
0.265	2.97423e-23
0.2655	2.99449e-23
0.266	3.01938e-23
0.2665	3.04454e-23
0.267	3.06989e-23
0.2675	3.09261e-23
0.268	3.11889e-23
0.2685	3.14199e-23
0.269	3.16818e-23
0.2695	3.19163e-23
0.27	3.21518e-23
0.2705	3.24266e-23
0.271	3.2672e-23
0.2715	3.29134e-23
0.272	3.31564e-23
0.2725	3.34069e-23
0.273	3.36542e-23
0.2735	3.39085e-23
0.274	3.41586e-23
0.2745	3.44109e-23
0.275	3.46706e-23
0.2755	3.49267e-23
0.276	3.51912e-23
0.2765	3.54572e-23
0.277	3.56834e-23
0.2775	3.59533e-23
0.278	3.62197e-23
0.2785	3.64565e-23
0.279	3.67323e-23
0.2795	3.6967e-23
0.28	3.72469e-23
0.2805	3.749e-23
0.281	3.77751e-23
0.2815	3.80216e-23
0.282	3.82707e-23
0.2825	3.85549e-23
0.283	3.88072e-23
0.2835	3.90604e-23
0.284	3.93163e-23
0.2845	3.95728e-23
0.285	3.98317e-23
0.2855	4.00918e-23
0.286	4.03542e-23
0.2865	4.06179e-23
0.287	4.0884e-23
0.2875	4.11587e-23
0.288	4.14285e-23
0.2885	4.16527e-23
0.289	4.19255e-23
0.2895	4.22007e-23
0.29	4.24363e-23
0.2905	4.27146e-23
0.291	4.29959e-23
0.2915	4.32281e-23
0.292	4.34683e-23
0.2925	4.37546e-23
0.293	4.39984e-23
0.2935	4.42893e-23
0.294	4.45281e-23
0.2945	4.47764e-23
0.295	4.5073e-23
0.2955	4.53241e-23
0.296	4.55771e-23
0.2965	4.58228e-23
0.297	4.60786e-23
0.2975	4.63272e-23
0.298	4.65856e-23
0.2985	4.68182e-23
0.299	4.70712e-23
0.2995	4.73342e-23
0.3	4.75988e-23
0.3005	4.78575e-23
0.301	4.81255e-23
0.3015	4.83318e-23
0.302	4.86037e-23
0.3025	4.88765e-23
0.303	4.90853e-23
0.3035	4.93621e-23
0.304	4.9632e-23
0.3045	4.98432e-23
0.305	5.01253e-23
0.3055	5.0339e-23
0.306	5.06247e-23
0.3065	5.08415e-23
0.307	5.10581e-23
0.3075	5.13584e-23
0.308	5.15768e-23
0.3085	5.17975e-23
0.309	5.20191e-23
0.3095	5.23172e-23
0.31	5.25414e-23
0.3105	5.27759e-23
0.311	5.30021e-23
0.3115	5.32294e-23
0.312	5.34578e-23
0.3125	5.36967e-23
0.313	5.39273e-23
0.3135	5.41591e-23
0.314	5.44018e-23
0.3145	5.46362e-23
0.315	5.48728e-23
0.3155	5.50345e-23
0.316	5.52721e-23
0.3165	5.55211e-23
0.317	5.57617e-23
0.3175	5.59622e-23
0.318	5.61689e-23
0.3185	5.63889e-23
0.319	5.66088e-23
0.3195	5.68195e-23
0.32	5.70322e-23
0.3205	5.72351e-23
0.321	5.74409e-23
0.3215	5.76565e-23
0.322	5.7853e-23
0.3225	5.80523e-23
0.323	5.82611e-23
0.3235	5.84615e-23
0.324	5.86633e-23
0.3245	5.88432e-23
0.325	5.90366e-23
0.3255	5.92303e-23
0.326	5.94245e-23
0.3265	5.96099e-23
0.327	5.97955e-23
0.3275	5.99825e-23
0.328	6.01696e-23
0.3285	6.03581e-23
0.329	6.05243e-23
0.3295	6.06925e-23
0.33	6.08836e-23
0.3305	6.1053e-23
0.331	6.12232e-23
0.3315	6.1382e-23
0.332	6.15419e-23
0.3325	6.17019e-23
0.333	6.18287e-23
0.3335	6.19898e-23
0.334	6.21404e-23
0.3345	6.23042e-23
0.335	6.24437e-23
0.3355	6.25952e-23
0.336	6.27356e-23
0.3365	6.28885e-23
0.337	6.30175e-23
0.3375	6.31599e-23
0.338	6.33024e-23
0.3385	6.34321e-23
0.339	6.355e-23
0.3395	6.36815e-23
0.34	6.3813e-23
0.3405	6.39311e-23
0.341	6.40515e-23
0.3415	6.41703e-23
0.342	6.42772e-23
0.3425	6.43977e-23
0.343	6.45052e-23
0.3435	6.46128e-23
0.344	6.47071e-23
0.3445	6.48153e-23
0.345	6.49102e-23
0.3455	6.50051e-23
0.346	6.50996e-23
0.3465	6.51817e-23
0.347	6.52767e-23
0.3475	6.5358e-23
0.348	6.54256e-23
0.3485	6.55073e-23
0.349	6.55881e-23
0.3495	6.56574e-23
0.35	6.57249e-23
0.3505	6.57919e-23
0.351	6.58596e-23
0.3515	6.59282e-23
0.352	6.59797e-23
0.3525	6.60196e-23
0.353	6.60725e-23
0.3535	6.61243e-23
0.354	6.61623e-23
0.3545	6.62157e-23
0.355	6.62539e-23
0.3555	6.62903e-23
0.356	6.63125e-23
0.3565	6.63502e-23
0.357	6.63717e-23
0.3575	6.63939e-23
0.358	6.64155e-23
0.3585	6.64366e-23
0.359	6.64416e-23
0.3595	6.64466e-23
0.36	6.64523e-23
0.3605	6.64572e-23
0.361	6.64769e-23
0.3615	6.64647e-23
0.362	6.64526e-23
0.3625	6.64409e-23
0.363	6.64274e-23
0.3635	6.64158e-23
0.364	6.64001e-23
0.3645	6.63701e-23
0.365	6.63407e-23
0.3655	6.63105e-23
0.366	6.62953e-23
0.3665	6.6247e-23
0.367	6.6217e-23
0.3675	6.61835e-23
0.368	6.61351e-23
0.3685	6.6083e-23
0.369	6.60346e-23
0.3695	6.59674e-23
0.37	6.58814e-23
0.3705	6.58142e-23
0.371	6.57623e-23
0.3715	6.56957e-23
0.372	6.56236e-23
0.3725	6.5557e-23
0.373	6.54848e-23
0.3735	6.53983e-23
0.374	6.53071e-23
0.3745	6.52206e-23
0.375	6.51298e-23
0.3755	6.5044e-23
0.376	6.4952e-23
0.3765	6.486e-23
0.377	6.47344e-23
0.3775	6.46424e-23
0.378	6.45315e-23
0.3785	6.44058e-23
0.379	6.43139e-23
0.3795	6.4182e-23
0.38	6.40558e-23
0.3805	6.39437e-23
0.381	6.3824e-23
0.3815	6.36914e-23
0.382	6.35655e-23
0.3825	6.34128e-23
0.383	6.32814e-23
0.3835	6.3149e-23
0.384	6.29964e-23
0.3845	6.28642e-23
0.385	6.26982e-23
0.3855	6.25458e-23
0.386	6.23929e-23
0.3865	6.22199e-23
0.387	6.20678e-23
0.3875	6.18938e-23
0.388	6.17416e-23
0.3885	6.15696e-23
0.389	6.13961e-23
0.3895	6.12228e-23
0.39	6.10296e-23
0.3905	6.08567e-23
0.391	6.06621e-23
0.3915	6.04695e-23
0.392	6.02975e-23
0.3925	6.00816e-23
0.393	5.98897e-23
0.3935	5.96964e-23
0.394	5.95036e-23
0.3945	5.92904e-23
0.395	5.90894e-23
0.3955	5.88762e-23
0.396	5.8663e-23
0.3965	5.84495e-23
0.397	5.82375e-23
0.3975	5.80249e-23
0.398	5.7804e-23
0.3985	5.75707e-23
0.399	5.73594e-23
0.3995	5.71276e-23
0.4	5.69078e-23
0.4005	5.66754e-23
0.401	5.64223e-23
0.4015	5.6204e-23
0.402	5.59514e-23
0.4025	5.57217e-23
0.403	5.54831e-23
0.4035	5.52312e-23
0.404	5.49805e-23
0.4045	5.47437e-23
0.405	5.44709e-23
0.4055	5.42226e-23
0.406	5.39642e-23
0.4065	5.37175e-23
0.407	5.346e-23
0.4075	5.31921e-23
0.408	5.2936e-23
0.4085	5.26448e-23
0.409	5.23903e-23
0.4095	5.21018e-23
0.41	5.18499e-23
0.4105	5.15626e-23
0.411	5.13129e-23
0.4115	5.10274e-23
0.412	5.07558e-23
0.4125	5.04723e-23
0.413	5.0203e-23
0.4135	4.99102e-23
0.414	4.96304e-23
0.4145	4.9364e-23
0.415	4.90743e-23
0.4155	4.87746e-23
0.416	4.85099e-23
0.4165	4.82246e-23
0.417	4.79274e-23
0.4175	4.76438e-23
0.418	4.73374e-23
0.4185	4.70451e-23
0.419	4.6764e-23
0.4195	4.64621e-23
0.42	4.61609e-23
0.4205	4.58731e-23
0.421	4.55749e-23
0.4215	4.52771e-23
0.422	4.49818e-23
0.4225	4.46866e-23
0.423	4.43827e-23
0.4235	4.40675e-23
0.424	4.37776e-23
0.4245	4.34659e-23
0.425	4.31776e-23
0.4255	4.28688e-23
0.426	4.25611e-23
0.4265	4.2245e-23
0.427	4.19407e-23
0.4275	4.16372e-23
0.428	4.13364e-23
0.4285	4.1036e-23
0.429	4.07379e-23
0.4295	4.0419e-23
0.43	4.01234e-23
0.4305	3.98083e-23
0.431	3.94938e-23
0.4315	3.91817e-23
0.432	3.88993e-23
0.4325	3.85902e-23
0.433	3.82613e-23
0.4335	3.79561e-23
0.434	3.7652e-23
0.4345	3.73507e-23
0.435	3.70378e-23
0.4355	3.67397e-23
0.436	3.6422e-23
0.4365	3.61269e-23
0.437	3.58133e-23
0.4375	3.55013e-23
0.438	3.51906e-23
0.4385	3.48825e-23
0.439	3.45854e-23
0.4395	3.42806e-23
0.44	3.39784e-23
0.4405	3.36572e-23
0.441	3.33585e-23
0.4415	3.3071e-23
0.442	3.27562e-23
0.4425	3.24429e-23
0.443	3.21529e-23
0.4435	3.18526e-23
0.444	3.1546e-23
0.4445	3.12419e-23
0.445	3.094e-23
0.4455	3.06475e-23
0.446	3.03499e-23
0.4465	3.00548e-23
0.447	2.97489e-23
0.4475	2.94579e-23
0.448	2.91495e-23
0.4485	2.88582e-23
0.449	2.85545e-23
0.4495	2.82799e-23
0.45	2.79808e-23
0.4505	2.76837e-23
0.451	2.73967e-23
0.4515	2.71048e-23
0.452	2.68217e-23
0.4525	2.65344e-23
0.453	2.62563e-23
0.4535	2.59735e-23
0.454	2.56933e-23
0.4545	2.54038e-23
0.455	2.51283e-23
0.4555	2.48431e-23
0.456	2.45726e-23
0.4565	2.42928e-23
0.457	2.40086e-23
0.4575	2.37512e-23
0.458	2.34786e-23
0.4585	2.3202e-23
0.459	2.29342e-23
0.4595	2.26628e-23
0.46	2.23999e-23
0.4605	2.2133e-23
0.461	2.18749e-23
0.4615	2.16026e-23
0.462	2.13432e-23
0.4625	2.10924e-23
0.463	2.08218e-23
0.4635	2.05758e-23
0.464	2.03157e-23
0.4645	2.0053e-23
0.465	1.98142e-23
0.4655	1.95618e-23
0.466	1.93065e-23
0.4665	1.90594e-23
0.467	1.88146e-23
0.4675	1.8572e-23
0.468	1.83272e-23
0.4685	1.80899e-23
0.469	1.78553e-23
0.4695	1.76178e-23
0.47	1.73879e-23
0.4705	1.71457e-23
0.471	1.69207e-23
0.4715	1.66932e-23
0.472	1.64589e-23
0.4725	1.62412e-23
0.473	1.60118e-23
0.4735	1.57846e-23
0.474	1.55699e-23
0.4745	1.53481e-23
0.475	1.5129e-23
0.4755	1.49119e-23
0.476	1.46976e-23
0.4765	1.44858e-23
0.477	1.42765e-23
0.4775	1.40655e-23
0.478	1.38612e-23
0.4785	1.36592e-23
0.479	1.34596e-23
0.4795	1.32622e-23
0.48	1.3055e-23
0.4805	1.28627e-23
0.481	1.26726e-23
0.4815	1.24727e-23
0.482	1.22874e-23
0.4825	1.20926e-23
0.483	1.19003e-23
0.4835	1.17234e-23
0.484	1.15359e-23
0.4845	1.13509e-23
0.485	1.11793e-23
0.4855	1.09988e-23
0.486	1.08208e-23
0.4865	1.06453e-23
0.487	1.0472e-23
0.4875	1.0301e-23
0.488	1.01322e-23
0.4885	9.96579e-24
0.489	9.80176e-24
0.4895	9.62982e-24
0.49	9.46658e-24
0.4905	9.30929e-24
0.491	9.15417e-24
0.4915	8.99163e-24
0.492	8.84083e-24
0.4925	8.68289e-24
0.493	8.53648e-24
0.4935	8.38541e-24
0.494	8.2432e-24
0.4945	8.09399e-24
0.495	7.94722e-24
0.4955	7.81124e-24
0.496	7.66866e-24
0.4965	7.52812e-24
0.497	7.39196e-24
0.4975	7.25577e-24
0.498	7.12986e-24
0.4985	6.9976e-24
0.499	6.86751e-24
0.4995	6.73944e-24
0.5	6.61529e-24
0.5005	6.48355e-24
0.501	6.36149e-24
0.5015	6.24137e-24
0.502	6.12494e-24
0.5025	6.00859e-24
0.503	5.88694e-24
0.5035	5.77446e-24
0.504	5.66539e-24
0.5045	5.54968e-24
0.505	5.44251e-24
0.5055	5.33063e-24
0.506	5.22872e-24
0.5065	5.12055e-24
0.507	5.02044e-24
0.5075	4.91734e-24
0.508	4.81462e-24
0.5085	4.71973e-24
0.509	4.62178e-24
0.5095	4.52429e-24
0.51	4.42854e-24
0.5105	4.33579e-24
0.511	4.24888e-24
0.5115	4.15814e-24
0.512	4.0702e-24
0.5125	3.98267e-24
0.513	3.89667e-24
0.5135	3.81345e-24
0.514	3.73067e-24
0.5145	3.65047e-24
0.515	3.56584e-24
0.5155	3.48756e-24
0.516	3.41183e-24
0.5165	3.33651e-24
0.517	3.26362e-24
0.5175	3.18662e-24
0.518	3.1165e-24
0.5185	3.04679e-24
0.519	2.97422e-24
0.5195	2.9081e-24
0.52	2.83836e-24
0.5205	2.77486e-24
0.521	2.70785e-24
0.5215	2.64681e-24
0.522	2.58249e-24
0.5225	2.52394e-24
0.523	2.46216e-24
0.5235	2.40236e-24
0.524	2.34662e-24
0.5245	2.2893e-24
0.525	2.23249e-24
0.5255	2.17755e-24
0.526	2.12631e-24
0.5265	2.07362e-24
0.527	2.02208e-24
0.5275	1.97103e-24
0.528	1.92163e-24
0.5285	1.87306e-24
0.529	1.82583e-24
0.5295	1.77907e-24
0.53	1.7336e-24
0.5305	1.6889e-24
0.531	1.64544e-24
0.5315	1.60295e-24
0.532	1.56065e-24
0.5325	1.51956e-24
0.533	1.4792e-24
0.5335	1.44022e-24
0.534	1.40188e-24
0.5345	1.36402e-24
0.535	1.32747e-24
0.5355	1.29177e-24
0.536	1.25648e-24
0.5365	1.22224e-24
0.537	1.1888e-24
0.5375	1.15581e-24
0.538	1.12377e-24
0.5385	1.09279e-24
0.539	1.06176e-24
0.5395	1.032e-24
0.54	1.00297e-24
0.5405	9.74154e-25
0.541	9.46377e-25
0.5415	9.19291e-25
0.542	8.92442e-25
0.5425	8.66701e-25
0.543	8.41465e-25
0.5435	8.16613e-25
0.544	7.92514e-25
0.5445	7.69162e-25
0.545	7.4629e-25
0.5455	7.2379e-25
0.546	7.01974e-25
0.5465	6.8086e-25
0.547	6.60168e-25
0.5475	6.39835e-25
0.548	6.20257e-25
0.5485	6.012e-25
0.549	5.82536e-25
0.5495	5.64209e-25
0.55	5.46567e-25
0.5505	5.29414e-25
0.551	5.12623e-25
0.5515	4.96308e-25
0.552	4.8039e-25
0.5525	4.64889e-25
0.553	4.49915e-25
0.5535	4.35369e-25
0.554	4.21154e-25
0.5545	4.07217e-25
0.555	3.93808e-25
0.5555	3.80722e-25
0.556	3.68092e-25
0.5565	3.55759e-25
0.557	3.43791e-25
0.5575	3.32065e-25
0.558	3.2074e-25
0.5585	3.09819e-25
0.559	2.99164e-25
0.5595	2.88828e-25
0.56	2.78814e-25
0.5605	2.6911e-25
0.561	2.59648e-25
0.5615	2.50393e-25
0.562	2.41568e-25
0.5625	2.32968e-25
0.563	2.24593e-25
0.5635	2.1653e-25
0.564	2.08676e-25
0.5645	2.01078e-25
0.565	1.93726e-25
0.5655	1.86613e-25
0.566	1.79673e-25
0.5665	1.72978e-25
0.567	1.66508e-25
0.5675	1.60291e-25
0.568	1.54244e-25
0.5685	1.48365e-25
0.569	1.4272e-25
0.5695	1.37235e-25
0.57	1.31938e-25
0.5705	1.26823e-25
0.571	1.21883e-25
0.5715	1.17118e-25
0.572	1.12519e-25
0.5725	1.08055e-25
0.573	1.03749e-25
0.5735	9.95943e-26
0.574	9.55905e-26
0.5745	9.17315e-26
0.575	8.79895e-26
0.5755	8.43793e-26
0.576	8.09065e-26
0.5765	7.75603e-26
0.577	7.43395e-26
0.5775	7.12392e-26
0.578	6.82369e-26
0.5785	6.53646e-26
0.579	6.25837e-26
0.5795	5.99102e-26
0.58	5.7339e-26
0.5805	5.4867e-26
0.581	5.24911e-26
0.5815	5.01941e-26
0.582	4.79992e-26
0.5825	4.58793e-26
0.583	4.38435e-26
0.5835	4.1889e-26
0.584	4.00129e-26
0.5845	3.82025e-26
0.585	3.64754e-26
0.5855	3.48084e-26
0.586	3.32107e-26
0.5865	3.16791e-26
0.587	3.02112e-26
0.5875	2.88045e-26
0.588	2.74493e-26
0.5885	2.61589e-26
0.589	2.4916e-26
0.5895	2.37334e-26
0.59	2.2603e-26
0.5905	2.15135e-26
0.591	2.04657e-26
0.5915	1.94695e-26
0.592	1.85172e-26
0.5925	1.76015e-26
0.593	1.67271e-26
0.5935	1.58967e-26
0.594	1.50992e-26
0.5945	1.43336e-26
0.595	1.36072e-26
0.5955	1.29187e-26
0.596	1.22537e-26
0.5965	1.16232e-26
0.597	1.10188e-26
0.5975	1.04428e-26
0.598	9.89417e-27
0.5985	9.37168e-27
0.599	8.87422e-27
0.5995	8.40114e-27
0.6	7.95121e-27
0.6005	7.52016e-27
0.601	7.11034e-27
0.6015	6.72294e-27
0.602	6.35269e-27
0.6025	5.99906e-27
0.603	5.66515e-27
0.6035	5.35009e-27
0.604	5.04748e-27
0.6045	4.76207e-27
0.605	4.4898e-27
0.6055	4.23171e-27
0.606	3.98712e-27
0.6065	3.75679e-27
0.607	3.53727e-27
0.6075	3.32944e-27
0.608	3.13169e-27
0.6085	2.94564e-27
0.609	2.76874e-27
0.6095	2.60241e-27
0.61	2.44524e-27
0.6105	2.2959e-27
0.611	2.15488e-27
0.6115	2.02178e-27
0.612	1.89618e-27
0.6125	1.77778e-27
0.613	1.66607e-27
0.6135	1.56022e-27
0.614	1.46052e-27
0.6145	1.36712e-27
0.615	1.27874e-27
0.6155	1.19605e-27
0.616	1.11782e-27
0.6165	1.04397e-27
0.617	9.74509e-28
0.6175	9.09619e-28
0.618	8.48685e-28
0.6185	7.91505e-28
0.619	7.37567e-28
0.6195	6.86998e-28
0.62	6.39603e-28
0.6205	5.95449e-28
0.621	5.53869e-28
0.6215	5.14952e-28
0.622	4.78545e-28
0.6225	4.44333e-28
0.623	4.12681e-28
0.6235	3.82803e-28
0.624	3.55055e-28
0.6245	3.29022e-28
0.625	3.04743e-28
0.6255	2.82225e-28
0.626	2.61128e-28
0.6265	2.41484e-28
0.627	2.23204e-28
0.6275	2.06108e-28
0.628	1.9037e-28
0.6285	1.75672e-28
0.629	1.6195e-28
0.6295	1.49214e-28
0.63	1.37461e-28
0.6305	1.26555e-28
0.631	1.164e-28
0.6315	1.06999e-28
0.632	9.82967e-29
0.6325	9.02461e-29
0.633	8.28031e-29
0.6335	7.59276e-29
0.634	6.95492e-29
0.6345	6.36935e-29
0.635	5.82901e-29
0.6355	5.3312e-29
0.636	4.87058e-29
0.6365	4.44669e-29
0.637	4.0569e-29
0.6375	3.70023e-29
0.638	3.3711e-29
0.6385	3.06908e-29
0.639	2.79214e-29
0.6395	2.53712e-29
0.64	2.30563e-29
0.6405	2.09189e-29
0.641	1.89738e-29
0.6415	1.71882e-29
0.642	1.55582e-29
0.6425	1.40771e-29
0.643	1.27274e-29
0.6435	1.14923e-29
0.644	1.03683e-29
0.6445	9.35e-30
0.645	8.41711e-30
0.6455	7.57413e-30
0.646	6.80949e-30
0.6465	6.11357e-30
0.647	5.48861e-30
0.6475	4.91851e-30
0.648	4.40548e-30
0.6485	3.94034e-30
0.649	3.52081e-30
0.6495	3.14407e-30
0.65	2.80505e-30
0.6505	2.49874e-30
0.651	2.22244e-30
0.6515	1.9756e-30
0.652	1.75496e-30
0.6525	1.55661e-30
0.653	1.37912e-30
0.6535	1.21985e-30
0.654	1.07827e-30
0.6545	9.51257e-31
0.655	8.39199e-31
0.6555	7.38736e-31
0.656	6.49494e-31
0.6565	5.70301e-31
0.657	5.00379e-31
0.6575	4.38229e-31
0.658	3.83436e-31
0.6585	3.34895e-31
0.659	2.92089e-31
0.6595	2.54259e-31
0.66	2.21125e-31
0.6605	1.92023e-31
0.661	1.66574e-31
0.6615	1.44133e-31
0.662	1.24588e-31
0.6625	1.07462e-31
0.663	9.25911e-32
0.6635	7.95985e-32
0.664	6.83131e-32
0.6645	5.85267e-32
0.665	5.00739e-32
0.6655	4.27705e-32
0.666	3.6443e-32
0.6665	3.09936e-32
0.667	2.63076e-32
0.6675	2.22729e-32
0.668	1.88297e-32
0.6685	1.58859e-32
0.669	1.3374e-32
0.6695	1.12279e-32
0.67	9.41499e-33
0.6705	7.8687e-33
0.671	6.56494e-33
0.6715	5.46079e-33
0.672	4.53395e-33
0.6725	3.75269e-33
0.673	3.09808e-33
0.6735	2.55082e-33
0.674	2.09459e-33
0.6745	1.71619e-33
0.675	1.40125e-33
0.6755	1.14077e-33
0.676	9.25298e-34
0.6765	7.4867e-34
0.677	6.03822e-34
0.6775	4.85395e-34
0.678	3.88879e-34
0.6785	3.10268e-34
0.679	2.46812e-34
0.6795	1.95486e-34
0.68	1.54339e-34
0.6805	1.21297e-34
0.681	9.50025e-35
0.6815	7.40466e-35
0.682	5.75009e-35
0.6825	4.44231e-35
0.683	3.41609e-35
0.6835	2.61427e-35
0.684	1.99077e-35
0.6845	1.50812e-35
0.685	1.1359e-35
0.6855	8.512e-36
0.686	6.34186e-36
0.6865	4.69676e-36
0.687	3.45686e-36
0.6875	2.52714e-36
0.688	1.83575e-36
0.6885	1.32313e-36
0.689	9.47337e-37
0.6895	6.72632e-37
0.69	4.73885e-37
0.6905	3.31006e-37
0.691	2.29347e-37
0.6915	1.57345e-37
0.692	1.06989e-37
0.6925	7.19633e-38
0.693	4.7891e-38
0.6935	3.14997e-38
0.694	2.04992e-38
0.6945	1.31651e-38
0.695	8.34348e-39
0.6955	5.21414e-39
0.696	3.20878e-39
0.6965	1.94453e-39
0.697	1.15866e-39
0.6975	6.78062e-40
0.698	3.8893e-40
0.6985	2.18575e-40
0.699	1.20189e-40
0.6995	6.45197e-41
0.7	3.37046e-41
0.7005	1.71391e-41
0.701	8.44528e-42
0.7015	4.02713e-42
0.702	1.8485e-42
0.7025	8.15759e-43
0.703	3.43871e-43
0.7035	1.37791e-43
0.704	5.22602e-44
0.7045	1.85857e-44
0.705	6.14549e-45
0.7055	1.87105e-45
0.706	5.17066e-46
0.7065	1.27668e-46
0.707	2.7548e-47
0.7075	5.04674e-48
0.708	7.56034e-49
0.7085	8.76562e-50
0.709	7.27497e-51
0.7095	3.81922e-52
0.71	1.03292e-53
0.7105	9.79772e-56
0.711	1.37308e-58
0.7115	1.79753e-63
0.712	0
0.7125	1.54677e-27
0.713	6.068e-27
0.7135	1.33679e-26
0.714	2.32815e-26
0.7145	3.5613e-26
0.715	5.01462e-26
0.7155	6.67993e-26
0.716	8.53249e-26
0.7165	1.05517e-25
0.717	1.27235e-25
0.7175	1.50311e-25
0.718	1.74674e-25
0.7185	1.99985e-25
0.719	2.26165e-25
0.7195	2.53061e-25
0.72	2.80511e-25
0.7205	3.08369e-25
0.721	3.36358e-25
0.7215	3.64585e-25
0.722	3.92795e-25
0.7225	4.20845e-25
0.723	4.48186e-25
0.7235	4.75517e-25
0.724	5.01825e-25
0.7245	5.27433e-25
0.725	5.52561e-25
0.7255	5.76546e-25
0.726	5.99504e-25
0.7265	6.21264e-25
0.727	6.41873e-25
0.7275	6.61172e-25
0.728	6.79078e-25
0.7285	6.95513e-25
0.729	7.10404e-25
0.7295	7.23686e-25
0.73	7.35296e-25
0.7305	7.45181e-25
0.731	7.53292e-25
0.7315	7.58825e-25
0.732	7.63259e-25
0.7325	7.65813e-25
0.733	7.66465e-25
0.7335	7.65198e-25
0.734	7.62005e-25
0.7345	7.56884e-25
0.735	7.4907e-25
0.7355	7.40125e-25
0.736	7.29038e-25
0.7365	7.16358e-25
0.737	7.01533e-25
0.7375	6.8527e-25
0.738	6.67291e-25
0.7385	6.46973e-25
0.739	6.2578e-25
0.7395	6.03087e-25
0.74	5.78367e-25
0.7405	5.52982e-25
0.741	5.264e-25
0.7415	4.98495e-25
0.742	4.69898e-25
0.7425	4.40012e-25
0.743	4.0998e-25
0.7435	3.79454e-25
0.744	3.48219e-25
0.7445	3.17264e-25
0.745	2.86222e-25
0.7455	2.55606e-25
0.746	2.25221e-25
0.7465	1.95841e-25
0.747	1.67233e-25
0.7475	1.39993e-25
0.748	1.1433e-25
0.7485	9.03404e-26
0.749	6.85543e-26
0.7495	4.90983e-26
0.75	3.24162e-26
0.7505	1.88144e-26
0.751	8.61528e-27
0.7515	2.21836e-27
0.752	0
0.7525	0
0.753	0
0.7535	0
0.754	0
0.7545	0
0.755	0
0.7555	0
0.756	0
0.7565	0
0.757	0
0.7575	0
0.758	0
0.7585	0
0.759	0
0.7595	0
0.76	0
0.7605	0
0.761	0
0.7615	0
0.762	0
0.7625	0
0.763	0
0.7635	0
0.764	0
0.7645	0
0.765	0
0.7655	0
0.766	0
0.7665	0
0.767	0
0.7675	0
0.768	0
0.7685	0
0.769	0
0.7695	0
0.77	0
0.7705	0
0.771	0
0.7715	0
0.772	0
0.7725	0
0.773	0
0.7735	0
0.774	0
0.7745	0
0.775	0
0.7755	0
0.776	0
0.7765	0
0.777	0
0.7775	0
0.778	0
0.7785	0
0.779	0
0.7795	0
0.78	0
0.7805	0
0.781	0
0.7815	0
0.782	0
0.7825	0
0.783	0
0.7835	0
0.784	0
0.7845	0
0.785	0
0.7855	0
0.786	0
0.7865	0
0.787	0
0.7875	0
0.788	0
0.7885	0
0.789	0
0.7895	0
0.79	0
0.7905	0
0.791	0
0.7915	0
0.792	0
0.7925	0
0.793	0
0.7935	0
0.794	0
0.7945	0
0.795	0
0.7955	0
0.796	0
0.7965	0
0.797	0
0.7975	0
0.798	0
0.7985	0
0.799	0
0.7995	0
0.8	0
0.8005	0
0.801	0
0.8015	0
0.802	0
0.8025	0
0.803	0
0.8035	0
0.804	0
0.8045	0
0.805	0
0.8055	0
0.806	0
0.8065	0
0.807	0
0.8075	0
0.808	0
0.8085	0
0.809	0
0.8095	0
0.81	0
0.8105	0
0.811	0
0.8115	0
0.812	0
0.8125	0
0.813	0
0.8135	0
0.814	0
0.8145	0
0.815	0
0.8155	0
0.816	0
0.8165	0
0.817	0
0.8175	0
0.818	0
0.8185	0
0.819	0
0.8195	0
0.82	0
0.8205	0
0.821	0
0.8215	0
0.822	0
0.8225	0
0.823	0
0.8235	0
0.824	0
0.8245	0
0.825	0
0.8255	0
0.826	0
0.8265	0
0.827	0
0.8275	0
0.828	0
0.8285	0
0.829	0
0.8295	0
0.83	0
0.8305	0
0.831	0
0.8315	0
0.832	0
0.8325	0
0.833	0
0.8335	0
0.834	0
0.8345	0
0.835	0
0.8355	0
0.836	0
0.8365	0
0.837	0
0.8375	0
0.838	0
0.8385	0
0.839	0
0.8395	0
0.84	0
0.8405	0
0.841	0
0.8415	0
0.842	0
0.8425	0
0.843	0
0.8435	0
0.844	0
0.8445	0
0.845	0
0.8455	0
0.846	0
0.8465	0
0.847	0
0.8475	0
0.848	0
0.8485	0
0.849	0
0.8495	0
0.85	0
0.8505	0
0.851	0
0.8515	0
0.852	0
0.8525	0
0.853	0
0.8535	0
0.854	0
0.8545	0
0.855	0
0.8555	0
0.856	0
0.8565	0
0.857	0
0.8575	0
0.858	0
0.8585	0
0.859	0
0.8595	0
0.86	0
0.8605	0
0.861	0
0.8615	0
0.862	0
0.8625	0
0.863	0
0.8635	0
0.864	0
0.8645	0
0.865	0
0.8655	0
0.866	0
0.8665	0
0.867	0
0.8675	0
0.868	0
0.8685	0
0.869	0
0.8695	0
0.87	0
0.8705	0
0.871	0
0.8715	0
0.872	0
0.8725	0
0.873	0
0.8735	0
0.874	0
0.8745	0
0.875	0
0.8755	0
0.876	0
0.8765	0
0.877	0
0.8775	0
0.878	0
0.8785	0
0.879	0
0.8795	0
0.88	0
0.8805	0
0.881	0
0.8815	0
0.882	0
0.8825	0
0.883	0
0.8835	0
0.884	0
0.8845	0
0.885	0
0.8855	0
0.886	0
0.8865	0
0.887	0
0.8875	0
0.888	0
0.8885	0
0.889	0
0.8895	0
0.89	0
0.8905	0
0.891	0
0.8915	0
0.892	0
0.8925	0
0.893	0
0.8935	0
0.894	0
0.8945	0
0.895	0
0.8955	0
0.896	0
0.8965	0
0.897	0
0.8975	0
0.898	0
0.8985	0
0.899	0
0.8995	0
0.9	0
0.9005	0
0.901	0
0.9015	0
0.902	0
0.9025	0
0.903	0
0.9035	0
0.904	0
0.9045	0
0.905	0
0.9055	0
0.906	0
0.9065	0
0.907	0
0.9075	0
0.908	0
0.9085	0
0.909	0
0.9095	0
0.91	0
0.9105	0
0.911	0
0.9115	0
0.912	0
0.9125	0
0.913	0
0.9135	0
0.914	0
0.9145	0
0.915	0
0.9155	0
0.916	0
0.9165	0
0.917	0
0.9175	0
0.918	0
0.9185	0
0.919	0
0.9195	0
0.92	0
0.9205	0
0.921	0
0.9215	0
0.922	0
0.9225	0
0.923	0
0.9235	0
0.924	0
0.9245	0
0.925	6.43017e-55
0.9255	2.39875e-29
0.926	9.53374e-29
0.9265	2.13141e-28
0.927	3.76505e-28
0.9275	5.84548e-28
0.928	8.35352e-28
0.9285	1.51255e-27
0.929	1.96927e-27
0.9295	2.48108e-27
0.93	3.05279e-27
0.9305	3.67744e-27
0.931	4.35832e-27
0.9315	5.0926e-27
0.932	5.8877e-27
0.9325	6.73181e-27
0.933	7.6175e-27
0.9335	8.5658e-27
0.934	9.56344e-27
0.9345	7.60736e-27
0.935	8.35231e-27
0.9355	9.1432e-27
0.936	9.94822e-27
0.9365	1.07793e-26
0.937	1.16483e-26
0.9375	1.25303e-26
0.938	1.34359e-26
0.9385	1.43645e-26
0.939	1.53064e-26
0.9395	1.62779e-26
0.94	1.72393e-26
0.9405	2.58501e-26
0.941	2.73911e-26
0.9415	2.89553e-26
0.942	3.05745e-26
0.9425	3.22134e-26
0.943	3.3881e-26
0.9435	3.5576e-26
0.944	3.73032e-26
0.9445	3.90638e-26
0.945	4.08405e-26
0.9455	4.26396e-26
0.946	2.95491e-26
0.9465	3.06398e-26
0.947	3.17062e-26
0.9475	3.27922e-26
0.948	3.38565e-26
0.9485	3.4932e-26
0.949	3.5972e-26
0.9495	3.70395e-26
0.95	3.80975e-26
0.9505	4.64387e-26
0.951	4.77642e-26
0.9515	4.90676e-26
0.952	5.03584e-26
0.9525	5.16098e-26
0.953	5.28832e-26
0.9535	5.41245e-26
0.954	5.53614e-26
0.9545	5.65774e-26
0.955	4.73312e-26
0.9555	4.81805e-26
0.956	4.90675e-26
0.9565	4.98621e-26
0.957	5.06432e-26
0.9575	5.1375e-26
0.958	5.21292e-26
0.9585	5.28127e-26
0.959	5.32362e-26
0.9595	5.38423e-26
0.96	5.44739e-26
0.9605	5.50034e-26
0.961	5.55595e-26
0.9615	5.60068e-26
0.962	5.65069e-26
0.9625	5.66168e-26
0.963	5.70035e-26
0.9635	5.7374e-26
0.964	5.76734e-26
0.9645	5.79562e-26
0.965	5.81641e-26
0.9655	5.83553e-26
0.966	5.81985e-26
0.9665	5.82926e-26
0.967	5.83388e-26
0.9675	5.84316e-26
0.968	5.83461e-26
0.9685	5.83459e-26
0.969	5.77911e-26
0.9695	5.76562e-26
0.97	5.75142e-26
0.9705	5.73268e-26
0.971	5.70506e-26
0.9715	5.67713e-26
0.972	5.61291e-26
0.9725	5.57604e-26
0.973	5.54188e-26
0.9735	5.50864e-26
0.974	5.45416e-26
0.9745	5.36392e-26
0.975	5.31377e-26
0.9755	5.27301e-26
0.976	5.21023e-26
0.9765	5.14387e-26
0.977	5.04984e-26
0.9775	4.97738e-26
0.978	4.89549e-26
0.9785	4.82482e-26
0.979	4.70838e-26
0.9795	4.61194e-26
0.98	4.51452e-26
0.9805	4.41343e-26
0.981	4.27485e-26
0.9815	4.15349e-26
0.982	4.03564e-26
0.9825	3.86665e-26
0.983	3.72744e-26
0.9835	3.58075e-26
0.984	3.39829e-26
0.9845	3.23851e-26
