0.735599	7.03882e-12
0.761075	7.5582e-12
0.786415	8.09414e-12
0.811677	8.64585e-12
0.836868	9.21315e-12
0.861995	9.79589e-12
0.886817	1.03912e-11
0.912154	1.10079e-11
0.936806	1.1631e-11
0.961955	1.22766e-11
0.986829	1.2934e-11
1.01145	1.36032e-11
1.03618	1.42988e-11
1.06068	1.49928e-11
1.08529	1.5704e-11
1.10968	1.64436e-11
1.13419	1.72009e-11
1.15849	1.79551e-11
1.18259	1.87383e-11
1.20652	1.95347e-11
1.23056	2.03312e-11
1.25444	2.11578e-11
1.27787	2.19926e-11
1.30143	2.2863e-11
1.32512	2.37329e-11
1.34839	2.46108e-11
1.3718	2.55252e-11
1.39481	2.64286e-11
1.41796	2.73689e-11
1.44074	2.83177e-11
1.46365	2.9284e-11
1.48646	3.02633e-11
1.50893	3.12508e-11
1.53153	3.22557e-11
1.55404	3.32734e-11
1.57623	3.43209e-11
1.59856	3.53641e-11
1.62081	3.64423e-11
1.64298	3.75336e-11
1.66485	3.861e-11
1.68687	3.97269e-11
1.7086	4.08519e-11
1.73048	4.19944e-11
1.75209	4.31449e-11
1.77384	4.43129e-11
1.79533	4.54886e-11
1.81676	4.66769e-11
1.83833	4.78825e-11
1.85966	4.91212e-11
1.88094	5.0347e-11
1.90216	5.16112e-11
1.92335	5.28619e-11
1.94448	5.41513e-11
1.96558	5.54266e-11
1.98663	5.6741e-11
2.00746	5.80357e-11
2.02826	5.937e-11
2.04919	6.07216e-11
2.06992	6.20807e-11
2.09079	6.34287e-11
2.11145	6.48121e-11
2.13208	6.62076e-11
2.15268	6.76154e-11
2.17325	6.90352e-11
2.19363	7.0462e-11
2.21415	7.19059e-11
2.23464	7.33917e-11
2.25494	7.48546e-11
2.27522	7.63293e-11
2.29564	7.78208e-11
2.31588	7.935e-11
2.3361	8.086e-11
2.3563	8.23817e-11
2.37632	8.39416e-11
2.39634	8.54815e-11
2.41648	8.70701e-11
2.43646	8.86331e-11
2.45642	9.02401e-11
2.47637	9.1826e-11
2.4963	9.34562e-11
2.51622	9.50981e-11
2.53612	9.67516e-11
2.55587	9.83777e-11
2.57575	1.00054e-10
2.59548	1.01737e-10
2.6152	1.03431e-10
2.6349	1.05136e-10
2.6546	1.06818e-10
2.67429	1.08546e-10
2.69383	1.1028e-10
2.7139	1.12045e-10
2.73249	1.13765e-10
2.75228	1.15542e-10
2.77193	1.17362e-10
2.79143	1.19151e-10
2.8108	1.20946e-10
2.83004	1.22747e-10
2.85042	1.24643e-10
2.8694	1.26454e-10
2.88825	1.28271e-10
2.90822	1.30147e-10
2.92681	1.32013e-10
2.94652	1.33899e-10
2.9661	1.35829e-10
2.98555	1.37726e-10
3.00367	1.39614e-10
3.02288	1.41521e-10
3.04316	1.43526e-10
3.06212	1.45483e-10
3.08096	1.47406e-10
3.09969	1.49373e-10
3.11947	1.51399e-10
3.13797	1.53377e-10
3.1575	1.55373e-10
3.17692	1.57414e-10
3.19509	1.59406e-10
3.21428	1.61458e-10
3.23335	1.63514e-10
3.25232	1.65575e-10
3.27117	1.67641e-10
3.28992	1.69711e-10
3.30965	1.71841e-10
3.32818	1.73921e-10
3.34661	1.76005e-10
3.36601	1.78191e-10
3.38423	1.80285e-10
3.40342	1.82437e-10
3.42249	1.84594e-10
3.44147	1.86799e-10
3.46034	1.88964e-10
3.4791	1.91134e-10
3.49777	1.93352e-10
3.51634	1.95531e-10
3.53481	1.97758e-10
3.5542	1.99999e-10
3.57247	2.02235e-10
3.59166	2.04529e-10
3.60974	2.06728e-10
3.62873	2.09031e-10
3.64763	2.11338e-10
3.66642	2.13604e-10
3.68512	2.15919e-10
3.70372	2.18239e-10
3.72223	2.20562e-10
3.74065	2.22889e-10
3.75898	2.25174e-10
3.77722	2.27508e-10
3.79633	2.29949e-10
3.81439	2.32244e-10
3.83331	2.34645e-10
3.85214	2.37097e-10
3.87088	2.39506e-10
3.88859	2.41863e-10
3.90715	2.44279e-10
3.92563	2.46698e-10
3.94493	2.49224e-10
3.96323	2.5165e-10
3.98144	2.5408e-10
4.00048	2.56617e-10
4.01852	2.59053e-10
4.03738	2.61548e-10
4.05526	2.64039e-10
4.07395	2.66541e-10
4.09256	2.69095e-10
4.11108	2.71652e-10
4.12952	2.74163e-10
4.14787	2.76727e-10
4.16615	2.79244e-10
4.18434	2.81814e-10
4.20246	2.84387e-10
4.22135	2.87019e-10
4.23931	2.89598e-10
4.25804	2.92236e-10
4.27669	2.94877e-10
4.29442	2.97413e-10
4.31291	3.0006e-10
4.33132	3.02761e-10
4.34966	3.05361e-10
4.36792	3.08068e-10
4.3861	3.10726e-10
4.40503	3.13442e-10
4.42306	3.16105e-10
4.44102	3.1877e-10
4.45971	3.21547e-10
4.47752	3.24218e-10
4.49607	3.26947e-10
4.51453	3.29731e-10
4.53293	3.32465e-10
4.55124	3.35255e-10
4.56949	3.37993e-10
4.58766	3.40788e-10
4.60576	3.43531e-10
4.62379	3.4633e-10
4.64253	3.49134e-10
4.66042	3.51937e-10
4.67901	3.548e-10
4.69753	3.57664e-10
4.71521	3.6042e-10
4.73358	3.63288e-10
4.75189	3.66159e-10
4.77012	3.69032e-10
4.78829	3.71907e-10
4.80639	3.74784e-10
4.82517	3.77719e-10
4.84313	3.806e-10
4.86102	3.83482e-10
4.87959	3.86423e-10
4.89735	3.89309e-10
4.91578	3.9231e-10
4.93415	3.95255e-10
4.95244	3.98203e-10
4.97067	4.01209e-10
4.98883	4.0416e-10
5.00692	4.07112e-10
5.02495	4.10124e-10
5.04364	4.13135e-10
5.06154	4.1615e-10
5.08008	4.19164e-10
5.09786	4.22182e-10
5.11627	4.25257e-10
5.13462	4.28276e-10
5.15221	4.31298e-10
5.17043	4.34377e-10
5.18929	4.37456e-10
5.20738	4.40538e-10
5.22541	4.43621e-10
5.24338	4.46706e-10
5.26197	4.49848e-10
5.27982	4.52935e-10
5.29828	4.5608e-10
5.31601	4.59169e-10
5.33435	4.62315e-10
5.35263	4.65463e-10
5.37084	4.68672e-10
5.389	4.71821e-10
5.40709	4.74971e-10
5.42513	4.78123e-10
5.44376	4.81392e-10
5.46168	4.84544e-10
5.47953	4.87698e-10
5.49799	4.90969e-10
5.51638	4.94181e-10
5.53471	4.97454e-10
5.55233	5.0061e-10
5.57054	5.03884e-10
5.58869	5.07159e-10
5.60743	5.1043e-10
5.62547	5.13706e-10
5.64345	5.16983e-10
5.66201	5.20317e-10
5.67987	5.23595e-10
5.69831	5.2693e-10
5.71669	5.30265e-10
5.73438	5.33481e-10
5.75264	5.36817e-10
5.77085	5.40216e-10
5.789	5.43552e-10
5.8071	5.46889e-10
5.82575	5.50282e-10
5.84373	5.53618e-10
5.86227	5.57075e-10
5.88014	5.60412e-10
5.89857	5.63806e-10
5.91633	5.67206e-10
5.93464	5.706e-10
5.9529	5.74057e-10
5.97111	5.7745e-10
5.98925	5.80907e-10
6.00795	5.84357e-10
6.02598	5.87814e-10
6.04397	5.91271e-10
6.06249	5.94719e-10
6.08096	5.98232e-10
6.09878	6.01688e-10
6.11714	6.052e-10
6.13545	6.08712e-10
6.1537	6.12224e-10
6.1719	6.15735e-10
6.19004	6.19246e-10
6.20871	6.22813e-10
6.22675	6.26323e-10
6.24473	6.29832e-10
6.26324	6.33397e-10
6.2817	6.36961e-10
6.29952	6.40468e-10
6.31787	6.44164e-10
6.33617	6.4786e-10
6.35441	6.51555e-10
6.37317	6.54638e-10
6.39131	6.58331e-10
6.4094	6.62024e-10
6.42799	6.65772e-10
6.44598	6.69464e-10
6.46447	6.73211e-10
6.48291	6.76958e-10
6.5013	6.80027e-10
6.51964	6.83771e-10
6.53792	6.87514e-10
6.55615	6.91257e-10
6.57434	6.94998e-10
6.59247	6.98739e-10
6.6111	7.02535e-10
6.62913	7.06274e-10
6.64766	7.10067e-10
6.66614	7.1386e-10
6.68456	7.16964e-10
6.70294	7.20754e-10
6.72126	7.24542e-10
6.73954	7.28329e-10
6.75776	7.32114e-10
6.77647	7.35955e-10
6.7946	7.39738e-10
6.81321	7.43575e-10
6.83176	7.47411e-10
6.84974	7.5119e-10
6.8682	7.55023e-10
6.88661	7.58854e-10
6.90497	7.62684e-10
6.92329	7.66512e-10
6.94207	7.70394e-10
6.96029	7.74219e-10
6.97897	7.78098e-10
6.99709	7.81919e-10
7.01568	7.85794e-10
7.03422	7.89667e-10
7.05271	7.93539e-10
7.07115	7.97408e-10
7.08954	8.01275e-10
7.10789	8.0514e-10
7.12669	8.09059e-10
7.14494	8.1292e-10
7.16365	8.16834e-10
7.18181	8.20691e-10
7.20042	8.24601e-10
7.21898	8.28508e-10
7.2375	8.32413e-10
7.25597	8.36316e-10
7.27439	8.40216e-10
7.29327	8.4417e-10
7.3116	8.48065e-10
7.33037	8.52014e-10
7.3491	8.56683e-10
7.36729	8.60571e-10
7.38593	8.64513e-10
7.40452	8.68451e-10
7.42306	8.72387e-10
7.44204	8.76375e-10
7.46049	8.80306e-10
7.47889	8.84233e-10
7.49773	8.88213e-10
7.51604	8.92135e-10
7.53479	8.96841e-10
7.55349	9.00813e-10
7.57215	9.04781e-10
7.59076	9.08747e-10
7.60932	9.12709e-10
7.62831	9.16723e-10
7.64678	9.20679e-10
7.66521	9.25371e-10
7.68407	9.29376e-10
7.70287	9.33378e-10
7.72164	9.37377e-10
7.74035	9.41372e-10
7.75902	9.46107e-10
7.77765	9.50096e-10
7.79623	9.54081e-10
7.81524	9.58118e-10
7.83373	9.62096e-10
7.85264	9.66873e-10
7.8715	9.709e-10
7.88987	9.74868e-10
7.90864	9.78887e-10
7.92783	9.82957e-10
7.94652	9.8772e-10
7.96516	9.91728e-10
7.98421	9.95787e-10
8.00277	9.99788e-10
8.02173	1.00459e-09
8.04065	1.00864e-09
8.05907	1.01263e-09
8.0779	1.01667e-09
8.09714	1.02152e-09
8.11588	1.02555e-09
8.13458	1.02958e-09
8.15368	1.03442e-09
8.17229	1.03844e-09
8.1913	1.04251e-09
8.21027	1.04734e-09
8.22919	1.0514e-09
8.24807	1.05545e-09
8.26691	1.05951e-09
8.28571	1.06432e-09
8.3049	1.06842e-09
8.3236	1.07246e-09
8.34271	1.07732e-09
8.36176	1.0814e-09
8.38078	1.08626e-09
8.39975	1.09033e-09
8.41868	1.0944e-09
8.43756	1.09924e-09
8.45683	1.10336e-09
8.47563	1.10742e-09
8.49482	1.1123e-09
8.51438	1.11645e-09
8.53136	1.12106e-09
8.55254	1.12542e-09
8.56944	1.12924e-09
8.59052	1.13437e-09
8.60735	1.13818e-09
8.62834	1.1433e-09
8.64927	1.14764e-09
8.66599	1.15143e-09
8.68683	1.15654e-09
8.70348	1.16033e-09
8.72423	1.16542e-09
8.74494	1.16974e-09
8.76147	1.17429e-09
8.78209	1.17859e-09
8.79855	1.18314e-09
8.81909	1.18743e-09
8.83957	1.1925e-09
8.86001	1.19677e-09
8.87633	1.2013e-09
8.89668	1.20557e-09
8.91699	1.21062e-09
8.9332	1.21435e-09
8.95343	1.21939e-09
8.97361	1.22363e-09
8.99374	1.22866e-09
9.01383	1.2329e-09
9.02987	1.23739e-09
9.04988	1.24161e-09
9.06984	1.24662e-09
9.08976	1.25083e-09
9.10964	1.25583e-09
9.12947	1.26003e-09
9.14926	1.26502e-09
9.16506	1.26948e-09
9.18478	1.27366e-09
9.20445	1.27863e-09
9.22408	1.2828e-09
9.24367	1.28776e-09
9.26321	1.29272e-09
9.28272	1.29687e-09
9.30218	1.30182e-09
9.32161	1.30595e-09
9.34099	1.31089e-09
9.36034	1.31582e-09
9.37964	1.31993e-09
9.3989	1.32485e-09
9.41813	1.32977e-09
9.43731	1.33386e-09
9.46029	1.33929e-09
9.47939	1.34418e-09
9.49845	1.34826e-09
9.51747	1.35314e-09
9.53646	1.35802e-09
9.5554	1.36208e-09
9.57431	1.36695e-09
9.59696	1.37233e-09
9.61579	1.37636e-09
9.63458	1.38121e-09
9.65333	1.38605e-09
9.67579	1.39059e-09
9.69447	1.39542e-09
9.71311	1.40024e-09
9.73171	1.40505e-09
9.75399	1.40956e-09
9.77252	1.41436e-09
9.79101	1.41916e-09
9.81315	1.42447e-09
9.83156	1.42843e-09
9.84994	1.4332e-09
9.87196	1.43849e-09
9.89026	1.44325e-09
9.91218	1.44853e-09
9.93041	1.45245e-09
9.94861	1.4572e-09
9.9704	1.46245e-09
9.98853	1.46717e-09
10.0102	1.47241e-09
10.0283	1.4763e-09
10.0499	1.48152e-09
10.0679	1.48623e-09
10.0894	1.49143e-09
10.1109	1.49663e-09
10.1288	1.50131e-09
10.1502	1.5065e-09
10.168	1.51034e-09
10.1893	1.51551e-09
10.2106	1.52067e-09
10.2283	1.52531e-09
10.2495	1.53046e-09
10.2707	1.5356e-09
10.2883	1.54022e-09
10.3093	1.54535e-09
10.3304	1.55047e-09
10.3479	1.55423e-09
10.3688	1.55933e-09
10.3897	1.56443e-09
10.4106	1.56951e-09
10.4279	1.57408e-09
10.4487	1.57915e-09
10.4695	1.58421e-09
10.4902	1.58927e-09
10.5109	1.59431e-09
10.5315	1.59935e-09
10.5521	1.60438e-09
10.5692	1.6089e-09
10.5897	1.61391e-09
10.6102	1.61891e-09
10.6307	1.62391e-09
10.651	1.6289e-09
10.6714	1.63388e-09
10.6917	1.63885e-09
10.712	1.64381e-09
10.7323	1.64877e-09
10.7525	1.65372e-09
10.7726	1.65865e-09
10.7928	1.66358e-09
10.8128	1.6685e-09
10.8363	1.67476e-09
10.8555	1.67956e-09
10.8747	1.68433e-09
10.8972	1.6896e-09
10.9163	1.69435e-09
10.9386	1.69959e-09
10.9609	1.70482e-09
10.9831	1.71004e-09
11.002	1.7139e-09
11.0241	1.71909e-09
11.0461	1.72428e-09
11.0682	1.72946e-09
11.0902	1.73463e-09
11.1121	1.73979e-09
11.1341	1.74409e-09
11.1559	1.74923e-09
11.1777	1.75435e-09
11.1995	1.75948e-09
11.2212	1.76373e-09
11.2462	1.76933e-09
11.2678	1.77441e-09
11.2894	1.77864e-09
11.3142	1.7842e-09
11.3357	1.78926e-09
11.3603	1.79393e-09
11.3817	1.79897e-09
11.4063	1.80363e-09
11.4276	1.80864e-09
11.4521	1.81328e-09
11.4764	1.81875e-09
11.4977	1.82288e-09
11.5219	1.82833e-09
11.5462	1.83292e-09
11.5703	1.83835e-09
11.5945	1.84291e-09
11.6186	1.84832e-09
11.6426	1.85285e-09
11.6666	1.85738e-09
11.6905	1.86275e-09
11.7144	1.86725e-09
11.7382	1.8726e-09
11.762	1.87707e-09
11.7888	1.88201e-09
11.8124	1.88732e-09
11.836	1.89175e-09
11.8627	1.89666e-09
11.8862	1.90193e-09
11.9127	1.90679e-09
11.9361	1.91118e-09
11.9625	1.91603e-09
11.9858	1.92125e-09
12.0121	1.92606e-09
12.0383	1.93086e-09
12.0645	1.93653e-09
12.0877	1.94084e-09
12.1137	1.9456e-09
12.1397	1.95034e-09
12.1656	1.95507e-09
12.1915	1.96066e-09
12.2174	1.96537e-09
12.2431	1.97006e-09
12.2689	1.97474e-09
12.2975	1.97986e-09
12.3231	1.98538e-09
12.3487	1.99002e-09
12.3742	1.99464e-09
12.4026	1.99971e-09
12.428	2.0043e-09
12.4562	2.00933e-09
12.4815	2.0139e-09
12.5095	2.01977e-09
12.5348	2.02431e-09
12.5628	2.02928e-09
12.5879	2.0338e-09
12.6158	2.03874e-09
12.6436	2.04367e-09
12.6714	2.04859e-09
12.699	2.05348e-09
12.7267	2.05836e-09
12.7543	2.06323e-09
12.7819	2.06898e-09
12.8093	2.07381e-09
12.8368	2.07864e-09
12.8641	2.08344e-09
12.8915	2.08824e-09
12.9187	2.09302e-09
12.9487	2.09822e-09
12.9758	2.10296e-09
13.0057	2.10814e-09
13.0328	2.11286e-09
13.0625	2.11799e-09
13.0895	2.12269e-09
13.1191	2.12779e-09
13.1459	2.13245e-09
13.1755	2.13753e-09
13.2049	2.14259e-09
13.2343	2.14764e-09
13.2637	2.15267e-09
13.2902	2.15725e-09
13.3195	2.16225e-09
13.3486	2.16722e-09
13.3804	2.17261e-09
13.4095	2.17756e-09
13.4384	2.18249e-09
13.4674	2.18741e-09
13.4963	2.19231e-09
13.5277	2.19761e-09
13.5565	2.20248e-09
13.5878	2.20774e-09
13.6164	2.21258e-09
13.6477	2.21691e-09
13.6762	2.2217e-09
13.7073	2.22691e-09
13.7384	2.2321e-09
13.7693	2.23726e-09
13.7976	2.242e-09
13.8284	2.24712e-09
13.8593	2.25224e-09
13.8899	2.25733e-09
13.9232	2.26281e-09
13.9537	2.26696e-09
13.9843	2.27201e-09
14.0147	2.27703e-09
14.0451	2.28202e-09
14.078	2.28742e-09
14.1083	2.29239e-09
14.141	2.29774e-09
14.1711	2.30268e-09
14.2038	2.30708e-09
14.2363	2.31237e-09
14.2688	2.31765e-09
14.2987	2.32252e-09
14.331	2.32775e-09
14.3632	2.33297e-09
14.3954	2.33725e-09
14.4276	2.34244e-09
14.4621	2.34799e-09
14.4941	2.35313e-09
14.526	2.35826e-09
14.5578	2.36336e-09
14.5921	2.3679e-09
14.6238	2.37298e-09
14.6579	2.3784e-09
14.6895	2.38343e-09
14.7234	2.38882e-09
14.7573	2.39419e-09
14.791	2.39861e-09
14.8248	2.40395e-09
14.856	2.40887e-09
14.8896	2.41416e-09
14.9255	2.41981e-09
14.9589	2.42411e-09
14.9922	2.42934e-09
15.0256	2.43456e-09
15.0611	2.4401e-09
15.0942	2.44527e-09
15.1297	2.44985e-09
15.1626	2.45498e-09
15.1979	2.46045e-09
15.2331	2.4659e-09
15.2659	2.47096e-09
15.3009	2.47543e-09
15.3358	2.48081e-09
15.3707	2.48618e-09
15.4078	2.49188e-09
15.4425	2.49625e-09
15.4771	2.50155e-09
15.5117	2.50682e-09
15.5485	2.51244e-09
15.5829	2.51767e-09
15.6195	2.52229e-09
15.6537	2.52747e-09
15.6902	2.533e-09
15.7265	2.5385e-09
15.7628	2.54396e-09
15.799	2.54848e-09
15.8351	2.5539e-09
15.8711	2.55931e-09
15.9071	2.5647e-09
15.9452	2.5704e-09
15.981	2.57478e-09
16.0189	2.58045e-09
16.0545	2.58574e-09
16.0923	2.59135e-09
16.1278	2.59564e-09
16.1653	2.6012e-09
16.2028	2.60674e-09
16.2403	2.61227e-09
16.2775	2.61775e-09
16.3148	2.62226e-09
16.3542	2.62805e-09
16.3912	2.63346e-09
16.4281	2.63885e-09
16.4673	2.64457e-09
16.5062	2.64929e-09
16.5429	2.65461e-09
16.5818	2.66025e-09
16.6205	2.66586e-09
16.659	2.67143e-09
16.6976	2.67603e-09
16.736	2.68156e-09
16.7744	2.68707e-09
16.8148	2.69288e-09
16.8529	2.69834e-09
16.8931	2.70313e-09
16.9311	2.70854e-09
16.9711	2.71424e-09
17.011	2.71992e-09
17.0508	2.72557e-09
17.0907	2.73024e-09
17.1302	2.73583e-09
17.1698	2.7414e-09
17.2092	2.74695e-09
17.2507	2.75281e-09
17.2899	2.75732e-09
17.3311	2.76311e-09
17.3702	2.76855e-09
17.4112	2.77428e-09
17.4522	2.77999e-09
17.4931	2.7847e-09
17.5339	2.79035e-09
17.5765	2.79628e-09
17.617	2.80188e-09
17.6575	2.80745e-09
17.6999	2.8133e-09
17.7403	2.81785e-09
17.7824	2.82365e-09
17.8245	2.82942e-09
17.8665	2.83516e-09
17.9084	2.84087e-09
17.9501	2.84556e-09
17.9938	2.85152e-09
18.0354	2.85715e-09
18.0789	2.86306e-09
18.1203	2.86863e-09
18.1635	2.87447e-09
18.2067	2.88029e-09
18.2497	2.88509e-09
18.2927	2.89084e-09
18.3356	2.89657e-09
18.3783	2.90228e-09
18.423	2.90826e-09
18.4656	2.9139e-09
18.51	2.91881e-09
18.5542	2.92469e-09
18.5965	2.93025e-09
18.6406	2.93607e-09
18.6864	2.94215e-09
18.7303	2.94791e-09
18.774	2.95364e-09
18.8195	2.95961e-09
18.863	2.96428e-09
18.9084	2.97021e-09
18.9536	2.9761e-09
18.9987	2.98197e-09
19.0437	2.9878e-09
19.0886	2.99361e-09
19.1353	2.99967e-09
19.18	3.00541e-09
19.2264	3.01039e-09
19.2728	3.01636e-09
19.3171	3.02201e-09
19.3633	3.02791e-09
19.4111	3.03406e-09
19.457	3.0399e-09
19.5027	3.04568e-09
19.5502	3.05173e-09
19.5976	3.05775e-09
19.643	3.06346e-09
19.6902	3.06941e-09
19.7372	3.07432e-09
19.786	3.08048e-09
19.8327	3.08632e-09
19.8812	3.09241e-09
19.9278	3.0982e-09
19.9761	3.10423e-09
20.0243	3.11022e-09
20.0723	3.11618e-09
20.1202	3.12211e-09
20.1679	3.12799e-09
20.2174	3.13411e-09
20.265	3.13995e-09
20.3142	3.14601e-09
20.3633	3.15203e-09
20.4123	3.15802e-09
20.4612	3.16398e-09
20.5116	3.17014e-09
20.5602	3.17603e-09
20.6105	3.18216e-09
20.6606	3.18823e-09
20.7106	3.19428e-09
20.7605	3.20029e-09
20.8102	3.20624e-09
20.8615	3.21244e-09
20.911	3.21834e-09
20.9622	3.22448e-09
21.0132	3.23056e-09
21.0639	3.2366e-09
21.1147	3.24261e-09
21.167	3.24885e-09
21.2174	3.25479e-09
21.2695	3.26096e-09
21.3215	3.26708e-09
21.3731	3.27315e-09
21.4248	3.2792e-09
21.4763	3.28522e-09
21.5294	3.29144e-09
21.5824	3.29764e-09
21.6351	3.30377e-09
21.6878	3.30988e-09
21.7403	3.31596e-09
21.7928	3.322e-09
21.8467	3.32824e-09
21.8988	3.33419e-09
21.9525	3.34036e-09
22.0077	3.34673e-09
22.0611	3.35282e-09
22.1142	3.35886e-09
22.169	3.36617e-09
22.2237	3.37238e-09
22.2782	3.37856e-09
22.3325	3.3847e-09
22.3866	3.39078e-09
22.4423	3.39707e-09
22.4963	3.40311e-09
22.5517	3.40932e-09
22.6086	3.41573e-09
22.6636	3.4229e-09
22.7186	3.429e-09
22.7751	3.4353e-09
22.8314	3.44155e-09
22.8874	3.44774e-09
22.9434	3.45391e-09
23.0009	3.46026e-09
23.0567	3.46636e-09
23.1137	3.47368e-09
23.1707	3.47991e-09
23.2276	3.48611e-09
23.2858	3.49248e-09
23.3425	3.4986e-09
23.4003	3.50487e-09
23.4582	3.5122e-09
23.5159	3.51841e-09
23.5749	3.52479e-09
23.6338	3.53113e-09
23.691	3.53722e-09
23.7511	3.54477e-09
23.8096	3.55099e-09
23.8678	3.55715e-09
23.9276	3.56351e-09
23.9871	3.56982e-09
24.0465	3.57716e-09
24.1056	3.58337e-09
24.1661	3.58977e-09
24.2266	3.59613e-09
24.2869	3.60351e-09
24.3468	3.60976e-09
24.4083	3.61619e-09
24.4681	3.62237e-09
24.5293	3.62981e-09
24.5902	3.63611e-09
24.6524	3.64255e-09
24.713	3.64877e-09
24.775	3.65623e-09
24.8368	3.66256e-09
24.8998	3.66904e-09
24.9613	3.67637e-09
25.024	3.68277e-09
25.0866	3.68913e-09
25.1489	3.69651e-09
25.2127	3.70298e-09
25.2763	3.70941e-09
25.3383	3.71667e-09
25.4027	3.72318e-09
25.4658	3.72947e-09
25.5302	3.73701e-09
25.5944	3.7434e-09
25.6583	3.74975e-09
25.7234	3.75732e-09
25.7885	3.76377e-09
25.8534	3.77018e-09
25.9181	3.77763e-09
25.9825	3.78392e-09
26.0483	3.79037e-09
26.1139	3.79788e-09
26.1808	3.80444e-09
26.2459	3.81183e-09
26.3124	3.81829e-09
26.3787	3.8247e-09
26.4462	3.83235e-09
26.5121	3.83865e-09
26.5792	3.8462e-09
26.6462	3.85261e-09
26.7143	3.86025e-09
26.7808	3.86654e-09
26.8472	3.87391e-09
26.9136	3.88013e-09
26.9797	3.8863e-09
27.0587	3.89532e-09
27.1245	3.90138e-09
27.1902	3.90851e-09
27.2557	3.9145e-09
27.334	3.92333e-09
27.399	3.92918e-09
27.464	3.93613e-09
27.5417	3.94368e-09
27.6064	3.95054e-09
27.6836	3.95797e-09
27.7479	3.96472e-09
27.8249	3.97206e-09
27.8888	3.97872e-09
27.9654	3.98595e-09
28.029	3.99251e-09
28.1052	4.00076e-09
28.1812	4.00784e-09
28.2442	4.01424e-09
28.3198	4.02122e-09
28.3953	4.02925e-09
28.4705	4.03611e-09
28.5453	4.04402e-09
28.6077	4.05021e-09
28.6823	4.05691e-09
28.7568	4.06469e-09
28.8311	4.07129e-09
28.905	4.07893e-09
28.9789	4.08655e-09
29.0526	4.09298e-09
29.1262	4.1005e-09
29.2115	4.10958e-09
29.2846	4.11585e-09
29.3575	4.1232e-09
29.4303	4.1305e-09
29.5027	4.13659e-09
29.5872	4.14542e-09
29.6594	4.15256e-09
29.7314	4.15851e-09
29.815	4.16712e-09
29.8866	4.17411e-09
29.97	4.18151e-09
30.0413	4.18838e-09
30.124	4.19676e-09
30.1949	4.20354e-09
30.2774	4.21069e-09
30.3598	4.21893e-09
30.4299	4.22552e-09
30.5118	4.23364e-09
30.5934	4.24056e-09
30.6748	4.24856e-09
30.7561	4.2565e-09
30.8254	4.26284e-09
30.9062	4.26953e-09
30.9868	4.2773e-09
31.0672	4.28501e-09
31.1472	4.29264e-09
31.2387	4.30176e-09
31.3184	4.30929e-09
31.3979	4.31563e-09
31.4771	4.32303e-09
31.5562	4.3304e-09
31.6464	4.33918e-09
31.7252	4.34645e-09
31.8036	4.35362e-09
31.8931	4.36222e-09
31.9712	4.36815e-09
32.0602	4.37662e-09
32.1379	4.38359e-09
32.2264	4.39192e-09
32.3036	4.39878e-09
32.3918	4.407e-09
32.4796	4.41517e-09
32.5671	4.42324e-09
32.6436	4.42987e-09
32.7308	4.43786e-09
32.8178	4.44577e-09
32.9043	4.4536e-09
32.9908	4.46139e-09
33.0771	4.46912e-09
33.1633	4.4768e-09
33.2491	4.48441e-09
33.3345	4.49193e-09
33.4306	4.50078e-09
33.5157	4.5082e-09
33.6006	4.51555e-09
33.6958	4.52419e-09
33.7803	4.53142e-09
33.8645	4.5386e-09
33.9591	4.54705e-09
34.0427	4.55408e-09
34.1368	4.5624e-09
34.2307	4.57066e-09
34.3138	4.57753e-09
34.4069	4.58562e-09
34.5	4.59367e-09
34.5928	4.60166e-09
34.6854	4.60959e-09
34.7775	4.61859e-09
34.8696	4.62638e-09
34.9614	4.6341e-09
35.053	4.64175e-09
35.1441	4.64932e-09
35.2353	4.65685e-09
35.3262	4.66431e-09
35.4269	4.67415e-09
35.517	4.68145e-09
35.6072	4.68871e-09
35.7071	4.69715e-09
35.7968	4.7043e-09
35.896	4.71376e-09
35.9951	4.72199e-09
36.084	4.72892e-09
36.1826	4.73702e-09
36.2807	4.7462e-09
36.3789	4.75417e-09
36.4766	4.76205e-09
36.5742	4.77105e-09
36.6712	4.77876e-09
36.7682	4.78643e-09
36.865	4.79405e-09
36.9613	4.80275e-09
37.0575	4.81021e-09
37.1631	4.81879e-09
37.2588	4.8273e-09
37.3542	4.83455e-09
37.4589	4.8429e-09
37.5539	4.85121e-09
37.658	4.85942e-09
37.7617	4.86872e-09
37.856	4.87564e-09
37.9594	4.88363e-09
38.0622	4.89271e-09
38.165	4.90055e-09
38.2675	4.90951e-09
38.3697	4.9172e-09
38.4716	4.926e-09
38.5733	4.93355e-09
38.6839	4.94214e-09
38.7848	4.95071e-09
38.8857	4.95803e-09
38.9956	4.9676e-09
39.0957	4.97475e-09
39.2048	4.98415e-09
39.3046	4.99119e-09
39.4132	5.00044e-09
39.5213	5.0096e-09
39.6293	5.01749e-09
39.737	5.02651e-09
39.8442	5.03422e-09
39.9513	5.04308e-09
40.0582	5.05068e-09
40.1645	5.05936e-09
40.2707	5.068e-09
40.3855	5.07641e-09
40.4912	5.08489e-09
40.6053	5.09312e-09
40.7104	5.10146e-09
40.8239	5.11075e-09
40.9282	5.11769e-09
41.0413	5.12684e-09
41.1539	5.13589e-09
41.266	5.14362e-09
41.378	5.15252e-09
41.4897	5.16133e-09
41.601	5.17005e-09
41.7122	5.17749e-09
41.8315	5.18707e-09
41.9418	5.19553e-09
42.052	5.20395e-09
42.1705	5.21207e-09
42.2883	5.22129e-09
42.3976	5.22946e-09
42.515	5.23854e-09
42.6318	5.2475e-09
42.7487	5.25521e-09
42.8652	5.26403e-09
42.981	5.27275e-09
43.0969	5.28141e-09
43.2125	5.29001e-09
43.3357	5.29942e-09
43.4505	5.30784e-09
43.5733	5.31711e-09
43.6873	5.32411e-09
43.8095	5.33322e-09
43.9309	5.34221e-09
44.0523	5.35114e-09
44.1653	5.35906e-09
44.286	5.3678e-09
44.4144	5.37739e-09
44.5345	5.38598e-09
44.654	5.39445e-09
44.7735	5.40288e-09
44.9003	5.41208e-09
45.0191	5.42033e-09
45.1454	5.42938e-09
45.2712	5.43832e-09
45.397	5.44721e-09
45.522	5.45597e-09
45.647	5.46466e-09
45.7716	5.47451e-09
45.8957	5.48301e-09
46.0197	5.49145e-09
46.1507	5.50063e-09
46.274	5.50889e-09
46.4047	5.51793e-09
46.527	5.52598e-09
46.6569	5.53606e-09
46.7862	5.54479e-09
46.9155	5.55347e-09
47.044	5.56201e-09
47.1725	5.57049e-09
47.3081	5.58095e-09
47.4357	5.58924e-09
47.5631	5.59744e-09
47.6974	5.60636e-09
47.8317	5.61646e-09
47.9577	5.62436e-09
48.0911	5.63302e-09
48.2239	5.6428e-09
48.3568	5.65129e-09
48.4961	5.66044e-09
48.6281	5.66997e-09
48.7594	5.67813e-09
48.898	5.68704e-09
49.0362	5.69708e-09
49.1663	5.70495e-09
49.3038	5.71357e-09
49.4406	5.72329e-09
49.5771	5.7317e-09
49.7131	5.74123e-09
49.8562	5.75024e-09
49.9914	5.75958e-09
50.1336	5.76837e-09
50.2682	5.77753e-09
50.4093	5.78609e-09
50.5503	5.79583e-09
50.6907	5.8042e-09
50.831	5.81376e-09
50.9706	5.82192e-09
51.117	5.83202e-09
51.256	5.84e-09
51.4016	5.84989e-09
51.5396	5.85892e-09
51.6844	5.86736e-09
51.8287	5.87693e-09
51.9724	5.88639e-09
52.116	5.89452e-09
52.2659	5.90451e-09
52.4087	5.9137e-09
52.5576	5.92222e-09
52.6997	5.93121e-09
52.8478	5.94077e-09
52.9955	5.94898e-09
53.1431	5.95838e-09
53.2966	5.96834e-09
53.4433	5.97751e-09
53.5895	5.98532e-09
53.7417	5.99495e-09
53.8938	6.00451e-09
54.0452	6.01394e-09
54.1963	6.02327e-09
54.3471	6.03251e-09
54.4972	6.04036e-09
54.6474	6.04941e-09
54.8031	6.05898e-09
54.9584	6.06844e-09
55.1138	6.07784e-09
55.2618	6.08642e-09
55.4223	6.09622e-09
55.5763	6.10529e-09
55.7295	6.11421e-09
55.8885	6.12368e-09
56.0413	6.13244e-09
56.1995	6.14168e-09
56.3573	6.15082e-09
56.5151	6.1599e-09
56.6783	6.16945e-09
56.8347	6.17826e-09
56.9971	6.18761e-09
57.153	6.19623e-09
57.3143	6.20534e-09
57.4754	6.21435e-09
57.6361	6.22453e-09
57.8022	6.23392e-09
57.9619	6.2426e-09
58.1271	6.25176e-09
58.2922	6.26084e-09
58.4505	6.26919e-09
58.6204	6.27988e-09
58.7838	6.28859e-09
58.9472	6.29723e-09
59.1156	6.30631e-09
59.2836	6.31654e-09
59.4453	6.32481e-09
59.6183	6.33414e-09
59.785	6.34403e-09
59.9514	6.35257e-09
60.123	6.36154e-09
60.2883	6.37109e-09
60.4589	6.37983e-09
60.629	6.38844e-09
60.8046	6.3988e-09
60.9741	6.40722e-09
61.1486	6.41732e-09
61.317	6.42548e-09
61.4905	6.43534e-09
61.6635	6.44382e-09
61.8419	6.45402e-09
62.014	6.46225e-09
62.1914	6.47221e-09
62.3685	6.48079e-09
62.5448	6.49049e-09
62.7207	6.49881e-09
62.896	6.50827e-09
63.0764	6.51814e-09
63.2509	6.5261e-09
63.4303	6.53574e-09
63.6094	6.54399e-09
63.7934	6.55391e-09
63.9712	6.56317e-09
64.1544	6.57159e-09
64.3368	6.58113e-09
64.5188	6.59056e-09
64.7002	6.59986e-09
64.8811	6.60776e-09
65.0671	6.61734e-09
65.252	6.62674e-09
65.437	6.63606e-09
65.6213	6.64525e-09
65.805	6.6543e-09
65.9938	6.66249e-09
66.1819	6.6718e-09
66.3696	6.681e-09
66.5566	6.69005e-09
66.7431	6.69898e-09
66.9342	6.70825e-09
67.1249	6.71741e-09
67.3153	6.72646e-09
67.505	6.73537e-09
67.6993	6.74463e-09
67.8881	6.75329e-09
68.081	6.76225e-09
68.2739	6.77114e-09
68.4713	6.78035e-09
68.6631	6.78897e-09
68.859	6.79788e-09
69.0547	6.8067e-09
69.25	6.81667e-09
69.4442	6.82519e-09
69.6436	6.83409e-09
69.8422	6.84283e-09
70.04	6.85143e-09
70.2375	6.85991e-09
70.4397	6.87e-09
70.6407	6.87864e-09
70.8415	6.88717e-09
71.0415	6.89681e-09
71.2412	6.90507e-09
71.4451	6.91363e-09
71.6486	6.92333e-09
71.8513	6.93161e-09
72.0537	6.93977e-09
72.2602	6.94949e-09
72.4664	6.95781e-09
72.6717	6.96725e-09
72.8767	6.9753e-09
73.0857	6.98489e-09
73.2944	6.99309e-09
73.5023	7.00241e-09
73.7093	7.01029e-09
73.9213	7.01978e-09
74.1271	7.02739e-09
74.3422	7.03698e-09
74.5521	7.04476e-09
74.7612	7.05365e-09
74.9743	7.06279e-09
75.187	7.07055e-09
75.404	7.07986e-09
75.6154	7.08859e-09
75.8308	7.09631e-09
76.0457	7.10516e-09
76.2645	7.11426e-09
76.4782	7.12283e-09
76.6962	7.13041e-09
76.9134	7.13909e-09
77.1343	7.148e-09
77.3548	7.15679e-09
77.5745	7.1654e-09
77.7937	7.17389e-09
78.0122	7.18222e-09
78.2347	7.1908e-09
78.4567	7.19924e-09
78.6823	7.20663e-09
78.903	7.21477e-09
79.1273	7.22439e-09
79.3508	7.23258e-09
79.5783	7.24101e-09
79.8054	7.24931e-09
80.0317	7.25745e-09
80.2575	7.26544e-09
80.4867	7.27364e-09
80.7155	7.28169e-09
80.9438	7.28961e-09
81.1708	7.29858e-09
81.4022	7.30656e-09
81.6327	7.31437e-09
81.8667	7.32236e-09
82.0961	7.32988e-09
82.329	7.33885e-09
82.5653	7.34674e-09
82.797	7.35415e-09
83.032	7.36299e-09
83.2662	7.37041e-09
83.5044	7.37931e-09
83.7416	7.38677e-09
83.9787	7.39412e-09
84.2143	7.40251e-09
84.4416	7.40887e-09
84.693	7.41833e-09
84.9434	7.42635e-09
85.1934	7.43547e-09
85.4007	7.43982e-09
85.6497	7.44868e-09
85.8976	7.45733e-09
86.1444	7.46454e-09
86.3908	7.47287e-09
86.6365	7.48103e-09
86.8813	7.48776e-09
87.1256	7.49561e-09
87.3693	7.5033e-09
87.6122	7.51083e-09
87.8543	7.51693e-09
88.0959	7.52414e-09
88.3771	7.53435e-09
88.6173	7.54124e-09
88.8568	7.54797e-09
89.095	7.55449e-09
89.373	7.56275e-09
89.61	7.56897e-09
89.8469	7.57508e-09
90.1226	7.58408e-09
90.3576	7.58982e-09
90.6317	7.59848e-09
90.8651	7.60389e-09
91.1377	7.61344e-09
91.4095	7.62157e-09
91.6412	7.62653e-09
91.911	7.63429e-09
92.1804	7.64191e-09
92.4104	7.64642e-09
92.6779	7.65366e-09
92.9451	7.66202e-09
93.211	7.66892e-09
93.4762	7.67565e-09
93.7406	7.68344e-09
94.0045	7.68985e-09
94.2674	7.69607e-09
94.5295	7.70335e-09
94.7912	7.70925e-09
95.0518	7.7162e-09
95.312	7.72177e-09
95.5713	7.72715e-09
95.8668	7.73634e-09
96.1247	7.74139e-09
96.3817	7.7475e-09
96.675	7.75616e-09
96.9307	7.76071e-09
97.222	7.76898e-09
97.4756	7.77315e-09
97.7292	7.77843e-09
98.0184	7.78619e-09
98.306	7.79371e-09
98.5575	7.79727e-09
98.844	7.80447e-09
99.1293	7.81147e-09
99.3785	7.81574e-09
99.6626	7.8224e-09
99.9456	7.82765e-09
100.228	7.83396e-09
100.509	7.84006e-09
100.79	7.84601e-09
101.07	7.85175e-09
101.349	7.85735e-09
101.627	7.86272e-09
101.905	7.86799e-09
102.182	7.87301e-09
102.458	7.87791e-09
102.767	7.88622e-09
103.042	7.89077e-09
103.315	7.89509e-09
103.623	7.90167e-09
103.894	7.90564e-09
104.199	7.91179e-09
104.471	7.91668e-09
104.774	7.92246e-09
105.042	7.92573e-09
105.345	7.93239e-09
105.645	7.93762e-09
105.912	7.94158e-09
106.211	7.94644e-09
106.51	7.95115e-09
106.807	7.95684e-09
107.104	7.96113e-09
107.399	7.96645e-09
107.694	7.97156e-09
107.988	7.97532e-09
108.282	7.98012e-09
108.574	7.98351e-09
108.866	7.98789e-09
109.156	7.9921e-09
109.447	7.99496e-09
109.768	8.00094e-09
110.056	8.00456e-09
110.343	8.00805e-09
110.662	8.01347e-09
110.948	8.01658e-09
111.265	8.02044e-09
111.549	8.02316e-09
111.864	8.0278e-09
112.178	8.03227e-09
112.491	8.03649e-09
112.772	8.03852e-09
113.083	8.04238e-09
113.394	8.04603e-09
113.704	8.04954e-09
114.012	8.054e-09
114.32	8.05708e-09
114.627	8.06002e-09
114.934	8.06274e-09
115.239	8.06527e-09
115.543	8.06878e-09
115.877	8.07283e-09
116.18	8.0748e-09
116.481	8.07775e-09
116.813	8.08125e-09
117.112	8.08262e-09
117.442	8.08691e-09
117.74	8.08792e-09
118.068	8.09175e-09
118.364	8.09239e-09
118.69	8.0959e-09
119.015	8.098e-09
119.338	8.10104e-09
119.661	8.10391e-09
119.954	8.10364e-09
120.274	8.10609e-09
120.594	8.10838e-09
120.942	8.11108e-09
121.261	8.11301e-09
121.579	8.1147e-09
121.895	8.11618e-09
122.21	8.11749e-09
122.553	8.1203e-09
122.867	8.12122e-09
123.209	8.12368e-09
123.52	8.12418e-09
123.86	8.12619e-09
124.169	8.12631e-09
124.507	8.12797e-09
124.816	8.12773e-09
125.151	8.12891e-09
125.486	8.12996e-09
125.82	8.13081e-09
126.152	8.1314e-09
126.484	8.13296e-09
126.815	8.13317e-09
127.145	8.1332e-09
127.474	8.13412e-09
127.802	8.13378e-09
128.157	8.1348e-09
128.483	8.13512e-09
128.807	8.13413e-09
129.159	8.13567e-09
129.483	8.1343e-09
129.832	8.1354e-09
130.154	8.13365e-09
130.501	8.13429e-09
130.848	8.13477e-09
131.166	8.13241e-09
131.511	8.13251e-09
131.855	8.13237e-09
132.197	8.13094e-09
132.538	8.13033e-09
132.879	8.12959e-09
133.219	8.12865e-09
133.557	8.12749e-09
133.895	8.12611e-09
134.258	8.12599e-09
134.593	8.12422e-09
134.954	8.12368e-09
135.288	8.12153e-09
135.621	8.11914e-09
135.979	8.118e-09
136.335	8.11657e-09
136.665	8.11362e-09
137.02	8.11185e-09
137.373	8.11089e-09
137.726	8.10871e-09
138.078	8.10629e-09
138.428	8.10366e-09
138.778	8.10189e-09
139.126	8.09889e-09
139.474	8.09669e-09
139.821	8.09329e-09
140.191	8.09096e-09
140.535	8.08812e-09
140.878	8.08513e-09
141.246	8.08219e-09
141.587	8.07876e-09
141.952	8.07539e-09
142.316	8.07284e-09
142.655	8.06885e-09
143.017	8.06487e-09
143.378	8.06166e-09
143.738	8.05827e-09
144.097	8.05469e-09
144.455	8.05089e-09
144.811	8.04685e-09
145.167	8.04167e-09
145.546	8.03845e-09
145.899	8.03382e-09
146.251	8.02896e-09
146.627	8.02512e-09
146.977	8.02087e-09
147.35	8.01659e-09
147.699	8.01094e-09
148.07	8.00624e-09
148.44	8.00135e-09
148.785	7.99509e-09
149.153	7.99077e-09
149.519	7.98521e-09
149.885	7.97949e-09
150.25	7.97452e-09
150.613	7.96838e-09
150.999	7.96411e-09
151.359	7.95752e-09
151.72	7.95172e-09
152.102	7.94584e-09
152.46	7.93964e-09
152.839	7.93331e-09
153.195	7.92668e-09
153.572	7.9209e-09
153.949	7.91398e-09
154.302	7.90674e-09
154.675	7.90032e-09
155.049	7.89373e-09
155.42	7.88594e-09
155.791	7.87891e-09
156.161	7.87171e-09
156.551	7.86525e-09
156.918	7.85758e-09
157.285	7.84977e-09
157.672	7.84265e-09
158.036	7.8344e-09
158.421	7.8269e-09
158.783	7.81823e-09
159.165	7.81126e-09
159.546	7.80312e-09
159.926	7.79478e-09
160.306	7.78625e-09
160.684	7.77844e-09
161.061	7.76949e-09
161.436	7.76029e-09
161.81	7.75185e-09
162.183	7.74226e-09
162.556	7.73251e-09
162.948	7.72432e-09
163.318	7.71417e-09
163.708	7.70558e-09
164.096	7.69676e-09
164.462	7.68595e-09
164.848	7.67675e-09
165.233	7.66644e-09
165.617	7.6568e-09
166	7.64696e-09
166.381	7.6369e-09
166.761	7.62576e-09
167.14	7.6153e-09
167.517	7.60462e-09
167.914	7.59458e-09
168.29	7.58353e-09
168.685	7.57307e-09
169.057	7.56158e-09
169.45	7.55073e-09
169.841	7.53965e-09
170.21	7.52758e-09
170.598	7.51607e-09
170.985	7.50439e-09
171.372	7.49336e-09
171.756	7.48126e-09
172.16	7.46976e-09
172.542	7.45727e-09
172.923	7.4454e-09
173.322	7.43324e-09
173.701	7.42263e-09
174.097	7.40434e-09
174.474	7.39333e-09
174.868	7.38281e-09
175.261	7.37208e-09
175.653	7.35311e-09
176.043	7.34198e-09
176.433	7.33066e-09
176.821	7.3191e-09
177.207	7.30731e-09
177.592	7.28744e-09
177.996	7.276e-09
178.379	7.26363e-09
178.779	7.25174e-09
179.159	7.23115e-09
179.558	7.21889e-09
179.954	7.20638e-09
180.349	7.19369e-09
180.744	7.18079e-09
181.136	7.16001e-09
181.527	7.14668e-09
181.917	7.13318e-09
182.306	7.11948e-09
182.712	7.10621e-09
183.098	7.08459e-09
183.501	7.07092e-09
183.885	7.05643e-09
184.285	7.04235e-09
184.684	7.02809e-09
185.083	7.00628e-09
185.459	6.99096e-09
185.873	6.97675e-09
186.267	6.9617e-09
186.659	6.94643e-09
187.05	6.93096e-09
187.458	6.90875e-09
187.846	6.89292e-09
188.25	6.87748e-09
188.636	6.86127e-09
189.039	6.84547e-09
189.439	6.82944e-09
189.839	6.81324e-09
190.236	6.78983e-09
190.632	6.77324e-09
191.027	6.75645e-09
191.42	6.7395e-09
191.831	6.72292e-09
192.221	6.70556e-09
192.629	6.68859e-09
193.016	6.66407e-09
193.419	6.64672e-09
193.822	6.6292e-09
194.224	6.61149e-09
194.623	6.59357e-09
195.021	6.57548e-09
195.417	6.55718e-09
195.813	6.53872e-09
196.225	6.5206e-09
196.616	6.49525e-09
197.024	6.47676e-09
197.413	6.4576e-09
197.819	6.43877e-09
198.222	6.41975e-09
198.624	6.40053e-09
199.024	6.38114e-09
199.424	6.3616e-09
199.821	6.34183e-09
200.235	6.32242e-09
200.629	6.30234e-09
201.038	6.27636e-09
201.43	6.25596e-09
201.837	6.23584e-09
202.241	6.21553e-09
202.646	6.1951e-09
203.047	6.17444e-09
203.447	6.15364e-09
203.847	6.13268e-09
204.261	6.11199e-09
204.656	6.09068e-09
205.067	6.06965e-09
205.459	6.04801e-09
205.867	6.02666e-09
206.272	6.00511e-09
206.677	5.98344e-09
207.079	5.95586e-09
207.482	5.9339e-09
207.881	5.91176e-09
208.294	5.88984e-09
208.691	5.86739e-09
209.101	5.84517e-09
209.51	5.82281e-09
209.902	5.79989e-09
210.308	5.77721e-09
210.712	5.75439e-09
211.114	5.73138e-09
211.531	5.70864e-09
211.931	5.68538e-09
212.344	5.66233e-09
212.74	5.63875e-09
213.151	5.61541e-09
213.559	5.59191e-09
213.95	5.56792e-09
214.355	5.54414e-09
214.773	5.52055e-09
215.175	5.49649e-09
215.576	5.47232e-09
215.989	5.44327e-09
216.387	5.41885e-09
216.796	5.39459e-09
217.204	5.3702e-09
217.612	5.34572e-09
218.017	5.32108e-09
218.421	5.29632e-09
218.823	5.27142e-09
219.222	5.24638e-09
219.637	5.22157e-09
220.032	5.19627e-09
220.443	5.17119e-09
220.851	5.14598e-09
221.258	5.12066e-09
221.663	5.0952e-09
222.066	5.06964e-09
222.467	5.04395e-09
222.882	5.01845e-09
223.28	4.99253e-09
223.69	4.96677e-09
224.1	4.94092e-09
224.494	4.91469e-09
224.899	4.8886e-09
225.303	4.86241e-09
225.719	4.8364e-09
226.12	4.81001e-09
226.519	4.78352e-09
226.931	4.75718e-09
227.341	4.73074e-09
227.733	4.70393e-09
228.14	4.67729e-09
228.545	4.65058e-09
228.948	4.62376e-09
229.362	4.59304e-09
229.761	4.56606e-09
230.174	4.53924e-09
230.569	4.51208e-09
230.976	4.48505e-09
231.383	4.45795e-09
231.788	4.43079e-09
232.19	4.40351e-09
232.591	4.37617e-09
232.991	4.34874e-09
233.402	4.32147e-09
233.798	4.2939e-09
234.206	4.26647e-09
234.598	4.23873e-09
235.002	4.21114e-09
235.406	4.18351e-09
235.806	4.15577e-09
236.218	4.1282e-09
236.616	4.10035e-09
237.012	4.07244e-09
237.418	4.04464e-09
237.825	4.01342e-09
238.215	3.98535e-09
238.617	3.95741e-09
239.018	3.92945e-09
239.416	3.90139e-09
239.827	3.8735e-09
240.222	3.84536e-09
240.615	3.81718e-09
241.02	3.78912e-09
241.41	3.76083e-09
241.811	3.7327e-09
242.211	3.70451e-09
242.611	3.6763e-09
243.006	3.64498e-09
243.401	3.61671e-09
243.794	3.5884e-09
244.198	3.56024e-09
244.588	3.53187e-09
244.988	3.50362e-09
245.374	3.47519e-09
245.772	3.44691e-09
246.168	3.4186e-09
246.563	3.39026e-09
246.954	3.35912e-09
247.345	3.33078e-09
247.735	3.30241e-09
248.136	3.2742e-09
248.522	3.24579e-09
248.918	3.21754e-09
249.301	3.18913e-09
249.695	3.15828e-09
250.075	3.12988e-09
250.466	3.10163e-09
250.855	3.07337e-09
251.241	3.0451e-09
251.627	3.01684e-09
252.012	2.98618e-09
252.395	2.95796e-09
252.776	2.92976e-09
253.155	2.90155e-09
253.534	2.87338e-09
253.912	2.84521e-09
254.286	2.81479e-09
254.66	2.78669e-09
255.033	2.75861e-09
255.404	2.73055e-09
255.894	2.70366e-09
256.262	2.67351e-09
256.628	2.64555e-09
256.995	2.61763e-09
257.357	2.58973e-09
257.722	2.55986e-09
258.082	2.53207e-09
258.442	2.50433e-09
258.801	2.47663e-09
259.157	2.44703e-09
259.632	2.42043e-09
259.987	2.39289e-09
260.342	2.36355e-09
260.694	2.33613e-09
261.045	2.30878e-09
261.395	2.28149e-09
261.745	2.25249e-09
262.093	2.22535e-09
262.554	2.19912e-09
262.901	2.17042e-09
263.244	2.14347e-09
263.588	2.11662e-09
263.932	2.08822e-09
264.272	2.06153e-09
264.613	2.03335e-09
264.952	2.00684e-09
265.404	1.98117e-09
265.742	1.95332e-09
266.078	1.92708e-09
266.413	1.90092e-09
266.747	1.87341e-09
267.083	1.84748e-09
267.414	1.82022e-09
267.746	1.79449e-09
268.078	1.7675e-09
268.409	1.74199e-09
268.738	1.71527e-09
269.177	1.6906e-09
269.505	1.66541e-09
269.832	1.63908e-09
270.158	1.61413e-09
270.485	1.58809e-09
270.81	1.5634e-09
271.135	1.53764e-09
271.459	1.5132e-09
271.781	1.48774e-09
272.104	1.46245e-09
272.427	1.43842e-09
272.748	1.41344e-09
273.069	1.38968e-09
273.389	1.36501e-09
273.71	1.34153e-09
273.922	1.31673e-09
274.241	1.29258e-09
274.56	1.26955e-09
274.88	1.24573e-09
275.197	1.22208e-09
275.515	1.19952e-09
275.831	1.17621e-09
276.044	1.1527e-09
276.36	1.13062e-09
276.676	1.10786e-09
276.992	1.08529e-09
277.204	1.06334e-09
277.52	1.04114e-09
277.836	1.01913e-09
278.152	9.97316e-10
278.363	9.76097e-10
278.677	9.5466e-10
278.888	9.33114e-10
279.205	9.12091e-10
279.52	8.9126e-10
279.732	8.70993e-10
280.047	8.50563e-10
280.258	8.3006e-10
280.575	8.10051e-10
280.788	7.89989e-10
280.999	7.70146e-10
281.316	7.50776e-10
281.531	7.31383e-10
281.743	7.12734e-10
282.06	6.94002e-10
282.275	6.75266e-10
282.49	6.56763e-10
282.707	6.3849e-10
283.024	6.20646e-10
283.241	6.02833e-10
283.458	5.85254e-10
283.676	5.67911e-10
283.894	5.50804e-10
284.113	5.33935e-10
284.333	5.17305e-10
284.551	5.00547e-10
284.774	4.84413e-10
284.893	4.68369e-10
285.116	4.52723e-10
285.339	4.37321e-10
285.562	4.22164e-10
285.688	4.07128e-10
285.912	3.92183e-10
286.139	3.77784e-10
286.266	3.63522e-10
286.493	3.49627e-10
286.621	3.35879e-10
286.852	3.2226e-10
286.983	3.09042e-10
287.213	2.96177e-10
287.348	2.83483e-10
287.48	2.70855e-10
287.616	2.58699e-10
287.853	2.46886e-10
287.989	2.35088e-10
288.127	2.23738e-10
288.269	2.12504e-10
288.408	2.01699e-10
288.55	1.91165e-10
288.694	1.80772e-10
288.838	1.70789e-10
288.886	1.60914e-10
289.033	1.51487e-10
289.182	1.42232e-10
289.233	1.33321e-10
289.384	1.24638e-10
289.536	1.16329e-10
289.592	1.08187e-10
289.746	1.00441e-10
289.805	9.28802e-11
289.866	8.56143e-11
290.024	7.87233e-11
290.087	7.20404e-11
290.152	6.57004e-11
290.217	5.96041e-11
290.284	5.38037e-11
290.352	4.83341e-11
290.423	4.31221e-11
290.495	3.82065e-11
290.567	3.35874e-11
290.642	2.92861e-11
290.718	2.52576e-11
290.699	2.152e-11
290.778	1.80871e-11
290.762	1.49473e-11
290.844	1.21104e-11
290.831	9.57519e-12
290.916	7.3329e-12
290.905	5.38726e-12
290.995	3.74218e-12
290.989	2.39495e-12
290.985	1.34714e-12
