100	1.91489e-09
200	1.33462e-09
300	8.59369e-10
400	4.89741e-10
500	2.51779e-10
600	1.23108e-10
700	5.92929e-11
800	2.85875e-11
900	1.38878e-11
1000	6.81429e-12
1100	3.37554e-12
1200	1.69403e-12
1300	8.61034e-13
1400	4.43324e-13
1500	2.3243e-13
1600	1.24229e-13
1700	6.81121e-14
1800	3.85795e-14
1900	2.26797e-14
2000	1.39449e-14
2100	8.99172e-15
2200	6.08794e-15
2300	4.31574e-15
2400	3.18557e-15
2500	2.43024e-15
2600	1.9034e-15
2700	1.52134e-15
2800	1.23474e-15
2900	1.01395e-15
3000	8.40226e-16
3100	7.01268e-16
3200	5.88696e-16
3300	4.96571e-16
3400	4.20586e-16
3500	3.57512e-16
3600	3.04875e-16
3700	2.60747e-16
3800	2.23601e-16
3900	1.92217e-16
4000	1.65621e-16
4100	1.43014e-16
4200	1.23746e-16
4300	1.07281e-16
4400	9.31757e-17
4500	8.1065e-17
4600	7.06449e-17
4700	6.16622e-17
4800	5.39033e-17
4900	4.71883e-17
5000	4.13672e-17
5100	3.63117e-17
5200	3.19141e-17
5300	2.80832e-17
5400	2.47413e-17
5500	2.18216e-17
5600	1.92675e-17
5700	1.703e-17
5800	1.50676e-17
5900	1.33442e-17
6000	1.18288e-17
6100	1.04949e-17
6200	9.31963e-18
6300	8.28312e-18
6400	7.3679e-18
6500	6.55899e-18
6600	5.84344e-18
6700	5.20982e-18
6800	4.64827e-18
6900	4.15012e-18
7000	3.70783e-18
7100	3.31488e-18
7200	2.96549e-18
7300	2.65461e-18
7400	2.37777e-18
7500	2.13109e-18
7600	1.9111e-18
7700	1.7148e-18
7800	1.5395e-18
7900	1.38286e-18
8000	1.24279e-18
8100	1.11746e-18
8200	1.00528e-18
8300	9.04794e-19
8400	8.14744e-19
8500	7.34009e-19
8600	6.61572e-19
8700	5.96549e-19
8800	5.38156e-19
8900	4.85685e-19
9000	4.38509e-19
9100	3.96081e-19
9200	3.57896e-19
9300	3.23515e-19
9400	2.92545e-19
9500	2.64638e-19
9600	2.39484e-19
9700	2.16801e-19
9800	1.96336e-19
9900	1.77866e-19
10000	1.61187e-19
10100	1.46122e-19
10200	1.32511e-19
10300	1.20205e-19
10400	1.09077e-19
10500	9.90097e-20
10600	8.98988e-20
10700	8.16506e-20
10800	7.41791e-20
10900	6.74108e-20
11000	6.12777e-20
11100	5.57184e-20
11200	5.06779e-20
11300	4.61058e-20
11400	4.19577e-20
11500	3.8193e-20
11600	3.47751e-20
11700	3.16714e-20
11800	2.88519e-20
11900	2.62899e-20
12000	2.39613e-20
12100	2.18441e-20
12200	1.99188e-20
12300	1.81673e-20
12400	1.65736e-20
12500	1.51226e-20
12600	1.38018e-20
12700	1.25991e-20
12800	1.15037e-20
12900	1.05059e-20
13000	9.59651e-21
13100	8.76772e-21
13200	8.01226e-21
13300	7.32331e-21
13400	6.69496e-21
13500	6.12176e-21
13600	5.59868e-21
13700	5.12131e-21
13800	4.68551e-21
13900	4.28759e-21
14000	3.92417e-21
14100	3.59223e-21
14200	3.28893e-21
14300	3.01176e-21
14400	2.75839e-21
14500	2.52673e-21
14600	2.31491e-21
14700	2.12118e-21
14800	1.944e-21
14900	1.78192e-21
15000	1.63361e-21
15100	1.49788e-21
15200	1.37365e-21
15300	1.25992e-21
15400	1.15577e-21
15500	1.0604e-21
15600	9.73036e-22
15700	8.93014e-22
15800	8.19684e-22
15900	7.52483e-22
16000	6.90891e-22
16100	6.34427e-22
16200	5.82659e-22
16300	5.35185e-22
16400	4.91647e-22
16500	4.51708e-22
16600	4.15064e-22
16700	3.81438e-22
16800	3.50576e-22
16900	3.22252e-22
17000	2.9625e-22
17100	2.72381e-22
17200	2.50466e-22
17300	2.30341e-22
17400	2.11857e-22
17500	1.94881e-22
17600	1.79285e-22
17700	1.64957e-22
17800	1.5179e-22
17900	1.3969e-22
18000	1.28569e-22
18100	1.18345e-22
18200	1.08947e-22
18300	1.00305e-22
18400	9.23584e-23
18500	8.50497e-23
18600	7.83276e-23
18700	7.21444e-23
18800	6.64551e-23
18900	6.12207e-23
19000	5.64039e-23
19100	5.19711e-23
19200	4.78907e-23
19300	4.41347e-23
19400	4.06766e-23
19500	3.74922e-23
19600	3.45603e-23
19700	3.18604e-23
19800	2.93741e-23
19900	2.70839e-23
