100	2.77644e-23
200	7.44499e-24
300	3.06509e-24
400	1.52221e-24
500	8.42322e-25
600	5.00817e-25
700	3.13689e-25
800	2.0452e-25
900	1.37707e-25
1000	9.523e-26
1100	6.73638e-26
1200	4.85924e-26
1300	3.56567e-26
1400	2.65636e-26
1500	2.00582e-26
1600	1.53306e-26
1700	1.18459e-26
1800	9.24472e-27
1900	7.28013e-27
2000	5.78056e-27
2100	4.62475e-27
2200	3.72585e-27
2300	3.02098e-27
2400	2.46406e-27
2500	2.02084e-27
2600	1.66581e-27
2700	1.37969e-27
2800	1.14777e-27
2900	9.58769e-28
3000	8.03987e-28
3100	6.76638e-28
3200	5.71402e-28
3300	4.84067e-28
3400	4.1131e-28
3500	3.5048e-28
3600	2.99446e-28
3700	2.56493e-28
3800	2.20227e-28
3900	1.89513e-28
4000	1.63435e-28
4100	1.41234e-28
4200	1.22288e-28
4300	1.06079e-28
4400	9.21811e-29
4500	8.02378e-29
4600	6.9954e-29
4700	6.10829e-29
4800	5.34158e-29
4900	4.67768e-29
5000	4.10186e-29
5100	3.60156e-29
5200	3.16619e-29
5300	2.78677e-29
5400	2.45568e-29
5500	2.16633e-29
5600	1.91313e-29
5700	1.69126e-29
5800	1.49662e-29
5900	1.32563e-29
6000	1.17527e-29
6100	1.04287e-29
6200	9.26203e-30
6300	8.23291e-30
6400	7.32406e-30
6500	6.52065e-30
6600	5.80986e-30
6700	5.18038e-30
6800	4.62241e-30
6900	4.12739e-30
7000	3.68782e-30
7100	3.29724e-30
7200	2.94993e-30
7300	2.64086e-30
7400	2.36561e-30
7500	2.12033e-30
7600	1.90157e-30
7700	1.70634e-30
7800	1.53199e-30
7900	1.37619e-30
8000	1.23686e-30
8100	1.11218e-30
8200	1.00057e-30
8300	9.006e-31
8400	8.11003e-31
8500	7.30669e-31
8600	6.58588e-31
8700	5.93881e-31
8800	5.35769e-31
8900	4.83548e-31
9000	4.36595e-31
9100	3.94365e-31
9200	3.56357e-31
9300	3.22134e-31
9400	2.91305e-31
9500	2.63524e-31
9600	2.38482e-31
9700	2.159e-31
9800	1.95526e-31
9900	1.77136e-31
10000	1.6053e-31
10100	1.4553e-31
10200	1.31977e-31
10300	1.19724e-31
10400	1.08642e-31
10500	9.86172e-32
10600	8.95443e-32
10700	8.13303e-32
10800	7.38895e-32
10900	6.7149e-32
11000	6.10408e-32
11100	5.55041e-32
11200	5.04838e-32
11300	4.59301e-32
11400	4.17985e-32
11500	3.80487e-32
11600	3.46443e-32
11700	3.15527e-32
11800	2.87443e-32
11900	2.61922e-32
12000	2.38726e-32
12100	2.17636e-32
12200	1.98456e-32
12300	1.81008e-32
12400	1.65131e-32
12500	1.50677e-32
12600	1.37518e-32
12700	1.25536e-32
12800	1.14624e-32
12900	1.04682e-32
13000	9.56222e-33
13100	8.7365e-33
13200	7.98382e-33
13300	7.2974e-33
13400	6.67135e-33
13500	6.10023e-33
13600	5.57905e-33
13700	5.10341e-33
13800	4.66917e-33
13900	4.27269e-33
14000	3.91057e-33
14100	3.57981e-33
14200	3.27759e-33
14300	3.0014e-33
14400	2.74893e-33
14500	2.51809e-33
14600	2.30701e-33
14700	2.11396e-33
14800	1.9374e-33
14900	1.77589e-33
15000	1.62809e-33
15100	1.49284e-33
15200	1.36903e-33
15300	1.25569e-33
15400	1.1519e-33
15500	1.05686e-33
15600	9.69794e-34
15700	8.90044e-34
15800	8.16965e-34
15900	7.49991e-34
16000	6.88608e-34
16100	6.32335e-34
16200	5.80742e-34
16300	5.33428e-34
16400	4.90036e-34
16500	4.5023e-34
16600	4.13709e-34
16700	3.80195e-34
16800	3.49436e-34
16900	3.21206e-34
17000	2.95291e-34
17100	2.715e-34
17200	2.49658e-34
17300	2.29598e-34
17400	2.11176e-34
17500	1.94256e-34
17600	1.7871e-34
17700	1.64429e-34
17800	1.51305e-34
17900	1.39245e-34
18000	1.28159e-34
18100	1.17969e-34
18200	1.08601e-34
18300	9.99866e-35
18400	9.20661e-35
18500	8.47811e-35
18600	7.80805e-35
18700	7.19172e-35
18800	6.62461e-35
18900	6.10285e-35
19000	5.62271e-35
19100	5.18083e-35
19200	4.77409e-35
19300	4.3997e-35
19400	4.05498e-35
19500	3.73755e-35
19600	3.44528e-35
19700	3.17615e-35
19800	2.9283e-35
19900	2.70001e-35
