290.985	1.16861e-41
290.989	6.56541e-41
290.995	2.50415e-40
290.905	7.48412e-40
290.916	1.88681e-39
290.831	4.20761e-39
290.844	8.52092e-39
290.762	1.60458e-38
290.778	2.84166e-38
290.699	4.79296e-38
290.718	7.74469e-38
290.642	1.20889e-37
290.567	1.82843e-37
290.495	2.69461e-37
290.423	3.87886e-37
290.352	5.4685e-37
290.284	7.5616e-37
290.217	1.02911e-36
290.152	1.37968e-36
290.087	1.82313e-36
290.024	2.38122e-36
289.866	3.07579e-36
289.805	3.9306e-36
289.746	4.97476e-36
289.592	6.24209e-36
289.536	7.7658e-36
289.384	9.59002e-36
289.233	1.17675e-35
289.182	1.43162e-35
289.033	1.73405e-35
288.886	2.08635e-35
288.838	2.49567e-35
288.694	2.97058e-35
288.55	3.5213e-35
288.408	4.15138e-35
288.269	4.87256e-35
288.127	5.69996e-35
287.989	6.63594e-35
287.853	7.70253e-35
287.616	8.91137e-35
287.48	1.02632e-34
287.348	1.17907e-34
287.213	1.34929e-34
286.983	1.54113e-34
286.852	1.7533e-34
286.621	1.99306e-34
286.493	2.25526e-34
286.266	2.54837e-34
286.139	2.86943e-34
285.912	3.22701e-34
285.688	3.62393e-34
285.562	4.05312e-34
285.339	4.52873e-34
285.116	5.05003e-34
284.893	5.62046e-34
284.774	6.23648e-34
284.551	6.91556e-34
284.333	7.66118e-34
284.113	8.46611e-34
283.894	9.34036e-34
283.676	1.02886e-33
283.458	1.13158e-33
283.241	1.2427e-33
283.024	1.36277e-33
282.707	1.49406e-33
282.49	1.63392e-33
282.275	1.78453e-33
282.06	1.9465e-33
281.743	2.12301e-33
281.531	2.30812e-33
281.316	2.50855e-33
280.999	2.72641e-33
280.788	2.95639e-33
280.575	3.20235e-33
280.258	3.46923e-33
280.047	3.74995e-33
279.732	4.05418e-33
279.52	4.37006e-33
279.205	4.71545e-33
278.888	5.0836e-33
278.677	5.46887e-33
278.363	5.8851e-33
278.152	6.31485e-33
277.836	6.784e-33
277.52	7.28202e-33
277.204	7.81029e-33
276.992	8.3533e-33
276.676	8.94534e-33
276.36	9.57221e-33
276.044	1.02269e-32
275.831	1.09144e-32
275.515	1.16539e-32
275.197	1.24248e-32
274.88	1.32488e-32
274.56	1.41182e-32
274.241	1.50224e-32
273.922	1.59877e-32
273.71	1.69832e-32
273.389	1.80372e-32
273.069	1.91611e-32
272.748	2.03263e-32
272.427	2.15678e-32
272.104	2.28537e-32
271.781	2.42229e-32
271.459	2.56599e-32
271.135	2.71453e-32
270.81	2.87259e-32
270.485	3.03576e-32
270.158	3.20931e-32
269.832	3.38823e-32
269.505	3.5784e-32
269.177	3.77428e-32
268.738	3.98421e-32
268.409	4.20199e-32
268.078	4.42596e-32
267.746	4.66373e-32
267.414	4.908e-32
267.083	5.16715e-32
266.747	5.43329e-32
266.413	5.71549e-32
266.078	6.00473e-32
265.742	6.30619e-32
265.404	6.62588e-32
264.952	6.9626e-32
264.613	7.30372e-32
264.272	7.66528e-32
263.932	8.03475e-32
263.588	8.42652e-32
263.244	8.82651e-32
262.901	9.24207e-32
262.554	9.68253e-32
262.093	1.01458e-31
261.745	1.06129e-31
261.395	1.11075e-31
261.045	1.16113e-31
260.694	1.21341e-31
260.342	1.26763e-31
259.987	1.32505e-31
259.632	1.38343e-31
259.157	1.44605e-31
258.801	1.51015e-31
258.442	1.5753e-31
258.082	1.6428e-31
257.722	1.71266e-31
257.357	1.78663e-31
256.995	1.86158e-31
256.628	1.93807e-31
256.262	2.0183e-31
255.894	2.10317e-31
255.404	2.19245e-31
255.033	2.28148e-31
254.66	2.37355e-31
254.286	2.46871e-31
253.912	2.5693e-31
253.534	2.67103e-31
253.155	2.77617e-31
252.776	2.88467e-31
252.395	2.99679e-31
252.012	3.11254e-31
251.627	3.23494e-31
251.241	3.35839e-31
250.855	3.48577e-31
250.466	3.61722e-31
250.075	3.75287e-31
249.695	3.89213e-31
249.301	4.04004e-31
248.918	4.18826e-31
248.522	4.34173e-31
248.136	4.49917e-31
247.735	4.66228e-31
247.345	4.82953e-31
246.954	5.00181e-31
246.563	5.1839e-31
246.168	5.3668e-31
245.772	5.55516e-31
245.374	5.74908e-31
244.988	5.94771e-31
244.588	6.15304e-31
244.198	6.3634e-31
243.794	6.58091e-31
243.401	6.80352e-31
243.006	7.03253e-31
242.611	7.27456e-31
242.211	7.51706e-31
241.811	7.76619e-31
241.41	8.02235e-31
241.02	8.28411e-31
240.615	8.55461e-31
240.222	8.83109e-31
239.827	9.11507e-31
239.416	9.40849e-31
239.018	9.70797e-31
238.617	1.00159e-30
238.215	1.03317e-30
237.825	1.06541e-30
237.418	1.09976e-30
237.012	1.13395e-30
236.616	1.16885e-30
236.218	1.20467e-30
235.806	1.24163e-30
235.406	1.27931e-30
235.002	1.31798e-30
234.598	1.35762e-30
234.206	1.39801e-30
233.798	1.4397e-30
233.402	1.48217e-30
232.991	1.52598e-30
232.591	1.57059e-30
232.19	1.61632e-30
231.788	1.66315e-30
231.383	1.71117e-30
230.976	1.76035e-30
230.569	1.8107e-30
230.174	1.86194e-30
229.761	1.91479e-30
229.362	1.96852e-30
228.948	2.02587e-30
228.545	2.08226e-30
228.14	2.14001e-30
227.733	2.19782e-30
227.341	2.25777e-30
226.931	2.31961e-30
226.519	2.38288e-30
226.12	2.44714e-30
225.719	2.51288e-30
225.303	2.58064e-30
224.899	2.6494e-30
224.494	2.71971e-30
224.1	2.79109e-30
223.69	2.86462e-30
223.28	2.93976e-30
222.882	3.01598e-30
222.467	3.09456e-30
222.066	3.1742e-30
221.663	3.25559e-30
221.258	3.33875e-30
220.851	3.42374e-30
220.443	3.51055e-30
220.032	3.59925e-30
219.637	3.68902e-30
219.222	3.78161e-30
218.823	3.87523e-30
218.421	3.97089e-30
218.017	4.06858e-30
217.612	4.16829e-30
217.204	4.27017e-30
216.796	4.37405e-30
216.387	4.48007e-30
215.989	4.5874e-30
215.576	4.70263e-30
215.175	4.81453e-30
214.773	4.92862e-30
214.355	5.04611e-30
213.95	5.16488e-30
213.559	5.28484e-30
213.151	5.40839e-30
212.74	5.53445e-30
212.344	5.66165e-30
211.931	5.79275e-30
211.531	5.92513e-30
211.114	6.06144e-30
210.712	6.19888e-30
210.308	6.33908e-30
209.902	6.48199e-30
209.51	6.62603e-30
209.101	6.77449e-30
208.691	6.92575e-30
208.294	7.07821e-30
207.881	7.2352e-30
207.482	7.39346e-30
207.079	7.55478e-30
206.677	7.7271e-30
206.272	7.89468e-30
205.867	8.06517e-30
205.459	8.23895e-30
205.067	8.41375e-30
204.656	8.59394e-30
204.261	8.77515e-30
203.847	8.96198e-30
203.447	9.14991e-30
203.047	9.34116e-30
202.646	9.53569e-30
202.241	9.7283e-30
201.837	9.9297e-30
201.43	1.01348e-29
201.038	1.03409e-29
200.629	1.05647e-29
200.235	1.07783e-29
199.821	1.09987e-29
199.424	1.12196e-29
199.024	1.14445e-29
198.624	1.16732e-29
198.222	1.19057e-29
197.819	1.21423e-29
197.413	1.23831e-29
197.024	1.26244e-29
196.616	1.28731e-29
196.225	1.31369e-29
195.813	1.33946e-29
195.417	1.36527e-29
195.021	1.39149e-29
194.623	1.41816e-29
194.224	1.44526e-29
193.822	1.47282e-29
193.419	1.50083e-29
193.016	1.52928e-29
192.629	1.55948e-29
192.221	1.58892e-29
191.831	1.61834e-29
191.42	1.64872e-29
191.027	1.67911e-29
190.632	1.70995e-29
190.236	1.74127e-29
189.839	1.77512e-29
189.439	1.8075e-29
189.039	1.84038e-29
188.636	1.87379e-29
188.25	1.90713e-29
187.846	1.94155e-29
187.458	1.97591e-29
187.05	2.01376e-29
186.659	2.04921e-29
186.267	2.0852e-29
185.873	2.12176e-29
185.459	2.15956e-29
185.083	2.19647e-29
184.684	2.23732e-29
184.285	2.27618e-29
183.885	2.31559e-29
183.501	2.35485e-29
183.098	2.39544e-29
182.712	2.43872e-29
182.306	2.48057e-29
181.917	2.52224e-29
181.527	2.5645e-29
181.136	2.60733e-29
180.744	2.65393e-29
180.349	2.69811e-29
179.954	2.74291e-29
179.558	2.78832e-29
179.159	2.83443e-29
178.779	2.88363e-29
178.379	2.93108e-29
177.996	2.97639e-29
177.592	3.02518e-29
177.207	3.0773e-29
176.821	3.12639e-29
176.433	3.1762e-29
176.043	3.22671e-29
175.653	3.27787e-29
175.261	3.33382e-29
174.868	3.38647e-29
174.474	3.43983e-29
174.097	3.49272e-29
173.701	3.55184e-29
173.322	3.60622e-29
172.923	3.6639e-29
172.542	3.72063e-29
172.16	3.77859e-29
171.756	3.83876e-29
171.372	3.8983e-29
170.985	3.95906e-29
170.598	4.02024e-29
170.21	4.0822e-29
169.841	4.1435e-29
169.45	4.20717e-29
169.057	4.27173e-29
168.685	4.33545e-29
168.29	4.4017e-29
167.914	4.46716e-29
167.517	4.5352e-29
167.14	4.60232e-29
166.761	4.67034e-29
166.381	4.73981e-29
166	4.80957e-29
165.617	4.8803e-29
165.233	4.95189e-29
164.848	5.02506e-29
164.462	5.09858e-29
164.096	5.17151e-29
163.708	5.24683e-29
163.318	5.32317e-29
162.948	5.399e-29
162.556	5.47725e-29
162.183	5.55498e-29
161.81	5.6336e-29
161.436	5.71255e-29
161.061	5.79304e-29
160.684	5.87468e-29
160.306	5.95659e-29
159.926	6.04028e-29
159.546	6.12494e-29
159.165	6.21064e-29
158.783	6.29669e-29
158.421	6.38178e-29
158.036	6.47068e-29
157.672	6.55786e-29
157.285	6.64886e-29
156.918	6.73823e-29
156.551	6.82845e-29
156.161	6.92288e-29
155.791	7.01546e-29
155.42	7.10904e-29
155.049	7.20017e-29
154.675	7.29597e-29
154.302	7.39281e-29
153.949	7.48733e-29
153.572	7.58754e-29
153.195	7.68784e-29
152.839	7.78567e-29
152.46	7.88934e-29
152.102	7.98946e-29
151.72	8.0957e-29
151.359	8.1981e-29
150.999	8.30265e-29
150.613	8.41154e-29
150.25	8.51866e-29
149.885	8.62581e-29
149.519	8.73539e-29
149.153	8.84606e-29
148.785	8.95691e-29
148.44	9.06563e-29
148.07	9.18023e-29
147.699	9.29605e-29
147.35	9.40843e-29
146.977	9.52688e-29
146.627	9.64035e-29
146.251	9.76151e-29
145.899	9.87869e-29
145.546	9.99729e-29
145.167	1.01225e-28
144.811	1.02453e-28
144.455	1.03677e-28
144.097	1.04916e-28
143.738	1.06169e-28
143.378	1.07434e-28
143.017	1.08711e-28
142.655	1.1002e-28
142.316	1.11267e-28
141.952	1.12588e-28
141.587	1.13938e-28
141.246	1.15223e-28
140.878	1.16604e-28
140.535	1.17917e-28
140.191	1.1924e-28
139.821	1.20664e-28
139.474	1.22036e-28
139.126	1.23402e-28
138.778	1.24802e-28
138.428	1.26197e-28
138.078	1.27624e-28
137.726	1.29065e-28
137.373	1.30524e-28
137.02	1.31976e-28
136.665	1.33465e-28
136.335	1.34888e-28
135.979	1.36403e-28
135.621	1.37938e-28
135.288	1.39402e-28
134.954	1.40882e-28
134.593	1.42463e-28
134.258	1.43971e-28
133.895	1.45585e-28
133.557	1.47122e-28
133.219	1.48583e-28
132.879	1.50151e-28
132.538	1.51735e-28
132.197	1.53329e-28
131.855	1.54965e-28
131.511	1.56595e-28
131.166	1.58243e-28
130.848	1.59822e-28
130.501	1.615e-28
130.154	1.63191e-28
129.832	1.64817e-28
129.483	1.66543e-28
129.159	1.68199e-28
128.807	1.69961e-28
128.483	1.71646e-28
128.157	1.73321e-28
127.802	1.75159e-28
127.474	1.76896e-28
127.145	1.78619e-28
126.815	1.80385e-28
126.484	1.82167e-28
126.152	1.8394e-28
125.82	1.85753e-28
125.486	1.87587e-28
125.151	1.89439e-28
124.816	1.91303e-28
124.507	1.93049e-28
124.169	1.94953e-28
123.86	1.96727e-28
123.52	1.98662e-28
123.209	2.00466e-28
122.867	2.0244e-28
122.553	2.04279e-28
122.21	2.06285e-28
121.895	2.08157e-28
121.579	2.10042e-28
121.261	2.11945e-28
120.942	2.13867e-28
120.594	2.16001e-28
120.274	2.17956e-28
119.954	2.19925e-28
119.661	2.21775e-28
119.338	2.23779e-28
119.015	2.25799e-28
118.69	2.27872e-28
118.364	2.29934e-28
118.068	2.31859e-28
117.74	2.33949e-28
117.442	2.35905e-28
117.112	2.38038e-28
116.813	2.40023e-28
116.481	2.42228e-28
116.18	2.44212e-28
115.877	2.4625e-28
115.543	2.48508e-28
115.239	2.5054e-28
114.934	2.52628e-28
114.627	2.54733e-28
114.32	2.56857e-28
114.012	2.58993e-28
113.704	2.61108e-28
113.394	2.63283e-28
113.083	2.65471e-28
112.772	2.67681e-28
112.491	2.69504e-28
112.178	2.71744e-28
111.864	2.74009e-28
111.549	2.7629e-28
111.265	2.78335e-28
110.948	2.807e-28
110.662	2.82779e-28
110.343	2.85136e-28
110.056	2.87246e-28
109.768	2.89366e-28
109.447	2.9184e-28
109.156	2.94048e-28
108.866	2.96221e-28
108.574	2.98408e-28
108.282	3.00662e-28
107.988	3.02888e-28
107.694	3.05176e-28
107.399	3.07428e-28
107.104	3.09698e-28
106.807	3.12036e-28
106.51	3.1434e-28
106.211	3.16721e-28
105.912	3.19115e-28
105.645	3.2115e-28
105.345	3.23579e-28
105.042	3.25977e-28
104.774	3.28108e-28
104.471	3.30591e-28
104.199	3.32703e-28
103.894	3.35222e-28
103.623	3.3741e-28
103.315	3.39976e-28
103.042	3.42194e-28
102.767	3.44436e-28
102.458	3.46994e-28
102.182	3.49265e-28
101.905	3.51543e-28
101.627	3.53846e-28
101.349	3.56155e-28
101.07	3.58485e-28
100.79	3.60826e-28
100.509	3.63187e-28
100.228	3.65562e-28
99.9456	3.67956e-28
99.6626	3.70428e-28
99.3785	3.72856e-28
99.1293	3.74874e-28
98.844	3.7733e-28
98.5575	3.79806e-28
98.306	3.81927e-28
98.0184	3.84431e-28
97.7292	3.86963e-28
97.4756	3.89053e-28
97.222	3.91215e-28
96.9307	3.93791e-28
96.675	3.95986e-28
96.3817	3.98604e-28
96.1247	4.00753e-28
95.8668	4.02988e-28
95.5713	4.05657e-28
95.312	4.07917e-28
95.0518	4.10194e-28
94.7912	4.12406e-28
94.5295	4.14708e-28
94.2674	4.16945e-28
94.0045	4.1927e-28
93.7406	4.21364e-28
93.4762	4.23641e-28
93.211	4.26008e-28
92.9451	4.2839e-28
92.6779	4.30717e-28
92.4104	4.33129e-28
92.1804	4.34986e-28
91.911	4.37433e-28
91.6412	4.39889e-28
91.4095	4.41768e-28
91.1377	4.44259e-28
90.8651	4.46688e-28
90.6317	4.48589e-28
90.3576	4.51128e-28
90.1226	4.53051e-28
89.8469	4.55622e-28
89.61	4.57573e-28
89.373	4.59523e-28
89.095	4.62225e-28
88.8568	4.64192e-28
88.6173	4.66178e-28
88.3771	4.68172e-28
88.0959	4.70855e-28
87.8543	4.72873e-28
87.6122	4.74983e-28
87.3693	4.77019e-28
87.1256	4.79065e-28
86.8813	4.8112e-28
86.6365	4.8327e-28
86.3908	4.85346e-28
86.1444	4.87432e-28
85.8976	4.89616e-28
85.6497	4.91725e-28
85.4007	4.93855e-28
85.1934	4.9531e-28
84.9434	4.97449e-28
84.693	4.9969e-28
84.4416	5.01855e-28
84.2143	5.03659e-28
83.9787	5.0552e-28
83.7416	5.075e-28
83.5044	5.09479e-28
83.2662	5.11375e-28
83.032	5.1329e-28
82.797	5.15115e-28
82.5653	5.16968e-28
82.329	5.18909e-28
82.0961	5.20677e-28
81.8667	5.22471e-28
81.6327	5.2435e-28
81.4022	5.26154e-28
81.1708	5.2797e-28
80.9438	5.29588e-28
80.7155	5.31329e-28
80.4867	5.33073e-28
80.2575	5.3482e-28
80.0317	5.36489e-28
79.8054	5.3816e-28
79.5783	5.39842e-28
79.3508	5.41527e-28
79.1273	5.43223e-28
78.903	5.44719e-28
78.6823	5.46233e-28
78.4567	5.47952e-28
78.2347	5.49477e-28
78.0122	5.51009e-28
77.7937	5.52438e-28
77.5745	5.53877e-28
77.3548	5.55317e-28
77.1343	5.56458e-28
76.9134	5.57908e-28
76.6962	5.59263e-28
76.4782	5.60737e-28
76.2645	5.61993e-28
76.0457	5.63357e-28
75.8308	5.6462e-28
75.6154	5.65996e-28
75.404	5.67157e-28
75.187	5.68439e-28
74.9743	5.69722e-28
74.7612	5.70889e-28
74.5521	5.7195e-28
74.3422	5.73133e-28
74.1271	5.74317e-28
73.9213	5.7538e-28
73.7093	5.76464e-28
73.5023	5.77533e-28
73.2944	5.78494e-28
73.0857	5.79579e-28
72.8767	5.80546e-28
72.6717	5.81515e-28
72.4664	5.82364e-28
72.2602	5.83338e-28
72.0537	5.84192e-28
71.8513	5.85046e-28
71.6486	5.85896e-28
71.4451	5.86635e-28
71.2412	5.8749e-28
71.0415	5.88222e-28
70.8415	5.88831e-28
70.6407	5.89566e-28
70.4397	5.90293e-28
70.2375	5.90917e-28
70.04	5.91524e-28
69.8422	5.92127e-28
69.6436	5.92737e-28
69.4442	5.93354e-28
69.25	5.93818e-28
69.0547	5.94177e-28
68.859	5.94653e-28
68.6631	5.95119e-28
68.4713	5.95461e-28
68.2739	5.95941e-28
68.081	5.96285e-28
67.8881	5.96612e-28
67.6993	5.96812e-28
67.505	5.97152e-28
67.3153	5.97345e-28
67.1249	5.97545e-28
66.9342	5.97739e-28
66.7431	5.97929e-28
66.5566	5.97975e-28
66.3696	5.9802e-28
66.1819	5.9807e-28
65.9938	5.98115e-28
65.805	5.98292e-28
65.6213	5.98183e-28
65.437	5.98073e-28
65.252	5.97968e-28
65.0671	5.97847e-28
64.8811	5.97742e-28
64.7002	5.97601e-28
64.5188	5.97331e-28
64.3368	5.97066e-28
64.1544	5.96795e-28
63.9712	5.96657e-28
63.7934	5.96223e-28
63.6094	5.95953e-28
63.4303	5.95651e-28
63.2509	5.95216e-28
63.0764	5.94747e-28
62.896	5.94311e-28
62.7207	5.93707e-28
62.5448	5.92932e-28
62.3685	5.92328e-28
62.1914	5.91861e-28
62.014	5.91261e-28
61.8419	5.90612e-28
61.6635	5.90013e-28
61.4905	5.89363e-28
61.317	5.88584e-28
61.1486	5.87764e-28
60.9741	5.86985e-28
60.8046	5.86168e-28
60.629	5.85396e-28
60.4589	5.84568e-28
60.2883	5.8374e-28
60.123	5.8261e-28
59.9514	5.81781e-28
59.785	5.80784e-28
59.6183	5.79652e-28
59.4453	5.78825e-28
59.2836	5.77638e-28
59.1156	5.76502e-28
58.9472	5.75494e-28
58.7838	5.74416e-28
58.6204	5.73223e-28
58.4505	5.72089e-28
58.2922	5.70715e-28
58.1271	5.69533e-28
57.9619	5.68341e-28
57.8022	5.66967e-28
57.6361	5.65778e-28
57.4754	5.64284e-28
57.3143	5.62912e-28
57.153	5.61536e-28
56.9971	5.59979e-28
56.8347	5.5861e-28
56.6783	5.57044e-28
56.5151	5.55674e-28
56.3573	5.54126e-28
56.1995	5.52565e-28
56.0413	5.51005e-28
55.8885	5.49266e-28
55.7295	5.4771e-28
55.5763	5.45959e-28
55.4223	5.44225e-28
55.2618	5.42677e-28
55.1138	5.40734e-28
54.9584	5.39007e-28
54.8031	5.37268e-28
54.6474	5.35532e-28
54.4972	5.33613e-28
54.3471	5.31804e-28
54.1963	5.29886e-28
54.0452	5.27967e-28
53.8938	5.26046e-28
53.7417	5.24138e-28
53.5895	5.22224e-28
53.4433	5.20236e-28
53.2966	5.18137e-28
53.1431	5.16235e-28
52.9955	5.14148e-28
52.8478	5.1217e-28
52.6997	5.10078e-28
52.5576	5.078e-28
52.4087	5.05836e-28
52.2659	5.03562e-28
52.116	5.01495e-28
51.9724	4.99348e-28
51.8287	4.97081e-28
51.6844	4.94825e-28
51.5396	4.92694e-28
51.4016	4.90238e-28
51.256	4.88003e-28
51.117	4.85678e-28
50.9706	4.83457e-28
50.831	4.8114e-28
50.6907	4.78729e-28
50.5503	4.76424e-28
50.4093	4.73803e-28
50.2682	4.71513e-28
50.1336	4.68916e-28
49.9914	4.66649e-28
49.8562	4.64064e-28
49.7131	4.61816e-28
49.5771	4.59247e-28
49.4406	4.56803e-28
49.3038	4.54251e-28
49.1663	4.51827e-28
49.0362	4.49192e-28
48.898	4.46674e-28
48.7594	4.44276e-28
48.6281	4.41668e-28
48.4961	4.38971e-28
48.3568	4.36589e-28
48.2239	4.34021e-28
48.0911	4.31347e-28
47.9577	4.28794e-28
47.8317	4.26036e-28
47.6974	4.23406e-28
47.5631	4.20876e-28
47.4357	4.18159e-28
47.3081	4.15448e-28
47.1725	4.12858e-28
47.044	4.10174e-28
46.9155	4.07494e-28
46.7862	4.04836e-28
46.6569	4.02179e-28
46.527	3.99444e-28
46.4047	3.96607e-28
46.274	3.93998e-28
46.1507	3.91193e-28
46.0197	3.88598e-28
45.8957	3.85819e-28
45.7716	3.8305e-28
45.647	3.80205e-28
45.522	3.77466e-28
45.397	3.74735e-28
45.2712	3.72028e-28
45.1454	3.69324e-28
45.0191	3.66641e-28
44.9003	3.63771e-28
44.7735	3.61111e-28
44.654	3.58275e-28
44.5345	3.55444e-28
44.4144	3.52635e-28
44.286	3.50093e-28
44.1653	3.47312e-28
44.0523	3.44352e-28
43.9309	3.41605e-28
43.8095	3.38868e-28
43.6873	3.36156e-28
43.5733	3.3334e-28
43.4505	3.30658e-28
43.3357	3.27798e-28
43.2125	3.25142e-28
43.0969	3.2232e-28
42.981	3.19511e-28
42.8652	3.16715e-28
42.7487	3.13942e-28
42.6318	3.11268e-28
42.515	3.08525e-28
42.3976	3.05805e-28
42.2883	3.02915e-28
42.1705	3.00226e-28
42.052	2.97639e-28
41.9418	2.94806e-28
41.8315	2.91986e-28
41.7122	2.89376e-28
41.601	2.86673e-28
41.4897	2.83914e-28
41.378	2.81177e-28
41.266	2.7846e-28
41.1539	2.75828e-28
41.0413	2.73149e-28
40.9282	2.70493e-28
40.8239	2.6774e-28
40.7104	2.65121e-28
40.6053	2.62346e-28
40.4912	2.59724e-28
40.3855	2.56991e-28
40.2707	2.54519e-28
40.1645	2.51827e-28
40.0582	2.49153e-28
39.9513	2.46571e-28
39.8442	2.43943e-28
39.737	2.41395e-28
39.6293	2.38809e-28
39.5213	2.36307e-28
39.4132	2.33762e-28
39.3046	2.3124e-28
39.2048	2.28634e-28
39.0957	2.26155e-28
38.9956	2.23588e-28
38.8857	2.21154e-28
38.7848	2.18635e-28
38.6839	2.16077e-28
38.5733	2.13761e-28
38.4716	2.11307e-28
38.3697	2.08818e-28
38.2675	2.06408e-28
38.165	2.03965e-28
38.0622	2.01599e-28
37.9594	1.99197e-28
37.856	1.96874e-28
37.7617	1.94423e-28
37.658	1.92089e-28
37.5539	1.89831e-28
37.4589	1.87396e-28
37.3542	1.85182e-28
37.2588	1.82841e-28
37.1631	1.80477e-28
37.0575	1.78328e-28
36.9613	1.76057e-28
36.865	1.73758e-28
36.7682	1.71535e-28
36.6712	1.69332e-28
36.5742	1.67148e-28
36.4766	1.64945e-28
36.3789	1.62809e-28
36.2807	1.60697e-28
36.1826	1.5856e-28
36.084	1.56491e-28
35.9951	1.54311e-28
35.896	1.52286e-28
35.7968	1.50239e-28
35.7071	1.4813e-28
35.6072	1.46171e-28
35.517	1.44106e-28
35.4269	1.42062e-28
35.3262	1.40129e-28
35.2353	1.38133e-28
35.1441	1.36161e-28
35.053	1.34207e-28
34.9614	1.32279e-28
34.8696	1.30373e-28
34.7775	1.28488e-28
34.6854	1.26589e-28
34.5928	1.24751e-28
34.5	1.22933e-28
34.4069	1.21137e-28
34.3138	1.1936e-28
34.2307	1.17495e-28
34.1368	1.15764e-28
34.0427	1.14054e-28
33.9591	1.12254e-28
33.8645	1.10586e-28
33.7803	1.08833e-28
33.6958	1.07103e-28
33.6006	1.05511e-28
33.5157	1.03823e-28
33.4306	1.02158e-28
33.3345	1.00614e-28
33.2491	9.89889e-29
33.1633	9.7387e-29
33.0771	9.58073e-29
32.9908	9.42478e-29
32.9043	9.27091e-29
32.8178	9.11895e-29
32.7308	8.96921e-29
32.6436	8.82158e-29
32.5671	8.66684e-29
32.4796	8.51993e-29
32.3918	8.37836e-29
32.3036	8.23876e-29
32.2264	8.09247e-29
32.1379	7.95675e-29
32.0602	7.8146e-29
31.9712	7.68283e-29
31.8931	7.54687e-29
31.8036	7.41888e-29
31.7252	7.28459e-29
31.6464	7.15249e-29
31.5562	7.03011e-29
31.4771	6.9018e-29
31.3979	6.77531e-29
31.3184	6.65277e-29
31.2387	6.5302e-29
31.1472	6.41687e-29
31.0672	6.29784e-29
30.9868	6.18076e-29
30.9062	6.0655e-29
30.8254	5.95376e-29
30.7561	5.83519e-29
30.6748	5.72535e-29
30.5934	5.61724e-29
30.5118	5.51245e-29
30.4299	5.40773e-29
30.3598	5.29825e-29
30.2774	5.19701e-29
30.1949	5.09885e-29
30.124	4.99471e-29
30.0413	4.89826e-29
29.97	4.79756e-29
29.8866	4.70585e-29
29.815	4.60849e-29
29.7314	4.51839e-29
29.6594	4.42561e-29
29.5872	4.33316e-29
29.5027	4.24776e-29
29.4303	4.1596e-29
29.3575	4.07186e-29
29.2846	3.98569e-29
29.2115	3.90221e-29
29.1262	3.82399e-29
29.0526	3.74232e-29
28.9789	3.66318e-29
28.905	3.5844e-29
28.8311	3.507e-29
28.7568	3.4321e-29
28.6823	3.3576e-29
28.6077	3.28542e-29
28.5453	3.20926e-29
28.4705	3.13881e-29
28.3953	3.07065e-29
28.3198	3.00286e-29
28.2442	2.93726e-29
28.1812	2.86795e-29
28.1052	2.80485e-29
28.029	2.74211e-29
27.9654	2.6768e-29
27.8888	2.61729e-29
27.8249	2.55452e-29
27.7479	2.49737e-29
27.6836	2.43707e-29
27.6064	2.38213e-29
27.5417	2.32424e-29
27.464	2.27154e-29
27.399	2.21594e-29
27.334	2.16212e-29
27.2557	2.11196e-29
27.1902	2.06037e-29
27.1245	2.00924e-29
27.0587	1.9598e-29
26.9797	1.91368e-29
26.9136	1.86626e-29
26.8472	1.81988e-29
26.7808	1.77392e-29
26.7143	1.72947e-29
26.6462	1.68575e-29
26.5792	1.64324e-29
26.5121	1.60117e-29
26.4462	1.56024e-29
26.3787	1.52001e-29
26.3124	1.4809e-29
26.2459	1.44266e-29
26.1808	1.40458e-29
26.1139	1.36761e-29
26.0483	1.33128e-29
25.9825	1.2962e-29
25.9181	1.26169e-29
25.8534	1.22762e-29
25.7885	1.19473e-29
25.7234	1.16259e-29
25.6583	1.13084e-29
25.5944	1.10001e-29
25.5302	1.06992e-29
25.4658	1.04023e-29
25.4027	1.01139e-29
25.3383	9.83514e-30
25.2763	9.55583e-30
25.2127	9.28797e-30
25.1489	9.02674e-30
25.0866	8.76739e-30
25.024	8.51739e-30
24.9613	8.27362e-30
24.8998	8.03198e-30
24.8368	7.80031e-30
24.775	7.57319e-30
24.713	7.34952e-30
24.6524	7.13262e-30
24.5902	6.92246e-30
24.5293	6.71661e-30
24.4681	6.51411e-30
24.4083	6.31776e-30
24.3468	6.12774e-30
24.2869	5.94151e-30
24.2266	5.75852e-30
24.1661	5.58231e-30
24.1056	5.4108e-30
24.0465	5.24282e-30
23.9871	5.07789e-30
23.9276	4.9191e-30
23.8678	4.76473e-30
23.8096	4.6136e-30
23.7511	4.46678e-30
23.691	4.32351e-30
23.6338	4.184e-30
23.5749	4.04923e-30
23.5159	3.91832e-30
23.4582	3.79039e-30
23.4003	3.66495e-30
23.3425	3.54427e-30
23.2858	3.4265e-30
23.2276	3.31282e-30
23.1707	3.20183e-30
23.1137	3.09412e-30
23.0567	2.98859e-30
23.0009	2.88666e-30
22.9434	2.78837e-30
22.8874	2.69248e-30
22.8314	2.59946e-30
22.7751	2.50933e-30
22.7186	2.42199e-30
22.6636	2.33683e-30
22.6086	2.25353e-30
22.5517	2.17411e-30
22.4963	2.09671e-30
22.4423	2.02133e-30
22.3866	1.94877e-30
22.3325	1.87808e-30
22.2782	1.8097e-30
22.2237	1.74353e-30
22.169	1.67951e-30
22.1142	1.61706e-30
22.0611	1.55681e-30
22.0077	1.49857e-30
21.9525	1.44261e-30
21.8988	1.3882e-30
21.8467	1.33529e-30
21.7928	1.28448e-30
21.7403	1.23512e-30
21.6878	1.18744e-30
21.6351	1.14141e-30
21.5824	1.09695e-30
21.5294	1.05406e-30
21.4763	1.01267e-30
21.4248	9.72491e-31
21.3731	9.33738e-31
21.3215	8.96349e-31
21.2695	8.60315e-31
21.2174	8.25584e-31
21.167	7.91905e-31
21.1147	7.59414e-31
21.0639	7.28159e-31
21.0132	6.98043e-31
20.9622	6.69055e-31
20.911	6.41152e-31
20.8615	6.14132e-31
20.8102	5.88282e-31
20.7605	5.63254e-31
20.7106	5.39191e-31
20.6606	5.16051e-31
20.6105	4.93803e-31
20.5602	4.7242e-31
20.5116	4.51747e-31
20.4612	4.31993e-31
20.4123	4.12913e-31
20.3633	3.94592e-31
20.3142	3.77001e-31
20.265	3.60116e-31
20.2174	3.43822e-31
20.1679	3.28278e-31
20.1202	3.13276e-31
20.0723	2.98897e-31
20.0243	2.85112e-31
19.9761	2.719e-31
19.9278	2.59241e-31
19.8812	2.47044e-31
19.8327	2.3543e-31
19.786	2.24244e-31
19.7372	2.13601e-31
19.6902	2.03427e-31
19.643	1.93622e-31
19.5976	1.84191e-31
19.5502	1.75225e-31
19.5027	1.66654e-31
19.457	1.58414e-31
19.4111	1.50544e-31
19.3633	1.4307e-31
19.3171	1.35893e-31
19.2728	1.29002e-31
19.2264	1.22465e-31
19.18	1.16268e-31
19.1353	1.10283e-31
19.0886	1.04609e-31
19.0437	9.91688e-32
18.9987	9.39853e-32
18.9536	8.90476e-32
18.9084	8.43451e-32
18.863	7.98679e-32
18.8195	7.56102e-32
18.774	7.15609e-32
18.7303	6.76815e-32
18.6864	6.39931e-32
18.6406	6.05064e-32
18.5965	5.71742e-32
18.5542	5.39916e-32
18.51	5.09864e-32
18.4656	4.81508e-32
18.423	4.54273e-32
18.3783	4.28586e-32
18.3356	4.04082e-32
18.2927	3.80854e-32
18.2497	3.58841e-32
18.2067	3.38111e-32
18.1635	3.18355e-32
18.1203	2.9965e-32
18.0789	2.81852e-32
18.0354	2.65108e-32
17.9938	2.49186e-32
17.9501	2.34217e-32
17.9084	2.20072e-32
17.8665	2.06631e-32
17.8245	1.9394e-32
17.7824	1.8196e-32
17.7403	1.70656e-32
17.6999	1.6e-32
17.6575	1.49946e-32
17.617	1.4042e-32
17.5765	1.31447e-32
17.5339	1.23041e-32
17.4931	1.15086e-32
17.4522	1.07645e-32
17.4112	1.00603e-32
17.3702	9.3957e-33
17.3311	8.77058e-33
17.2899	8.18657e-33
17.2507	7.63816e-33
17.2092	7.12354e-33
17.1698	6.6381e-33
17.1302	6.18298e-33
17.0907	5.75643e-33
17.0508	5.35904e-33
17.011	4.98482e-33
16.9711	4.63457e-33
16.9311	4.3069e-33
16.8931	3.999e-33
16.8529	3.71413e-33
16.8148	3.44523e-33
16.7744	3.19549e-33
16.736	2.9612e-33
16.6976	2.74269e-33
16.659	2.54002e-33
16.6205	2.35016e-33
16.5818	2.17336e-33
16.5429	2.00883e-33
16.5062	1.85497e-33
16.4673	1.71333e-33
16.4281	1.58105e-33
16.3912	1.45755e-33
16.3542	1.34292e-33
16.3148	1.23715e-33
16.2775	1.139e-33
16.2403	1.0476e-33
16.2028	9.62993e-34
16.1653	8.8467e-34
16.1278	8.12215e-34
16.0923	7.45228e-34
16.0545	6.83348e-34
16.0189	6.25943e-34
15.981	5.73241e-34
15.9452	5.24611e-34
15.9071	4.79808e-34
15.8711	4.38352e-34
15.8351	4.00202e-34
15.799	3.65121e-34
15.7628	3.33021e-34
15.7265	3.03399e-34
15.6902	2.76217e-34
15.6537	2.51293e-34
15.6195	2.28341e-34
15.5829	2.07507e-34
15.5485	1.8827e-34
15.5117	1.70765e-34
15.4771	1.54694e-34
15.4425	1.40024e-34
15.4078	1.26694e-34
15.3707	1.14547e-34
15.3358	1.03431e-34
15.3009	9.33145e-35
15.2659	8.415e-35
15.2331	7.5754e-35
15.1979	6.81672e-35
15.1626	6.12854e-35
15.1297	5.50221e-35
15.0942	4.93975e-35
15.0611	4.42666e-35
15.0256	3.96493e-35
14.9922	3.54631e-35
14.9589	3.16873e-35
14.9255	2.82966e-35
14.8896	2.52454e-35
14.856	2.24887e-35
14.8248	2.0002e-35
14.791	1.77804e-35
14.7573	1.57947e-35
14.7234	1.40095e-35
14.6895	1.24121e-35
14.6579	1.09787e-35
14.6238	9.70447e-36
14.5921	8.56132e-36
14.5578	7.55279e-36
14.526	6.64863e-36
14.4941	5.84545e-36
14.4621	5.13271e-36
14.4276	4.50341e-36
14.3954	3.94406e-36
14.3632	3.45093e-36
14.331	3.01406e-36
14.2987	2.6288e-36
14.2688	2.28833e-36
14.2363	1.99013e-36
14.2038	1.72821e-36
14.1711	1.49917e-36
14.141	1.2972e-36
14.1083	1.1213e-36
14.078	9.6716e-37
14.0451	8.3332e-37
14.0147	7.16386e-37
13.9843	6.14818e-37
13.9537	5.2674e-37
13.9232	4.50665e-37
13.8899	3.84935e-37
13.8593	3.27987e-37
13.8284	2.78943e-37
13.7976	2.36768e-37
13.7693	2.00456e-37
13.7384	1.69467e-37
13.7073	1.42973e-37
13.6762	1.20366e-37
13.6477	1.01051e-37
13.6164	8.47349e-38
13.5878	7.08183e-38
13.5565	5.90844e-38
13.5277	4.91471e-38
13.4963	4.08055e-38
13.4674	3.37742e-38
13.4384	2.78827e-38
13.4095	2.29574e-38
13.3804	1.88513e-38
13.3486	1.54457e-38
13.3195	1.26112e-38
13.2902	1.02669e-38
13.2637	8.32768e-39
13.2343	6.73803e-39
13.2049	5.4344e-39
13.1755	4.36856e-39
13.1459	3.49991e-39
13.1191	2.79241e-39
13.0895	2.22131e-39
13.0625	1.75937e-39
13.0328	1.38905e-39
13.0057	1.09167e-39
12.9758	8.55022e-40
12.9487	6.66419e-40
12.9187	5.17508e-40
12.8915	3.99808e-40
12.8641	3.07448e-40
12.8368	2.35284e-40
12.8093	1.79169e-40
12.7819	1.35731e-40
12.7543	1.02231e-40
12.7267	7.6608e-41
12.699	5.70767e-41
12.6714	4.22708e-41
12.6436	3.11117e-41
12.6158	2.27443e-41
12.5879	1.65217e-41
12.5628	1.19081e-41
12.5348	8.52604e-42
12.5095	6.05369e-42
12.4815	4.26497e-42
12.4562	2.97905e-42
12.428	2.06412e-42
12.4026	1.41611e-42
12.3742	9.62901e-43
12.3487	6.4767e-43
12.3231	4.31019e-43
12.2975	2.83497e-43
12.2689	1.84492e-43
12.2431	1.18486e-43
12.2174	7.50914e-44
12.1915	4.69272e-44
12.1656	2.8879e-44
12.1397	1.75008e-44
12.1137	1.04279e-44
12.0877	6.10256e-45
12.0645	3.50037e-45
12.0383	1.96718e-45
12.0121	1.0817e-45
11.9858	5.80677e-46
11.9625	3.03342e-46
11.9361	1.54252e-46
11.9127	7.60075e-47
11.8862	3.62441e-47
11.8627	1.66365e-47
11.836	7.34183e-48
11.8124	3.09483e-48
11.7888	1.24012e-48
11.762	4.70342e-49
11.7382	1.67271e-49
11.7144	5.53094e-50
11.6905	1.68395e-50
11.6666	4.65359e-51
11.6426	1.14901e-51
11.6186	2.47932e-52
11.5945	4.54207e-53
11.5703	6.80431e-54
11.5462	7.88906e-55
11.5219	6.54747e-56
11.4977	3.4373e-57
11.4764	9.29632e-59
11.4521	8.81795e-61
11.4276	1.23578e-63
11.4063	1.61778e-68
11.3817	0
11.3603	4.29657e-31
11.3357	1.68555e-30
11.3142	3.7133e-30
11.2894	6.46708e-30
11.2678	9.89249e-30
11.2462	1.39295e-29
11.2212	1.85554e-29
11.1995	2.37014e-29
11.1777	2.93102e-29
11.1559	3.53431e-29
11.1341	4.17531e-29
11.1121	4.85204e-29
11.0902	5.55513e-29
11.0682	6.28237e-29
11.0461	7.02946e-29
11.0241	7.79197e-29
11.002	8.56582e-29
10.9831	9.34327e-29
10.9609	1.01274e-28
10.9386	1.0911e-28
10.9163	1.16901e-28
10.8972	1.24496e-28
10.8747	1.32088e-28
10.8555	1.39396e-28
10.8363	1.46509e-28
10.8128	1.53489e-28
10.7928	1.60152e-28
10.7726	1.66529e-28
10.7525	1.72573e-28
10.7323	1.78298e-28
10.712	1.83659e-28
10.6917	1.88633e-28
10.6714	1.93198e-28
10.651	1.97335e-28
10.6307	2.01024e-28
10.6102	2.04249e-28
10.5897	2.06995e-28
10.5692	2.09248e-28
10.5521	2.10785e-28
10.5315	2.12016e-28
10.5109	2.12726e-28
10.4902	2.12907e-28
10.4695	2.12555e-28
10.4487	2.11668e-28
10.4279	2.10246e-28
10.4106	2.08075e-28
10.3897	2.0559e-28
10.3688	2.02511e-28
10.3479	1.98988e-28
10.3304	1.9487e-28
10.3093	1.90353e-28
10.2883	1.85359e-28
10.2707	1.79715e-28
10.2495	1.73828e-28
10.2283	1.67524e-28
10.2106	1.60657e-28
10.1893	1.53606e-28
10.168	1.46222e-28
10.1502	1.38471e-28
10.1288	1.30527e-28
10.1109	1.22225e-28
10.0894	1.13883e-28
10.0679	1.05404e-28
10.0499	9.67275e-29
10.0283	8.8129e-29
10.0102	7.95061e-29
9.98853	7.10016e-29
9.9704	6.25615e-29
9.94861	5.44002e-29
9.93041	4.64536e-29
9.91218	3.88869e-29
9.89026	3.17585e-29
9.87196	2.50945e-29
9.84994	1.90429e-29
9.83156	1.36384e-29
9.81315	9.0045e-30
9.79101	5.22623e-30
9.77252	2.39313e-30
9.75399	6.16212e-31
9.73171	1.64123e-35
9.71311	1.65013e-35
9.69447	1.6591e-35
9.67579	1.66814e-35
9.65333	1.68033e-35
9.63458	1.68954e-35
9.61579	1.69881e-35
9.59696	1.70926e-35
9.57431	1.72007e-35
9.5554	1.72959e-35
9.53646	1.74031e-35
9.51747	1.74998e-35
9.49845	1.75973e-35
9.47939	1.77073e-35
9.46029	1.78064e-35
9.43731	1.79289e-35
9.41813	1.80418e-35
9.3989	1.81437e-35
9.37964	1.82464e-35
9.36034	1.83623e-35
9.34099	1.84668e-35
9.32161	1.85721e-35
9.30218	1.8691e-35
9.28272	1.87982e-35
9.26321	1.89192e-35
9.24367	1.90283e-35
9.22408	1.91384e-35
9.20445	1.92626e-35
9.18478	1.93747e-35
9.16506	1.95012e-35
9.14926	1.9589e-35
9.12947	1.97037e-35
9.10964	1.98334e-35
9.08976	1.99503e-35
9.06984	2.00824e-35
9.04988	2.02015e-35
9.02987	2.0336e-35
9.01383	2.04291e-35
8.99374	2.05659e-35
8.97361	2.06893e-35
8.95343	2.08287e-35
8.9332	2.09544e-35
8.91699	2.10667e-35
8.89668	2.11946e-35
8.87633	2.13391e-35
8.86001	2.14387e-35
8.83957	2.15753e-35
8.81909	2.17078e-35
8.79855	2.18576e-35
8.78209	2.19607e-35
8.76147	2.21132e-35
8.74494	2.22179e-35
8.72423	2.23731e-35
8.70348	2.2513e-35
8.68683	2.26376e-35
8.66599	2.278e-35
8.64927	2.29066e-35
8.62834	2.30692e-35
8.60735	2.32157e-35
8.59052	2.3346e-35
8.56944	2.34952e-35
8.55254	2.36278e-35
8.53136	2.37982e-35
8.51438	2.39147e-35
8.49482	2.40733e-35
8.47563	2.42107e-35
8.45683	2.43646e-35
8.43756	2.45238e-35
8.41868	2.46612e-35
8.39975	2.48194e-35
8.38078	2.49792e-35
8.36176	2.51205e-35
8.34271	2.52831e-35
8.3236	2.5427e-35
8.3049	2.55886e-35
8.28571	2.57559e-35
8.26691	2.58996e-35
8.24807	2.60657e-35
8.22919	2.62335e-35
8.21027	2.64029e-35
8.1913	2.65521e-35
8.17229	2.67096e-35
8.15368	2.68792e-35
8.13458	2.70325e-35
8.11588	2.72051e-35
8.09714	2.73795e-35
8.0779	2.75372e-35
8.05907	2.77149e-35
8.04065	2.78894e-35
8.02173	2.80706e-35
8.00277	2.82294e-35
7.98421	2.8409e-35
7.96516	2.85953e-35
7.94652	2.87785e-35
7.92783	2.89383e-35
7.90864	2.91301e-35
7.88987	2.93186e-35
7.8715	2.95036e-35
7.85264	2.96958e-35
7.83373	2.98636e-35
7.81524	3.00539e-35
7.79623	3.02517e-35
7.77765	3.04458e-35
7.75902	3.06419e-35
7.74035	3.08123e-35
7.72164	3.1012e-35
7.70287	3.12138e-35
7.68407	3.14177e-35
7.66521	3.16237e-35
7.64678	3.17964e-35
7.62831	3.2e-35
7.60932	3.2212e-35
7.59076	3.24198e-35
7.57215	3.26297e-35
7.55349	3.28204e-35
7.53479	3.30344e-35
7.51604	3.32192e-35
7.49773	3.34306e-35
7.47889	3.36509e-35
7.46049	3.38667e-35
7.44204	3.40845e-35
7.42306	3.43117e-35
7.40452	3.45342e-35
7.38593	3.47589e-35
7.36729	3.4986e-35
7.3491	3.5208e-35
7.33037	3.5405e-35
7.3116	3.56388e-35
7.29327	3.58675e-35
7.27439	3.61062e-35
7.25597	3.63396e-35
7.2375	3.65754e-35
7.21898	3.68137e-35
7.20042	3.70545e-35
7.18181	3.72978e-35
7.16365	3.75353e-35
7.14494	3.77837e-35
7.12669	3.80262e-35
7.10789	3.82799e-35
7.08954	3.85275e-35
7.07115	3.87777e-35
7.05271	3.90306e-35
7.03422	3.92861e-35
7.01568	3.95444e-35
6.99709	3.98053e-35
6.97897	4.00294e-35
6.96029	4.02956e-35
6.94207	4.0555e-35
6.92329	4.08269e-35
6.90497	4.1092e-35
6.88661	4.13598e-35
6.8682	4.16305e-35
6.84974	4.19041e-35
6.83176	4.21703e-35
6.81321	4.24497e-35
6.7946	4.27321e-35
6.77647	4.29949e-35
6.75776	4.32833e-35
6.73954	4.35639e-35
6.72126	4.38475e-35
6.70294	4.41342e-35
6.68456	4.4424e-35
6.66614	4.4768e-35
6.64766	4.50647e-35
6.62913	4.53646e-35
6.6111	4.56559e-35
6.59247	4.59624e-35
6.57434	4.626e-35
6.55615	4.65608e-35
6.53792	4.68649e-35
6.51964	4.71723e-35
6.5013	4.7483e-35
6.48291	4.78544e-35
6.46447	4.81726e-35
6.44598	4.84517e-35
6.42799	4.8763e-35
6.4094	4.90915e-35
6.39131	4.94097e-35
6.37317	4.97314e-35
6.35441	5.01329e-35
6.33617	5.04626e-35
6.31787	5.07959e-35
6.29952	5.11329e-35
6.2817	5.14717e-35
6.26324	5.18295e-35
6.24473	5.21915e-35
6.22675	5.25422e-35
6.20871	5.28968e-35
6.19004	5.32716e-35
6.1719	5.36347e-35
6.1537	5.40019e-35
6.13545	5.43735e-35
6.11714	5.47495e-35
6.09878	5.51299e-35
6.08096	5.54975e-35
6.06249	5.58868e-35
6.04397	5.62884e-35
6.02598	5.66693e-35
6.00795	5.70547e-35
5.98925	5.74708e-35
5.97111	5.78656e-35
5.9529	5.82135e-35
5.93464	5.8617e-35
5.91633	5.90337e-35
5.89857	5.94273e-35
5.88014	5.9854e-35
5.86227	6.02656e-35
5.84373	6.06942e-35
5.82575	6.11159e-35
5.8071	6.15639e-35
5.789	6.19963e-35
5.77085	6.24339e-35
5.75264	6.28677e-35
5.73438	6.33162e-35
5.71669	6.3757e-35
5.69831	6.42166e-35
5.67987	6.46821e-35
5.66201	6.51299e-35
5.64345	6.56072e-35
5.62547	6.60663e-35
5.60743	6.65311e-35
5.58869	6.7037e-35
5.57054	6.7514e-35
5.55233	6.7997e-35
5.53471	6.84708e-35
5.51638	6.8966e-35
5.49799	6.93965e-35
5.47953	6.99038e-35
5.46168	7.04014e-35
5.44376	7.09053e-35
5.42513	7.14325e-35
5.40709	7.19498e-35
5.389	7.24737e-35
5.37084	7.30045e-35
5.35263	7.35302e-35
5.33435	7.40751e-35
5.31601	7.46273e-35
5.29828	7.51556e-35
5.27982	7.57224e-35
5.26197	7.62648e-35
5.24338	7.6847e-35
5.22541	7.74041e-35
5.20738	7.79685e-35
5.18929	7.85404e-35
5.17043	7.91687e-35
5.15221	7.97569e-35
5.13462	8.03173e-35
5.11627	8.09357e-35
5.09786	8.15482e-35
5.08008	8.20198e-35
5.06154	8.26627e-35
5.04364	8.3261e-35
5.02495	8.39221e-35
5.00692	8.45373e-35
4.98883	8.5177e-35
4.97067	8.58256e-35
4.95244	8.6467e-35
4.93415	8.71341e-35
4.91578	8.78108e-35
4.89735	8.84803e-35
4.87959	8.91325e-35
4.86102	8.98386e-35
4.84313	9.05097e-35
4.82517	9.11901e-35
4.80639	9.19274e-35
4.78829	9.26281e-35
4.77012	9.33389e-35
4.75189	9.40601e-35
4.73358	9.47919e-35
4.71521	9.55346e-35
4.69753	9.61062e-35
4.67901	9.68688e-35
4.66042	9.7643e-35
4.64253	9.83747e-35
4.62379	9.91936e-35
4.60576	9.99478e-35
4.58766	1.00735e-34
4.56949	1.01512e-34
4.55124	1.02323e-34
4.53293	1.03124e-34
4.51453	1.0396e-34
4.49607	1.04786e-34
4.47752	1.05649e-34
4.45971	1.06462e-34
4.44102	1.07327e-34
4.42306	1.08165e-34
4.40503	1.09015e-34
4.3861	1.09948e-34
4.36792	1.10827e-34
4.34966	1.11493e-34
4.33132	1.12424e-34
4.31291	1.13314e-34
4.29442	1.14247e-34
4.27669	1.15148e-34
4.25804	1.16036e-34
4.23931	1.17014e-34
4.22135	1.17929e-34
4.20246	1.1894e-34
4.18434	1.19885e-34
4.16615	1.20846e-34
4.14787	1.21854e-34
4.12952	1.22846e-34
4.11108	1.23889e-34
4.09256	1.24915e-34
4.07395	1.25959e-34
4.05526	1.27056e-34
4.03738	1.28042e-34
4.01852	1.28913e-34
4.00048	1.29965e-34
3.98144	1.31098e-34
3.96323	1.32187e-34
3.94493	1.33295e-34
3.92563	1.3449e-34
3.90715	1.35639e-34
3.88859	1.36808e-34
3.87088	1.37885e-34
3.85214	1.39095e-34
3.83331	1.40285e-34
3.81439	1.4154e-34
3.79633	1.42741e-34
3.77722	1.43998e-34
3.75898	1.45198e-34
3.74065	1.46466e-34
3.72223	1.4771e-34
3.70372	1.48631e-34
3.68512	1.49915e-34
3.66642	1.51224e-34
3.64763	1.52609e-34
3.62873	1.5397e-34
3.60974	1.55357e-34
3.59166	1.56674e-34
3.57247	1.58115e-34
3.5542	1.59428e-34
3.53481	1.60983e-34
3.51634	1.6235e-34
3.49777	1.63801e-34
3.4791	1.65221e-34
3.46034	1.6673e-34
3.44147	1.6827e-34
3.42249	1.69332e-34
3.40342	1.70929e-34
3.38423	1.7256e-34
3.36601	1.74033e-34
3.34661	1.75663e-34
3.32818	1.77197e-34
3.30965	1.78761e-34
3.28992	1.44679e-58
3.27117	5.39718e-33
3.25232	2.14509e-32
3.23335	4.79568e-32
3.21428	8.47135e-32
3.19509	1.31523e-31
3.17692	1.87954e-31
3.1575	3.40324e-31
3.13797	4.43086e-31
3.11947	5.58243e-31
3.09969	6.86878e-31
3.08096	8.27424e-31
3.06212	9.80622e-31
3.04316	1.14583e-30
3.02288	1.32473e-30
3.00367	1.51466e-30
2.98555	1.71394e-30
2.9661	1.92731e-30
2.94652	2.15177e-30
2.92681	1.71166e-30
2.90822	1.87927e-30
2.88825	2.05722e-30
2.8694	2.23835e-30
2.85042	2.42535e-30
2.83004	2.62087e-30
2.8108	2.81931e-30
2.79143	3.02308e-30
2.77193	3.23201e-30
2.75228	3.44393e-30
2.73249	3.66253e-30
2.7139	3.87885e-30
2.69383	5.81627e-30
2.67429	6.163e-30
2.6546	6.51494e-30
2.6349	6.87926e-30
2.6152	7.24802e-30
2.59548	7.62323e-30
2.57575	8.00459e-30
2.55587	8.39323e-30
2.53612	8.78935e-30
2.51622	9.18912e-30
2.4963	9.59392e-30
2.47637	6.64855e-30
2.45642	6.89396e-30
2.43646	7.13389e-30
2.41648	7.37825e-30
2.39634	7.6177e-30
2.37632	7.85969e-30
2.3563	8.0937e-30
2.3361	8.33389e-30
2.31588	8.57193e-30
2.29564	7.01112e-31
2.27522	7.13456e-31
2.25494	7.24996e-31
2.23464	7.35946e-31
2.21415	7.45432e-31
2.19363	7.554e-31
2.17325	7.64457e-31
2.15268	7.73146e-31
2.13208	7.81177e-31
2.11145	1.06495e-29
2.09079	1.08406e-29
2.06992	1.10402e-29
2.04919	1.1219e-29
2.02826	1.13947e-29
2.00746	1.15594e-29
1.98663	1.17291e-29
1.96558	1.18828e-29
1.94448	1.19781e-29
1.92335	1.21145e-29
1.90216	1.22566e-29
1.88094	1.23758e-29
1.85966	1.25009e-29
1.83833	1.26015e-29
1.81676	1.2714e-29
1.79533	1.27388e-29
1.77384	1.28258e-29
1.75209	1.29091e-29
1.73048	1.29765e-29
1.7086	1.30401e-29
1.68687	1.30869e-29
1.66485	1.31299e-29
1.64298	1.30947e-29
1.62081	1.31158e-29
1.59856	1.31262e-29
1.57623	1.31471e-29
1.55404	1.31279e-29
1.53153	1.31278e-29
1.50893	1.3003e-29
1.48646	1.29727e-29
1.46365	1.29407e-29
1.44074	1.28985e-29
1.41796	1.28364e-29
1.39481	1.27735e-29
1.3718	1.2629e-29
1.34839	1.25461e-29
1.32512	1.24692e-29
1.30143	1.23944e-29
1.27787	1.22719e-29
1.25444	1.20688e-29
1.23056	1.1956e-29
1.20652	1.18643e-29
1.18259	1.1723e-29
1.15849	1.15737e-29
1.13419	1.13621e-29
1.10968	1.11991e-29
1.08529	1.10149e-29
1.06068	1.08558e-29
1.03618	1.05939e-29
1.01145	1.03769e-29
0.986829	1.01577e-29
0.961955	9.93022e-30
0.936806	9.61842e-30
0.912154	9.34536e-30
0.886817	9.08018e-30
0.861995	8.69996e-30
0.836868	8.38674e-30
0.811677	8.05668e-30
0.786415	7.64616e-30
0.761075	7.28665e-30
