0.000100591	3.53484e-34
0.000101597	5.82442e-34
0.000102613	7.46791e-34
0.000103639	8.83401e-34
0.000104675	1.00369e-33
0.000105722	1.11305e-33
0.000106779	1.21444e-33
0.000107847	1.30972e-33
0.000108926	1.40021e-33
0.000110015	1.48681e-33
0.000111115	1.57018e-33
0.000112226	1.65086e-33
0.000113348	1.72925e-33
0.000114482	1.80567e-33
0.000115627	1.88033e-33
0.000116783	1.95355e-33
0.000117951	2.02547e-33
0.00011913	2.09624e-33
0.000120322	2.16602e-33
0.000121525	2.23493e-33
0.00012274	2.30308e-33
0.000123967	2.37056e-33
0.000125207	2.43737e-33
0.000126459	2.50371e-33
0.000127724	2.56956e-33
0.000129001	2.63501e-33
0.000130291	2.70004e-33
0.000131594	2.76491e-33
0.00013291	2.8294e-33
0.000134239	2.89365e-33
0.000135581	2.95792e-33
0.000136937	3.02186e-33
0.000138307	3.0857e-33
0.00013969	3.14948e-33
0.000141086	3.21326e-33
0.000142497	3.27693e-33
0.000143922	3.3407e-33
0.000145362	3.40439e-33
0.000146815	3.46819e-33
0.000148283	3.53202e-33
0.000149766	3.59586e-33
0.000151264	3.65994e-33
0.000152776	3.72416e-33
0.000154304	3.78842e-33
0.000155847	3.85283e-33
0.000157406	3.91749e-33
0.00015898	3.98225e-33
0.00016057	4.04732e-33
0.000162175	4.11251e-33
0.000163797	4.17796e-33
0.000165435	4.24367e-33
0.000167089	4.30963e-33
0.00016876	4.37593e-33
0.000170448	4.44251e-33
0.000172152	4.50931e-33
0.000173874	4.57636e-33
0.000175613	4.64383e-33
0.000177369	4.71176e-33
0.000179142	4.77974e-33
0.000180934	4.8482e-33
0.000182743	4.91718e-33
0.000184571	4.98621e-33
0.000186416	5.05602e-33
0.00018828	5.1258e-33
0.000190163	5.19635e-33
0.000192065	5.26712e-33
0.000193986	5.3384e-33
0.000195925	5.40996e-33
0.000197885	5.48223e-33
0.000199864	5.55494e-33
0.000201862	5.62783e-33
0.000203881	5.70143e-33
0.00020592	5.77549e-33
0.000207979	5.84985e-33
0.000210059	5.92484e-33
0.000212159	6.00044e-33
0.000214281	6.07637e-33
0.000216424	6.15317e-33
0.000218588	6.23001e-33
0.000220774	6.30784e-33
0.000222981	6.38594e-33
0.000225211	6.4647e-33
0.000227463	6.54402e-33
0.000229738	6.62399e-33
0.000232035	6.70468e-33
0.000234356	6.78574e-33
0.000236699	6.86753e-33
0.000239066	6.94998e-33
0.000241457	7.03287e-33
0.000243871	7.11637e-33
0.00024631	7.20068e-33
0.000248773	7.28565e-33
0.000251261	7.37128e-33
0.000253774	7.45741e-33
0.000256311	7.5445e-33
0.000258874	7.63228e-33
0.000261463	7.72054e-33
0.000264078	7.80958e-33
0.000266719	7.89945e-33
0.000269386	7.98995e-33
0.00027208	8.08138e-33
0.0002748	8.17341e-33
0.000277548	8.26626e-33
0.000280324	8.35978e-33
0.000283127	8.45401e-33
0.000285958	8.54904e-33
0.000288818	8.64491e-33
0.000291706	8.74179e-33
0.000294623	8.83915e-33
0.00029757	8.93773e-33
0.000300545	9.03693e-33
0.000303551	9.13685e-33
0.000306586	9.23781e-33
0.000309652	9.33964e-33
0.000312749	9.44238e-33
0.000315876	9.5457e-33
0.000319035	9.65037e-33
0.000322225	9.75568e-33
0.000325447	9.86168e-33
0.000328702	9.96938e-33
0.000331989	1.00774e-32
0.000335309	1.01864e-32
0.000338662	1.02964e-32
0.000342049	1.04077e-32
0.000345469	1.05195e-32
0.000348924	1.06328e-32
0.000352413	1.07466e-32
0.000355937	1.08618e-32
0.000359496	1.0978e-32
0.000363091	1.10948e-32
0.000366722	1.12131e-32
0.00037039	1.13325e-32
0.000374093	1.14529e-32
0.000377834	1.1574e-32
0.000381613	1.16967e-32
0.000385429	1.18201e-32
0.000389283	1.1945e-32
0.000393176	1.20709e-32
0.000397108	1.2198e-32
0.000401079	1.2326e-32
0.00040509	1.24555e-32
0.00040914	1.2586e-32
0.000413232	1.2718e-32
0.000417364	1.28509e-32
0.000421538	1.29848e-32
0.000425753	1.31204e-32
0.000430011	1.32574e-32
0.000434311	1.33949e-32
0.000438654	1.3534e-32
0.00044304	1.36749e-32
0.000447471	1.38164e-32
0.000451946	1.39598e-32
0.000456465	1.41039e-32
0.00046103	1.42499e-32
0.00046564	1.43969e-32
0.000470296	1.45455e-32
0.000474999	1.46952e-32
0.000479749	1.48469e-32
0.000484547	1.49999e-32
0.000489392	1.51538e-32
0.000494286	1.53095e-32
0.000499229	1.54669e-32
0.000504221	1.56251e-32
0.000509264	1.57851e-32
0.000514356	1.59468e-32
0.0005195	1.61097e-32
0.000524695	1.62748e-32
0.000529942	1.64404e-32
0.000535241	1.66086e-32
0.000540594	1.67779e-32
0.000546	1.69486e-32
0.00055146	1.7121e-32
0.000556974	1.72953e-32
0.000562544	1.74715e-32
0.000568169	1.76489e-32
0.000573851	1.78284e-32
0.000579589	1.80094e-32
0.000585385	1.81917e-32
0.000591239	1.8376e-32
0.000597152	1.85621e-32
0.000603123	1.875e-32
0.000609154	1.89398e-32
0.000615246	1.9131e-32
0.000621398	1.93248e-32
0.000627612	1.95201e-32
0.000633888	1.97169e-32
0.000640227	1.99158e-32
0.00064663	2.01168e-32
0.000653096	2.03197e-32
0.000659627	2.05248e-32
0.000666223	2.07313e-32
0.000672885	2.09402e-32
0.000679614	2.11508e-32
0.00068641	2.13633e-32
0.000693275	2.1578e-32
0.000700207	2.17946e-32
0.000707209	2.20138e-32
0.000714281	2.22343e-32
0.000721424	2.2458e-32
0.000728638	2.26832e-32
0.000735925	2.29108e-32
0.000743284	2.31402e-32
0.000750717	2.33722e-32
0.000758224	2.36065e-32
0.000765806	2.38427e-32
0.000773464	2.40816e-32
0.000781199	2.43226e-32
0.000789011	2.45648e-32
0.000796901	2.48117e-32
0.00080487	2.50594e-32
0.000812919	2.53096e-32
0.000821048	2.55623e-32
0.000829259	2.5818e-32
0.000837551	2.60756e-32
0.000845927	2.63361e-32
0.000854386	2.65987e-32
0.00086293	2.68641e-32
0.000871559	2.71324e-32
0.000880275	2.74029e-32
0.000889077	2.76755e-32
0.000897968	2.79519e-32
0.000906948	2.82303e-32
0.000916017	2.85108e-32
0.000925178	2.87953e-32
0.000934429	2.9082e-32
0.000943774	2.93712e-32
0.000953211	2.96635e-32
0.000962743	2.99587e-32
0.000972371	3.02567e-32
0.000982095	3.05579e-32
0.000991916	3.08618e-32
0.00100183	3.11686e-32
0.00101185	3.14781e-32
0.00102197	3.17903e-32
0.00103219	3.21066e-32
0.00104251	3.24261e-32
0.00105294	3.27478e-32
0.00106347	3.30724e-32
0.0010741	3.34015e-32
0.00108484	3.37324e-32
0.00109569	3.40676e-32
0.00110665	3.4405e-32
0.00111772	3.47465e-32
0.00112889	3.50908e-32
0.00114018	3.54391e-32
0.00115158	3.57903e-32
0.0011631	3.61457e-32
0.00117473	3.65045e-32
0.00118648	3.68655e-32
0.00119834	3.72312e-32
0.00121033	3.76007e-32
0.00122243	3.79724e-32
0.00123465	3.83485e-32
0.001247	3.87285e-32
0.00125947	3.91117e-32
0.00127206	3.95e-32
0.00128478	3.98896e-32
0.00129763	4.02854e-32
0.00131061	4.06841e-32
0.00132372	4.10864e-32
0.00133695	4.14926e-32
0.00135032	4.19036e-32
0.00136383	4.23188e-32
0.00137746	4.27371e-32
0.00139124	4.31603e-32
0.00140515	4.35876e-32
0.0014192	4.40177e-32
0.00143339	4.44527e-32
0.00144773	4.48929e-32
0.00146221	4.53362e-32
0.00147683	4.57854e-32
0.0014916	4.62367e-32
0.00150651	4.66945e-32
0.00152158	4.71559e-32
0.00153679	4.76217e-32
0.00155216	4.8092e-32
0.00156768	4.85675e-32
0.00158336	4.90475e-32
0.00159919	4.95329e-32
0.00161518	5.00219e-32
0.00163134	5.05162e-32
0.00164765	5.10153e-32
0.00166413	5.15181e-32
0.00168077	5.2027e-32
0.00169757	5.25407e-32
0.00171455	5.30597e-32
0.0017317	5.35828e-32
0.00174901	5.41126e-32
0.0017665	5.46471e-32
0.00178417	5.51865e-32
0.00180201	5.57307e-32
0.00182003	5.6281e-32
0.00183823	5.68366e-32
0.00185661	5.73973e-32
0.00187518	5.79641e-32
0.00189393	5.85366e-32
0.00191287	5.91131e-32
0.001932	5.96973e-32
0.00195132	6.02855e-32
0.00197083	6.08802e-32
0.00199054	6.14804e-32
0.00201045	6.20876e-32
0.00203055	6.26996e-32
0.00205086	6.33186e-32
0.00207136	6.39427e-32
0.00209208	6.4574e-32
0.002113	6.52112e-32
0.00213413	6.58543e-32
0.00215547	6.65027e-32
0.00217702	6.71601e-32
0.00219879	6.78219e-32
0.00222078	6.8489e-32
0.00224299	6.91669e-32
0.00226542	6.98484e-32
0.00228807	7.05364e-32
0.00231095	7.12317e-32
0.00233406	7.19338e-32
0.00235741	7.26433e-32
0.00238098	7.33602e-32
0.00240479	7.40831e-32
0.00242884	7.48137e-32
0.00245313	7.55511e-32
0.00247766	7.62939e-32
0.00250243	7.70472e-32
0.00252746	7.7808e-32
0.00255273	7.8574e-32
0.00257826	7.93479e-32
0.00260404	8.01309e-32
0.00263008	8.09192e-32
0.00265638	8.1718e-32
0.00268295	8.25224e-32
0.00270978	8.33353e-32
0.00273687	8.41559e-32
0.00276424	8.49855e-32
0.00279189	8.58236e-32
0.0028198	8.66697e-32
0.002848	8.75245e-32
0.00287648	8.83854e-32
0.00290525	8.92569e-32
0.0029343	9.01385e-32
0.00296364	9.10244e-32
0.00299328	9.19209e-32
0.00302321	9.28276e-32
0.00305344	9.37402e-32
0.00308398	9.46668e-32
0.00311482	9.55954e-32
0.00314597	9.65401e-32
0.00317743	9.74904e-32
0.0032092	9.84502e-32
0.00324129	9.94186e-32
0.0032737	1.004e-31
0.00330644	1.0139e-31
0.00333951	1.02388e-31
0.0033729	1.03397e-31
0.00340663	1.04417e-31
0.0034407	1.05443e-31
0.0034751	1.06481e-31
0.00350985	1.07532e-31
0.00354495	1.08589e-31
0.0035804	1.09661e-31
0.00361621	1.10738e-31
0.00365237	1.11831e-31
0.00368889	1.12931e-31
0.00372578	1.14043e-31
0.00376304	1.15166e-31
0.00380067	1.163e-31
0.00383868	1.17447e-31
0.00387706	1.18605e-31
0.00391583	1.19772e-31
0.00395499	1.20953e-31
0.00399454	1.22144e-31
0.00403449	1.23344e-31
0.00407483	1.24559e-31
0.00411558	1.25785e-31
0.00415674	1.27025e-31
0.0041983	1.28274e-31
0.00424029	1.29539e-31
0.00428269	1.30816e-31
0.00432552	1.32103e-31
0.00436877	1.33403e-31
0.00441246	1.34718e-31
0.00445658	1.36043e-31
0.00450115	1.37384e-31
0.00454616	1.38737e-31
0.00459162	1.40106e-31
0.00463754	1.41482e-31
0.00468391	1.42876e-31
0.00473075	1.44281e-31
0.00477806	1.45701e-31
0.00482584	1.47136e-31
0.0048741	1.48585e-31
0.00492284	1.50049e-31
0.00497207	1.51528e-31
0.00502179	1.53018e-31
0.00507201	1.54526e-31
0.00512273	1.56047e-31
0.00517396	1.57584e-31
0.0052257	1.59132e-31
0.00527795	1.60703e-31
0.00533073	1.62283e-31
0.00538404	1.63877e-31
0.00543788	1.65498e-31
0.00549226	1.67126e-31
0.00554718	1.68769e-31
0.00560265	1.70431e-31
0.00565868	1.7211e-31
0.00571527	1.73803e-31
0.00577242	1.75516e-31
0.00583014	1.77244e-31
0.00588844	1.7899e-31
0.00594733	1.80752e-31
0.0060068	1.82527e-31
0.00606687	1.84327e-31
0.00612754	1.86145e-31
0.00618881	1.87976e-31
0.0062507	1.89825e-31
0.00631321	1.91696e-31
0.00637634	1.93581e-31
0.00644011	1.95489e-31
0.00650451	1.97411e-31
0.00656955	1.99355e-31
0.00663525	2.01317e-31
0.0067016	2.03299e-31
0.00676862	2.05303e-31
0.0068363	2.07327e-31
0.00690466	2.09367e-31
0.00697371	2.11424e-31
0.00704345	2.13507e-31
0.00711388	2.15614e-31
0.00718502	2.17731e-31
0.00725687	2.19874e-31
0.00732944	2.22044e-31
0.00740273	2.24223e-31
0.00747676	2.26439e-31
0.00755153	2.28658e-31
0.00762705	2.30916e-31
0.00770332	2.33187e-31
0.00778035	2.35484e-31
0.00785815	2.37797e-31
0.00793673	2.40144e-31
0.0080161	2.42513e-31
0.00809626	2.44893e-31
0.00817722	2.47307e-31
0.008259	2.49745e-31
0.00834159	2.52198e-31
0.008425	2.5468e-31
0.00850925	2.57191e-31
0.00859435	2.59718e-31
0.00868029	2.62284e-31
0.00876709	2.64855e-31
0.00885476	2.67468e-31
0.00894331	2.70099e-31
0.00903274	2.72758e-31
0.00912307	2.75442e-31
0.0092143	2.78154e-31
0.00930644	2.80899e-31
0.00939951	2.83662e-31
0.0094935	2.86456e-31
0.00958844	2.89279e-31
0.00968432	2.92122e-31
0.00978117	2.94993e-31
0.00987898	2.97898e-31
0.00997777	3.00832e-31
0.0100775	3.03795e-31
0.0101783	3.0678e-31
0.0102801	3.09803e-31
0.0103829	3.12859e-31
0.0104867	3.15935e-31
0.0105916	3.19043e-31
0.0106975	3.22186e-31
0.0108045	3.25357e-31
0.0109125	3.28566e-31
0.0110217	3.31798e-31
0.0111319	3.3507e-31
0.0112432	3.38365e-31
0.0113556	3.41694e-31
0.0114692	3.45054e-31
0.0115839	3.48449e-31
0.0116997	3.51885e-31
0.0118167	3.55342e-31
0.0119349	3.58848e-31
0.0120542	3.62379e-31
0.0121748	3.65941e-31
0.0122965	3.69546e-31
0.0124195	3.73185e-31
0.0125437	3.76861e-31
0.0126691	3.80562e-31
0.0127958	3.84317e-31
0.0129238	3.88097e-31
0.013053	3.91907e-31
0.0131835	3.95784e-31
0.0133154	3.99673e-31
0.0134485	4.03605e-31
0.013583	4.07576e-31
0.0137188	4.11596e-31
0.013856	4.15641e-31
0.0139946	4.19737e-31
0.0141345	4.23866e-31
0.0142759	4.28041e-31
0.0144186	4.32259e-31
0.0145628	4.36505e-31
0.0147085	4.40805e-31
0.0148555	4.4515e-31
0.0150041	4.49535e-31
0.0151541	4.53949e-31
0.0153057	4.58425e-31
0.0154587	4.6293e-31
0.0156133	4.67493e-31
0.0157695	4.72093e-31
0.0159271	4.76743e-31
0.0160864	4.81431e-31
0.0162473	4.86173e-31
0.0164098	4.90958e-31
0.0165739	4.958e-31
0.0167396	5.00678e-31
0.016907	5.05598e-31
0.0170761	5.1058e-31
0.0172468	5.15618e-31
0.0174193	5.20679e-31
0.0175935	5.258e-31
0.0177694	5.30991e-31
0.0179471	5.36208e-31
0.0181266	5.41496e-31
0.0183078	5.46809e-31
0.0184909	5.52202e-31
0.0186758	5.57632e-31
0.0188626	5.63124e-31
0.0190512	5.68658e-31
0.0192417	5.74268e-31
0.0194341	5.79933e-31
0.0196285	5.85629e-31
0.0198248	5.91397e-31
0.020023	5.97231e-31
0.0202232	6.03091e-31
0.0204255	6.09031e-31
0.0206297	6.15027e-31
0.020836	6.21076e-31
0.0210444	6.27208e-31
0.0212548	6.33357e-31
0.0214674	6.39608e-31
0.0216821	6.459e-31
0.0218989	6.52253e-31
0.0221179	6.58666e-31
0.022339	6.65154e-31
0.0225624	6.71713e-31
0.0227881	6.78318e-31
0.0230159	6.85006e-31
0.0232461	6.9175e-31
0.0234786	6.98547e-31
0.0237134	7.05418e-31
0.0239505	7.1236e-31
0.02419	7.19371e-31
0.0244319	7.26453e-31
0.0246762	7.33592e-31
0.024923	7.4083e-31
0.0251722	7.48124e-31
0.0254239	7.55478e-31
0.0256782	7.62911e-31
0.0259349	7.70427e-31
0.0261943	7.78011e-31
0.0264562	7.85683e-31
0.0267208	7.93408e-31
0.026988	8.01224e-31
0.0272579	8.09107e-31
0.0275305	8.17059e-31
0.0278058	8.25097e-31
0.0280838	8.33212e-31
0.0283647	8.41421e-31
0.0286483	8.49684e-31
0.0289348	8.58065e-31
0.0292241	8.66507e-31
0.0295164	8.7504e-31
0.0298115	8.8364e-31
0.0301097	8.92339e-31
0.0304108	9.01125e-31
0.0307149	9.09989e-31
0.031022	9.18945e-31
0.0313322	9.27997e-31
0.0316456	9.37088e-31
0.031962	9.46356e-31
0.0322816	9.55656e-31
0.0326045	9.65049e-31
0.0329305	9.7454e-31
0.0332598	9.84145e-31
0.0335924	9.93816e-31
0.0339283	1.00361e-30
0.0342676	1.01348e-30
0.0346103	1.02345e-30
0.0349564	1.03354e-30
0.0353059	1.0437e-30
0.035659	1.05395e-30
0.0360156	1.06434e-30
0.0363758	1.07481e-30
0.0367395	1.08536e-30
0.0371069	1.09606e-30
0.037478	1.10685e-30
0.0378528	1.11773e-30
0.0382313	1.12872e-30
0.0386136	1.13983e-30
0.0389997	1.15105e-30
0.0393897	1.16238e-30
0.0397836	1.17382e-30
0.0401815	1.18536e-30
0.0405833	1.19702e-30
0.0409891	1.20877e-30
0.041399	1.22068e-30
0.041813	1.23271e-30
0.0422311	1.24482e-30
0.0426534	1.25704e-30
0.04308	1.26944e-30
0.0435108	1.2819e-30
0.0439459	1.29452e-30
0.0443853	1.30723e-30
0.0448292	1.3201e-30
0.0452775	1.33307e-30
0.0457303	1.34619e-30
0.0461876	1.35942e-30
0.0466494	1.37281e-30
0.0471159	1.38633e-30
0.0475871	1.39993e-30
0.048063	1.41371e-30
0.0485436	1.42763e-30
0.049029	1.44164e-30
0.0495193	1.45581e-30
0.0500145	1.47014e-30
0.0505146	1.48458e-30
0.0510198	1.49921e-30
0.05153	1.5139e-30
0.0520453	1.52881e-30
0.0525657	1.54384e-30
0.0530914	1.559e-30
0.0536223	1.57431e-30
0.0541585	1.5898e-30
0.0547001	1.60545e-30
0.0552471	1.62122e-30
0.0557996	1.63717e-30
0.0563576	1.65327e-30
0.0569212	1.66949e-30
0.0574904	1.68589e-30
0.0580653	1.70245e-30
0.0586459	1.71918e-30
0.0592324	1.73611e-30
0.0598247	1.75313e-30
0.060423	1.77038e-30
0.0610272	1.78777e-30
0.0616375	1.80533e-30
0.0622538	1.82305e-30
0.0628764	1.84097e-30
0.0635051	1.85906e-30
0.0641402	1.87736e-30
0.0647816	1.89578e-30
0.0654294	1.91441e-30
0.0660837	1.93322e-30
0.0667445	1.95216e-30
0.067412	1.97134e-30
0.0680861	1.99067e-30
0.068767	2.01025e-30
0.0694546	2.02996e-30
0.0701492	2.04992e-30
0.0708507	2.07005e-30
0.0715592	2.09036e-30
0.0722748	2.11087e-30
0.0729975	2.1316e-30
0.0737275	2.15252e-30
0.0744648	2.17364e-30
0.0752094	2.19498e-30
0.0759615	2.21654e-30
0.0767211	2.23825e-30
0.0774883	2.26024e-30
0.0782632	2.28239e-30
0.0790459	2.30477e-30
0.0798363	2.32737e-30
0.0806347	2.35022e-30
0.081441	2.37325e-30
0.0822554	2.39654e-30
0.083078	2.42003e-30
0.0839088	2.44378e-30
0.0847479	2.46775e-30
0.0855953	2.49194e-30
0.0864513	2.51633e-30
0.0873158	2.54104e-30
0.088189	2.56594e-30
0.0890709	2.59102e-30
0.0899616	2.6165e-30
0.0908612	2.64211e-30
0.0917698	2.66798e-30
0.0926875	2.69411e-30
0.0936144	2.7205e-30
0.0945505	2.74715e-30
0.095496	2.77408e-30
0.096451	2.80123e-30
0.0974155	2.82866e-30
0.0983896	2.85636e-30
0.0993735	2.88424e-30
0.100367	2.91252e-30
0.101371	2.94107e-30
0.102385	2.96982e-30
0.103409	2.99884e-30
0.104443	3.02822e-30
0.105487	3.05779e-30
0.106542	3.08773e-30
0.107607	3.1179e-30
0.108683	3.14837e-30
0.10977	3.17912e-30
0.110868	3.21021e-30
0.111977	3.2416e-30
0.113096	3.27329e-30
0.114227	3.3053e-30
0.11537	3.33752e-30
0.116523	3.37013e-30
0.117689	3.40313e-30
0.118865	3.43626e-30
0.120054	3.4698e-30
0.121255	3.5037e-30
0.122467	3.53782e-30
0.123692	3.57244e-30
0.124929	3.60715e-30
0.126178	3.64242e-30
0.12744	3.67791e-30
0.128714	3.71375e-30
0.130001	3.74989e-30
0.131301	3.78649e-30
0.132614	3.82344e-30
0.133941	3.86063e-30
0.13528	3.89825e-30
0.136633	3.93626e-30
0.137999	3.97449e-30
0.139379	4.01312e-30
0.140773	4.0522e-30
0.142181	4.09158e-30
0.143602	4.13147e-30
0.145038	4.17152e-30
0.146489	4.21214e-30
0.147954	4.25303e-30
0.149433	4.29431e-30
0.150928	4.33602e-30
0.152437	4.3781e-30
0.153961	4.42063e-30
0.155501	4.46357e-30
0.157056	4.50685e-30
0.158626	4.5506e-30
0.160213	4.59468e-30
0.161815	4.63912e-30
0.163433	4.68406e-30
0.165067	4.72942e-30
0.166718	4.77524e-30
0.168385	4.8214e-30
0.170069	4.8681e-30
0.17177	4.91521e-30
0.173487	4.96269e-30
0.175222	5.01063e-30
0.176974	5.05907e-30
0.178744	5.10788e-30
0.180532	5.15722e-30
0.182337	5.20697e-30
0.18416	5.2573e-30
0.186002	5.30787e-30
0.187862	5.35903e-30
0.189741	5.41059e-30
0.191638	5.46266e-30
0.193554	5.51524e-30
0.19549	5.5683e-30
0.197445	5.62186e-30
0.199419	5.67594e-30
0.201413	5.73039e-30
0.203427	5.78544e-30
0.205462	5.84095e-30
0.207516	5.89697e-30
0.209592	5.95338e-30
0.211687	6.01057e-30
0.213804	6.06804e-30
0.215942	6.12597e-30
0.218102	6.18482e-30
0.220283	6.24386e-30
0.222486	6.30344e-30
0.224711	6.36359e-30
0.226958	6.42436e-30
0.229227	6.48556e-30
0.231519	6.54742e-30
0.233835	6.60974e-30
0.236173	6.67268e-30
0.238535	6.73612e-30
0.24092	6.79998e-30
0.243329	6.86463e-30
0.245763	6.92988e-30
0.24822	6.99554e-30
0.250702	7.06175e-30
0.253209	7.12867e-30
0.255742	7.19601e-30
0.258299	7.2641e-30
0.260882	7.33264e-30
0.263491	7.40182e-30
0.266126	7.47158e-30
0.268787	7.54194e-30
0.271475	7.61295e-30
0.27419	7.68469e-30
0.276931	7.75684e-30
0.279701	7.82951e-30
0.282498	7.90295e-30
0.285323	7.97717e-30
0.288176	8.05162e-30
0.291058	8.12686e-30
0.293968	8.20292e-30
0.296908	8.27918e-30
0.299877	8.3566e-30
0.302876	8.43407e-30
0.305905	8.51267e-30
0.308964	8.59166e-30
0.312053	8.67138e-30
0.315174	8.75153e-30
0.318326	8.83268e-30
0.321509	8.91448e-30
0.324724	8.99652e-30
0.327971	9.07954e-30
0.331251	9.1632e-30
0.334563	9.24724e-30
0.337909	9.33211e-30
0.341288	9.41776e-30
0.344701	9.50382e-30
0.348148	9.59096e-30
0.351629	9.67814e-30
0.355146	9.7665e-30
0.358697	9.8553e-30
0.362284	9.94479e-30
0.365907	1.00349e-29
0.369566	1.01258e-29
0.373262	1.02175e-29
0.376994	1.03096e-29
0.380764	1.04026e-29
0.384572	1.04962e-29
0.388418	1.05902e-29
0.392302	1.06849e-29
0.396225	1.07805e-29
0.400187	1.08767e-29
0.404189	1.09736e-29
0.408231	1.10709e-29
0.412313	1.11692e-29
0.416436	1.12682e-29
0.420601	1.13676e-29
0.424807	1.14677e-29
0.429055	1.15686e-29
0.433345	1.16701e-29
0.437679	1.17724e-29
0.442056	1.18751e-29
0.446476	1.19786e-29
0.450941	1.20826e-29
0.45545	1.21873e-29
0.460005	1.22925e-29
0.464605	1.23984e-29
0.469251	1.25052e-29
0.473943	1.26122e-29
0.478683	1.27203e-29
0.48347	1.28287e-29
0.488304	1.29376e-29
0.493187	1.30473e-29
0.498119	1.31576e-29
0.5031	1.32685e-29
0.508131	1.33796e-29
0.513213	1.34918e-29
0.518345	1.36043e-29
0.523528	1.37172e-29
0.528764	1.38313e-29
0.534051	1.39454e-29
0.539392	1.406e-29
0.544786	1.41753e-29
0.550234	1.42912e-29
0.555736	1.44073e-29
0.561293	1.45242e-29
0.566906	1.46414e-29
0.572575	1.47592e-29
0.578301	1.48774e-29
0.584084	1.49959e-29
0.589925	1.5115e-29
0.595824	1.52347e-29
0.601782	1.53547e-29
0.6078	1.54747e-29
0.613878	1.55955e-29
0.620017	1.57164e-29
0.626217	1.58379e-29
0.632479	1.59596e-29
0.638804	1.60817e-29
0.645192	1.62039e-29
0.651644	1.63266e-29
0.65816	1.64495e-29
0.664742	1.65728e-29
0.671389	1.66961e-29
0.678103	1.68195e-29
0.684884	1.69433e-29
0.691733	1.70676e-29
0.698651	1.71913e-29
0.705637	1.73154e-29
0.712693	1.74401e-29
0.71982	1.75642e-29
0.727019	1.76889e-29
0.734289	1.7813e-29
0.741632	1.79377e-29
0.749048	1.80621e-29
0.756538	1.81866e-29
0.764104	1.83108e-29
0.771745	1.84353e-29
0.779462	1.85597e-29
0.787257	1.86835e-29
0.79513	1.88074e-29
0.803081	1.89312e-29
0.811112	1.90543e-29
0.819223	1.91775e-29
0.827415	1.93005e-29
0.835689	1.9423e-29
0.844046	1.95455e-29
0.852486	1.96669e-29
0.861011	1.97886e-29
0.869621	1.99095e-29
0.878318	2.00299e-29
0.887101	2.01498e-29
0.895972	2.02693e-29
0.904932	2.03883e-29
0.913981	2.05065e-29
0.923121	2.06242e-29
0.932352	2.07411e-29
0.941675	2.08572e-29
0.951092	2.09726e-29
0.960603	2.10872e-29
0.970209	2.1201e-29
0.979911	2.13141e-29
0.98971	2.1426e-29
0.999607	2.15374e-29
1.0096	2.16475e-29
1.0197	2.17566e-29
1.0299	2.18646e-29
1.0402	2.19717e-29
1.0506	2.20775e-29
1.0611	2.21825e-29
1.07171	2.22859e-29
1.08243	2.23882e-29
1.09326	2.24893e-29
1.10419	2.25889e-29
1.11523	2.26871e-29
1.12638	2.2784e-29
1.13765	2.28796e-29
1.14902	2.29734e-29
1.16051	2.30662e-29
1.17212	2.31571e-29
1.18384	2.32465e-29
1.19568	2.33342e-29
1.20763	2.34203e-29
1.21971	2.35048e-29
1.23191	2.35873e-29
1.24423	2.36683e-29
1.25667	2.37474e-29
1.26924	2.38245e-29
1.28193	2.39001e-29
1.29475	2.39735e-29
1.3077	2.4045e-29
1.32077	2.41145e-29
1.33398	2.41822e-29
1.34732	2.42476e-29
1.36079	2.43111e-29
1.3744	2.43723e-29
1.38814	2.44316e-29
1.40203	2.44886e-29
1.41605	2.45434e-29
1.43021	2.4596e-29
1.44451	2.46464e-29
1.45895	2.46945e-29
1.47354	2.47402e-29
1.48828	2.47837e-29
1.50316	2.48248e-29
1.51819	2.48636e-29
1.53338	2.49e-29
1.54871	2.49339e-29
1.5642	2.49654e-29
1.57984	2.49945e-29
1.59564	2.50212e-29
1.61159	2.50453e-29
1.62771	2.50669e-29
1.64399	2.50861e-29
1.66043	2.51027e-29
1.67703	2.51168e-29
1.6938	2.51284e-29
1.71074	2.51374e-29
1.72785	2.51439e-29
1.74512	2.51478e-29
1.76258	2.51491e-29
1.7802	2.51479e-29
1.798	2.51441e-29
1.81598	2.51377e-29
1.83414	2.51288e-29
1.85248	2.51172e-29
1.87101	2.51031e-29
1.88972	2.50864e-29
1.90862	2.50672e-29
1.9277	2.50454e-29
1.94698	2.5021e-29
1.96645	2.49943e-29
1.98611	2.49649e-29
2.00598	2.4933e-29
2.02604	2.48987e-29
2.0463	2.48617e-29
2.06676	2.48225e-29
2.08743	2.47806e-29
2.1083	2.47364e-29
2.12938	2.46897e-29
2.15068	2.46407e-29
2.17218	2.45892e-29
2.19391	2.45353e-29
2.21584	2.44793e-29
2.238	2.44207e-29
2.26038	2.43599e-29
2.28299	2.42971e-29
2.30582	2.42319e-29
2.32888	2.41644e-29
2.35216	2.40948e-29
2.37569	2.40229e-29
2.39944	2.39492e-29
2.42344	2.38731e-29
2.44767	2.37951e-29
2.47215	2.37151e-29
2.49687	2.36331e-29
2.52184	2.3549e-29
2.54706	2.3463e-29
2.57253	2.33751e-29
2.59825	2.32855e-29
2.62423	2.31939e-29
2.65048	2.31006e-29
2.67698	2.30057e-29
2.70375	2.2909e-29
2.73079	2.28107e-29
2.7581	2.27105e-29
2.78568	2.26091e-29
2.81354	2.25057e-29
2.84167	2.24009e-29
2.87009	2.22948e-29
2.89879	2.21872e-29
2.92778	2.20781e-29
2.95705	2.19677e-29
2.98662	2.1856e-29
3.01649	2.1743e-29
3.04666	2.16287e-29
3.07712	2.15135e-29
3.10789	2.13966e-29
3.13897	2.1279e-29
3.17036	2.11602e-29
3.20207	2.10405e-29
3.23409	2.09195e-29
3.26643	2.07977e-29
3.29909	2.06749e-29
3.33208	2.05513e-29
3.3654	2.04267e-29
3.39906	2.03013e-29
3.43305	2.01752e-29
3.46738	2.00485e-29
3.50205	1.99209e-29
3.53707	1.97926e-29
3.57244	1.9664e-29
3.60817	1.95342e-29
3.64425	1.94044e-29
3.68069	1.92739e-29
3.7175	1.91429e-29
3.75467	1.90115e-29
3.79222	1.88797e-29
3.83014	1.87473e-29
3.86844	1.86147e-29
3.90713	1.84818e-29
3.9462	1.83486e-29
3.98566	1.82155e-29
4.02552	1.80816e-29
4.06577	1.79476e-29
4.10643	1.78137e-29
4.1475	1.76796e-29
4.18897	1.75452e-29
4.23086	1.7411e-29
4.27317	1.72766e-29
4.3159	1.71422e-29
4.35906	1.70078e-29
4.40265	1.68736e-29
4.44668	1.67393e-29
4.49114	1.6605e-29
4.53605	1.64709e-29
4.58142	1.63369e-29
4.62723	1.62033e-29
4.6735	1.60696e-29
4.72024	1.5936e-29
4.76744	1.58031e-29
4.81511	1.56701e-29
4.86326	1.55375e-29
4.9119	1.54052e-29
4.96102	1.5273e-29
5.01063	1.51416e-29
5.06073	1.501e-29
5.11134	1.48791e-29
5.16245	1.47485e-29
5.21408	1.46185e-29
5.26622	1.44886e-29
5.31888	1.43592e-29
5.37207	1.42304e-29
5.42579	1.41019e-29
5.48005	1.3974e-29
5.53485	1.38467e-29
5.5902	1.37198e-29
5.6461	1.35934e-29
5.70256	1.34677e-29
5.75959	1.33422e-29
5.81718	1.32176e-29
5.87535	1.30933e-29
5.93411	1.29699e-29
5.99345	1.2847e-29
6.05338	1.27246e-29
6.11392	1.2603e-29
6.17506	1.24818e-29
6.23681	1.23613e-29
6.29917	1.22415e-29
6.36217	1.21224e-29
6.42579	1.20039e-29
6.49005	1.18862e-29
6.55495	1.17691e-29
6.6205	1.16526e-29
6.6867	1.15368e-29
6.75357	1.14219e-29
6.8211	1.13075e-29
6.88931	1.11938e-29
6.95821	1.10809e-29
7.02779	1.09688e-29
7.09807	1.08573e-29
7.16905	1.07466e-29
7.24074	1.06366e-29
7.31315	1.05274e-29
7.38628	1.04188e-29
7.46014	1.03111e-29
7.53474	1.0204e-29
7.61009	1.00978e-29
7.68619	9.99238e-30
7.76305	9.88757e-30
7.84068	9.7836e-30
7.91909	9.68037e-30
7.99828	9.57781e-30
8.07826	9.47624e-30
8.15905	9.37523e-30
8.24064	9.27507e-30
8.32304	9.17566e-30
8.40627	9.07715e-30
8.49034	8.97917e-30
8.57524	8.88209e-30
8.66099	8.78587e-30
8.7476	8.69007e-30
8.83508	8.59534e-30
8.92343	8.50139e-30
9.01266	8.40812e-30
9.10279	8.31562e-30
9.19382	8.2239e-30
9.28575	8.13289e-30
9.37861	8.04269e-30
9.4724	7.95319e-30
9.56712	7.86454e-30
9.66279	7.77667e-30
9.75942	7.68946e-30
9.85702	7.60299e-30
9.95559	7.51731e-30
10.0551	7.43238e-30
10.1557	7.34822e-30
10.2572	7.26479e-30
10.3598	7.18211e-30
10.4634	7.10015e-30
10.5681	7.01893e-30
10.6737	6.93849e-30
10.7805	6.85875e-30
10.8883	6.77968e-30
10.9972	6.70136e-30
11.1071	6.62383e-30
11.2182	6.54698e-30
11.3304	6.47084e-30
11.4437	6.39533e-30
11.5581	6.32067e-30
11.6737	6.24665e-30
11.7904	6.17328e-30
11.9083	6.10076e-30
12.0274	6.02873e-30
12.1477	5.9576e-30
12.2692	5.88698e-30
12.3919	5.81717e-30
12.5158	5.74795e-30
12.641	5.67952e-30
12.7674	5.61162e-30
12.895	5.54443e-30
13.024	5.478e-30
13.1542	5.41213e-30
13.2858	5.34694e-30
13.4186	5.28245e-30
13.5528	5.21856e-30
13.6883	5.15531e-30
13.8252	5.0927e-30
13.9635	5.03068e-30
14.1031	4.96942e-30
14.2441	4.90866e-30
14.3866	4.84862e-30
14.5304	4.78915e-30
14.6758	4.73027e-30
14.8225	4.67205e-30
14.9707	4.61435e-30
15.1204	4.55732e-30
15.2716	4.50088e-30
15.4244	4.44502e-30
15.5786	4.38976e-30
15.7344	4.33512e-30
15.8917	4.281e-30
16.0507	4.22745e-30
16.2112	4.1745e-30
16.3733	4.12214e-30
16.537	4.07031e-30
16.7024	4.01899e-30
16.8694	3.96828e-30
17.0381	3.91813e-30
17.2085	3.86849e-30
17.3806	3.8194e-30
17.5544	3.7708e-30
17.7299	3.72282e-30
17.9072	3.67531e-30
18.0863	3.62835e-30
18.2671	3.58187e-30
18.4498	3.53596e-30
18.6343	3.49053e-30
18.8207	3.44557e-30
19.0089	3.40117e-30
19.199	3.35721e-30
19.3909	3.31377e-30
19.5848	3.27083e-30
19.7807	3.22837e-30
19.9785	3.18636e-30
20.1783	3.14483e-30
20.3801	3.10385e-30
20.5839	3.06323e-30
20.7897	3.02312e-30
20.9976	2.98348e-30
21.2076	2.94423e-30
21.4197	2.90549e-30
21.6339	2.8672e-30
21.8502	2.82933e-30
22.0687	2.79186e-30
22.2894	2.7549e-30
22.5123	2.71832e-30
22.7374	2.68219e-30
22.9648	2.64645e-30
23.1944	2.61114e-30
23.4264	2.57626e-30
23.6606	2.54177e-30
23.8972	2.5077e-30
24.1362	2.47401e-30
24.3776	2.44074e-30
24.6213	2.40787e-30
24.8676	2.37537e-30
25.1162	2.34327e-30
25.3674	2.31152e-30
25.6211	2.28019e-30
25.8773	2.24921e-30
26.1361	2.2186e-30
26.3974	2.18837e-30
26.6614	2.15849e-30
26.928	2.129e-30
27.1973	2.09984e-30
27.4693	2.07105e-30
27.744	2.04257e-30
28.0214	2.01449e-30
28.3016	1.98672e-30
28.5846	1.95928e-30
28.8705	1.93219e-30
29.1592	1.90543e-30
29.4508	1.879e-30
29.7453	1.85289e-30
30.0427	1.82711e-30
30.3432	1.80164e-30
30.6466	1.7765e-30
30.953	1.75164e-30
31.2626	1.7271e-30
31.5752	1.70287e-30
31.891	1.67895e-30
32.2099	1.65532e-30
32.532	1.63199e-30
32.8573	1.60894e-30
33.1859	1.5862e-30
33.5177	1.56372e-30
33.8529	1.54152e-30
34.1914	1.51963e-30
34.5333	1.49798e-30
34.8787	1.47664e-30
35.2275	1.45555e-30
35.5797	1.43473e-30
35.9355	1.41418e-30
36.2949	1.39388e-30
36.6578	1.37385e-30
37.0244	1.35406e-30
37.3947	1.33455e-30
37.7686	1.31527e-30
38.1463	1.29624e-30
38.5277	1.27745e-30
38.913	1.25891e-30
39.3022	1.24062e-30
39.6952	1.22255e-30
40.0921	1.20471e-30
40.4931	1.18711e-30
40.898	1.16973e-30
41.307	1.15259e-30
41.72	1.13566e-30
42.1372	1.11896e-30
42.5586	1.10247e-30
42.9842	1.08621e-30
43.414	1.07015e-30
43.8482	1.0543e-30
44.2867	1.03867e-30
44.7295	1.02324e-30
45.1768	1.00802e-30
45.6286	9.9299e-31
46.0849	9.78171e-31
46.5457	9.63537e-31
47.0112	9.49098e-31
47.4813	9.34855e-31
47.9561	9.20807e-31
48.4357	9.06938e-31
48.92	8.93256e-31
49.4092	8.79765e-31
49.9033	8.66449e-31
50.4023	8.53309e-31
50.9064	8.40356e-31
51.4154	8.27562e-31
51.9296	8.14949e-31
52.4489	8.02513e-31
52.9734	7.90243e-31
53.5031	7.78128e-31
54.0381	7.6619e-31
54.5785	7.54408e-31
55.1243	7.42794e-31
55.6755	7.3133e-31
56.2323	7.20025e-31
56.7946	7.08877e-31
57.3626	6.97884e-31
57.9362	6.87039e-31
58.5156	6.76343e-31
59.1007	6.65799e-31
59.6917	6.55399e-31
60.2886	6.45143e-31
60.8915	6.35031e-31
61.5004	6.25052e-31
62.1154	6.15221e-31
62.7366	6.0552e-31
63.364	5.95957e-31
63.9976	5.86525e-31
64.6376	5.7723e-31
65.284	5.68066e-31
65.9368	5.59027e-31
66.5962	5.50118e-31
67.2621	5.41332e-31
67.9347	5.32676e-31
68.6141	5.24138e-31
69.3002	5.1572e-31
69.9932	5.07424e-31
70.6932	4.99246e-31
71.4001	4.91181e-31
72.1141	4.83237e-31
72.8352	4.75405e-31
73.5636	4.67685e-31
74.2992	4.60074e-31
75.0422	4.52572e-31
75.7926	4.4518e-31
76.5506	4.37895e-31
77.3161	4.30715e-31
78.0892	4.23641e-31
78.8701	4.16668e-31
79.6588	4.09795e-31
80.4554	4.03025e-31
81.26	3.9635e-31
82.0726	3.89776e-31
82.8933	3.83297e-31
83.7222	3.76913e-31
84.5595	3.70623e-31
85.405	3.64427e-31
86.2591	3.58321e-31
87.1217	3.52307e-31
87.9929	3.4638e-31
88.8728	3.40542e-31
89.7616	3.3479e-31
90.6592	3.29125e-31
91.5658	3.23545e-31
92.4814	3.18046e-31
93.4062	3.1263e-31
94.3403	3.07298e-31
95.2837	3.02045e-31
96.2365	2.96869e-31
97.1989	2.91773e-31
98.1709	2.86755e-31
99.1526	2.81812e-31
100.144	2.76943e-31
101.146	2.72149e-31
102.157	2.67429e-31
103.179	2.62779e-31
104.21	2.58203e-31
105.252	2.53695e-31
106.305	2.49258e-31
107.368	2.44888e-31
108.442	2.40586e-31
109.526	2.3635e-31
110.621	2.3218e-31
111.728	2.28077e-31
112.845	2.24034e-31
113.973	2.20056e-31
115.113	2.16139e-31
116.264	2.12284e-31
117.427	2.08489e-31
118.601	2.04755e-31
119.787	2.01079e-31
120.985	1.97461e-31
122.195	1.939e-31
123.417	1.90397e-31
124.651	1.86947e-31
125.898	1.83553e-31
127.156	1.80214e-31
128.428	1.76928e-31
129.712	1.73694e-31
131.009	1.70513e-31
132.32	1.67383e-31
133.643	1.64302e-31
134.979	1.61271e-31
136.329	1.5829e-31
137.692	1.55357e-31
139.069	1.52471e-31
140.46	1.49634e-31
141.864	1.46841e-31
143.283	1.44095e-31
144.716	1.41394e-31
146.163	1.38738e-31
147.625	1.36124e-31
149.101	1.33554e-31
150.592	1.31027e-31
152.098	1.28541e-31
153.619	1.26097e-31
155.155	1.23694e-31
156.707	1.2133e-31
158.274	1.19007e-31
159.856	1.16722e-31
161.455	1.14476e-31
163.07	1.12267e-31
164.7	1.10096e-31
166.347	1.07961e-31
168.011	1.05863e-31
169.691	1.038e-31
171.388	1.01773e-31
173.102	9.97804e-32
174.833	9.78214e-32
176.581	9.5897e-32
178.347	9.4005e-32
180.13	9.21449e-32
181.932	9.03179e-32
183.751	8.85225e-32
185.588	8.67582e-32
187.444	8.50246e-32
189.319	8.33214e-32
191.212	8.1648e-32
193.124	8.00037e-32
195.055	7.83884e-32
197.006	7.68017e-32
198.976	7.5243e-32
200.966	7.3712e-32
202.975	7.22081e-32
205.005	7.07309e-32
207.055	6.92799e-32
209.126	6.7855e-32
211.217	6.64557e-32
213.329	6.50819e-32
215.462	6.37326e-32
217.617	6.24075e-32
219.793	6.11065e-32
221.991	5.98294e-32
224.211	5.85754e-32
226.453	5.73442e-32
228.718	5.61355e-32
231.005	5.49492e-32
233.315	5.37848e-32
235.648	5.26418e-32
238.004	5.152e-32
240.384	5.04189e-32
242.788	4.93384e-32
245.216	4.8278e-32
247.668	4.72375e-32
250.145	4.62165e-32
252.647	4.52145e-32
255.173	4.42316e-32
257.725	4.32674e-32
260.302	4.23214e-32
262.905	4.13935e-32
265.534	4.0483e-32
268.189	3.95901e-32
270.871	3.87143e-32
273.58	3.78555e-32
276.316	3.7013e-32
279.079	3.6187e-32
281.87	3.5377e-32
284.688	3.45828e-32
287.535	3.38041e-32
290.411	3.30405e-32
293.315	3.22918e-32
296.248	3.15581e-32
299.21	3.08391e-32
302.202	3.01339e-32
305.225	2.94429e-32
308.277	2.87658e-32
311.36	2.8102e-32
314.473	2.74515e-32
317.618	2.68142e-32
320.794	2.61898e-32
324.002	2.5578e-32
327.242	2.49786e-32
330.514	2.43914e-32
333.82	2.38162e-32
337.158	2.32527e-32
340.529	2.27009e-32
343.935	2.21605e-32
347.374	2.16312e-32
350.848	2.11128e-32
354.356	2.06053e-32
357.9	2.01085e-32
361.479	1.9622e-32
365.094	1.91457e-32
368.744	1.86796e-32
372.432	1.82232e-32
376.156	1.77766e-32
379.918	1.73394e-32
383.717	1.69116e-32
387.554	1.6493e-32
391.43	1.60833e-32
395.344	1.56826e-32
399.297	1.52904e-32
403.29	1.49068e-32
407.323	1.45317e-32
411.397	1.41647e-32
415.51	1.38058e-32
419.666	1.34547e-32
423.862	1.31115e-32
428.101	1.27758e-32
432.382	1.24477e-32
436.706	1.21269e-32
441.073	1.18132e-32
445.483	1.15067e-32
449.938	1.1207e-32
454.438	1.09142e-32
458.982	1.0628e-32
463.572	1.03484e-32
468.208	1.00751e-32
472.89	9.80816e-33
477.619	9.5474e-33
482.395	9.29264e-33
487.219	9.0438e-33
492.091	8.8008e-33
497.012	8.56347e-33
501.982	8.33176e-33
507.002	8.10549e-33
512.072	7.8846e-33
517.192	7.66896e-33
522.364	7.45846e-33
527.588	7.25304e-33
532.864	7.05254e-33
538.193	6.85691e-33
543.574	6.66597e-33
549.01	6.4797e-33
554.5	6.298e-33
560.045	6.12074e-33
565.646	5.94785e-33
571.302	5.77926e-33
577.015	5.61482e-33
582.785	5.45451e-33
588.613	5.29818e-33
594.499	5.1458e-33
600.444	4.99725e-33
606.449	4.85247e-33
612.513	4.71137e-33
618.638	4.57387e-33
624.825	4.4399e-33
631.073	4.30938e-33
637.384	4.1822e-33
643.758	4.05837e-33
650.195	3.93774e-33
656.697	3.82025e-33
663.264	3.70587e-33
669.897	3.5945e-33
676.596	3.48608e-33
683.362	3.38055e-33
690.195	3.27782e-33
697.097	3.17784e-33
704.068	3.08058e-33
711.109	2.98592e-33
718.22	2.89385e-33
725.402	2.80428e-33
732.656	2.71716e-33
739.983	2.63244e-33
747.383	2.55006e-33
754.857	2.46995e-33
762.405	2.39208e-33
770.029	2.31639e-33
777.729	2.24282e-33
785.507	2.17133e-33
793.362	2.10186e-33
801.295	2.03435e-33
809.308	1.96878e-33
817.401	1.90509e-33
825.575	1.84323e-33
833.831	1.78316e-33
842.17	1.72484e-33
850.591	1.66821e-33
859.097	1.61325e-33
867.688	1.55989e-33
876.365	1.50812e-33
885.129	1.45788e-33
893.98	1.40913e-33
902.92	1.36184e-33
911.949	1.31597e-33
921.068	1.27149e-33
930.279	1.22835e-33
939.582	1.18652e-33
948.978	1.14598e-33
958.467	1.10667e-33
968.052	1.06858e-33
977.733	1.03166e-33
987.51	9.95894e-34
997.385	9.61239e-34
1007.36	9.2767e-34
1017.43	8.95159e-34
1027.61	8.63672e-34
1037.88	8.33184e-34
1048.26	8.03668e-34
1058.74	7.75095e-34
1069.33	7.47441e-34
1080.03	7.20677e-34
1090.83	6.94784e-34
1101.73	6.69728e-34
1112.75	6.45492e-34
1123.88	6.22049e-34
1135.12	5.9938e-34
1146.47	5.77457e-34
1157.93	5.56267e-34
1169.51	5.3578e-34
1181.21	5.15978e-34
1193.02	4.96843e-34
1204.95	4.78352e-34
1217	4.60488e-34
1229.17	4.43233e-34
1241.46	4.26565e-34
1253.88	4.1047e-34
1266.41	3.94929e-34
1279.08	3.79924e-34
1291.87	3.6544e-34
1304.79	3.51461e-34
1317.84	3.3797e-34
1331.01	3.24954e-34
1344.32	3.12396e-34
1357.77	3.00283e-34
1371.35	2.886e-34
1385.06	2.77334e-34
1398.91	2.6647e-34
1412.9	2.55998e-34
1427.03	2.45903e-34
1441.3	2.36173e-34
1455.71	2.26798e-34
1470.27	2.17765e-34
1484.97	2.09063e-34
1499.82	2.00681e-34
1514.82	1.92609e-34
1529.97	1.84834e-34
1545.27	1.7735e-34
1560.72	1.70145e-34
1576.33	1.6321e-34
1592.09	1.56536e-34
1608.01	1.50113e-34
1624.09	1.43934e-34
1640.33	1.3799e-34
1656.73	1.32272e-34
1673.3	1.26774e-34
1690.03	1.21487e-34
1706.94	1.16404e-34
1724	1.11519e-34
1741.24	1.06822e-34
1758.66	1.02309e-34
1776.24	9.7973e-35
1794.01	9.38069e-35
1811.95	8.9805e-35
1830.07	8.59617e-35
1848.37	8.22706e-35
1866.85	7.87266e-35
1885.52	7.5324e-35
1904.37	7.20586e-35
1923.42	6.89241e-35
1942.65	6.59165e-35
1962.08	6.30307e-35
1981.7	6.02625e-35
2001.52	5.76072e-35
2021.53	5.50605e-35
2041.75	5.26189e-35
2062.16	5.02777e-35
2082.79	4.80333e-35
2103.61	4.58823e-35
2124.65	4.38209e-35
2145.9	4.18454e-35
2167.35	3.99531e-35
2189.03	3.81401e-35
2210.92	3.6404e-35
2233.03	3.47413e-35
2255.36	3.31494e-35
2277.91	3.16254e-35
2300.69	3.01669e-35
2323.7	2.87708e-35
2346.93	2.74348e-35
2370.4	2.61569e-35
2394.11	2.49342e-35
2418.05	2.37648e-35
2442.23	2.26465e-35
2466.65	2.15773e-35
2491.32	2.05551e-35
2516.23	1.95778e-35
2541.39	1.8644e-35
2566.81	1.77517e-35
2592.48	1.68991e-35
2618.4	1.60848e-35
2644.58	1.53069e-35
2671.03	1.45642e-35
2697.74	1.3855e-35
2724.72	1.3178e-35
2751.97	1.25319e-35
2779.49	1.19152e-35
2807.28	1.13268e-35
2835.35	1.07654e-35
2863.71	1.023e-35
2892.34	9.71937e-36
2921.27	9.23243e-36
2950.48	8.76824e-36
2979.98	8.32577e-36
3009.78	7.90416e-36
3039.88	7.50237e-36
3070.28	7.11963e-36
3100.98	6.75507e-36
3131.99	6.40784e-36
3163.31	6.07726e-36
3194.95	5.76258e-36
3226.9	5.46303e-36
3259.17	5.17796e-36
3291.76	4.90673e-36
3324.67	4.64874e-36
3357.92	4.4033e-36
3391.5	4.16996e-36
3425.42	3.9481e-36
3459.67	3.73725e-36
3494.27	3.53685e-36
3529.21	3.34645e-36
3564.5	3.16558e-36
3600.15	2.99378e-36
3636.15	2.83067e-36
3672.51	2.67581e-36
3709.23	2.52884e-36
3746.33	2.38935e-36
3783.79	2.25701e-36
3821.63	2.13148e-36
3859.84	2.01244e-36
3898.44	1.89954e-36
3937.43	1.79254e-36
3976.8	1.69115e-36
4016.57	1.59508e-36
4056.73	1.50407e-36
4097.3	1.41789e-36
4138.27	1.33629e-36
4179.66	1.25904e-36
4221.45	1.18595e-36
4263.67	1.1168e-36
4306.31	1.05139e-36
4349.37	9.8953e-37
4392.86	9.31046e-37
4436.79	8.75766e-37
4481.16	8.23532e-37
4525.97	7.74181e-37
4571.23	7.27577e-37
4616.94	6.83583e-37
4663.11	6.42051e-37
4709.74	6.02862e-37
4756.84	5.65893e-37
4804.41	5.31024e-37
4852.45	4.9815e-37
4900.98	4.67165e-37
4949.99	4.37968e-37
4999.49	4.1046e-37
5049.48	3.84558e-37
5099.98	3.60167e-37
5150.98	3.37213e-37
5202.49	3.15611e-37
5254.51	2.95294e-37
5307.06	2.7619e-37
5360.13	2.58236e-37
5413.73	2.41362e-37
5467.87	2.25512e-37
5522.54	2.10628e-37
5577.77	1.96655e-37
5633.55	1.83543e-37
5689.88	1.71241e-37
5746.78	1.59705e-37
5804.25	1.48889e-37
5862.29	1.38754e-37
5920.91	1.29258e-37
5980.12	1.20365e-37
6039.92	1.12039e-37
6100.32	1.04247e-37
6161.33	9.69594e-38
6222.94	9.01448e-38
6285.17	8.37752e-38
6348.02	7.78241e-38
6411.5	7.22655e-38
6475.62	6.70752e-38
6540.37	6.22323e-38
6605.78	5.77138e-38
6671.83	5.35007e-38
6738.55	4.9573e-38
6805.94	4.59136e-38
6874	4.25049e-38
6942.74	3.93314e-38
7012.17	3.63779e-38
7082.29	3.36309e-38
7153.11	3.10772e-38
7224.64	2.8704e-38
7296.89	2.64995e-38
7369.86	2.44527e-38
7443.55	2.2553e-38
7517.99	2.0791e-38
7593.17	1.91573e-38
7669.1	1.76431e-38
7745.79	1.62406e-38
7823.25	1.4942e-38
7901.48	1.37401e-38
7980.5	1.26282e-38
8060.3	1.16002e-38
8140.91	1.06503e-38
8222.32	9.773e-39
8304.54	8.96313e-39
8387.58	8.21611e-39
8471.46	7.52714e-39
8556.17	6.89223e-39
8641.74	6.30729e-39
8728.15	5.76885e-39
8815.43	5.27341e-39
8903.59	4.81774e-39
8992.62	4.39892e-39
9082.55	4.01418e-39
9173.38	3.66087e-39
9265.11	3.33669e-39
9357.76	3.03933e-39
9451.34	2.76682e-39
9545.85	2.5172e-39
9641.31	2.28871e-39
9737.72	2.07967e-39
9835.1	1.88855e-39
9933.45	1.71392e-39
10032.8	1.55444e-39
10133.1	1.40889e-39
10234.4	1.27616e-39
10336.8	1.15516e-39
10440.2	1.04495e-39
10544.6	9.44629e-40
10650	8.53345e-40
10756.5	7.70354e-40
10864.1	6.94948e-40
10972.7	6.26487e-40
11082.4	5.64376e-40
11193.3	5.0807e-40
11305.2	4.57052e-40
11418.2	4.10871e-40
11532.4	3.69087e-40
11647.8	3.31309e-40
11764.2	2.97178e-40
11881.9	2.66368e-40
12000.7	2.38573e-40
12120.7	2.13516e-40
12241.9	1.90944e-40
12364.3	1.70623e-40
12488	1.52344e-40
12612.8	1.35915e-40
12739	1.21161e-40
12866.4	1.07922e-40
12995	9.60527e-41
13125	8.54192e-41
13256.2	7.59006e-41
13388.8	6.73869e-41
13522.7	5.97778e-41
13657.9	5.29835e-41
13794.5	4.69212e-41
13932.4	4.15161e-41
14071.8	3.67021e-41
14212.5	3.24177e-41
14354.6	2.86075e-41
14498.1	2.52217e-41
14643.1	2.22164e-41
14789.6	1.95512e-41
14937.5	1.71898e-41
15086.8	1.50997e-41
15237.7	1.32512e-41
15390.1	1.1618e-41
15544	1.01763e-41
15699.4	8.90493e-42
15856.4	7.78471e-42
16015	6.7987e-42
16175.1	5.93163e-42
16336.9	5.1699e-42
16500.2	4.50138e-42
16665.2	3.9152e-42
16831.9	3.40168e-42
17000.2	2.95237e-42
17170.2	2.55968e-42
17341.9	2.21685e-42
17515.3	1.91784e-42
17690.5	1.65736e-42
17867.4	1.43065e-42
18046.1	1.23358e-42
18226.5	1.06244e-42
18408.8	9.14005e-43
18592.9	7.85393e-43
18778.8	6.74085e-43
18966.6	5.77865e-43
19156.3	4.94783e-43
19347.8	4.23127e-43
19541.3	3.61389e-43
19736.7	3.08275e-43
19934.1	2.62639e-43
