100.183	5.30399e+13
101.185	1.33899e+14
102.197	1.81056e+14
103.219	2.17642e+14
104.251	2.48385e+14
105.294	2.75257e+14
106.347	2.99308e+14
107.41	3.21191e+14
108.484	3.41327e+14
109.569	3.60013e+14
110.665	3.77465e+14
111.772	3.93856e+14
112.889	4.09311e+14
114.018	4.23934e+14
115.158	4.37809e+14
116.31	4.51e+14
117.473	4.63557e+14
118.648	4.7553e+14
119.834	4.86946e+14
121.033	4.97879e+14
122.243	5.08371e+14
123.465	5.18455e+14
124.7	5.28175e+14
125.947	5.37545e+14
127.206	5.4658e+14
128.478	5.55296e+14
129.763	5.63705e+14
131.061	5.71826e+14
132.372	5.79665e+14
133.695	5.87237e+14
135.032	5.94542e+14
136.383	6.01575e+14
137.746	6.0834e+14
139.124	6.14822e+14
140.515	6.21086e+14
141.92	6.27159e+14
143.339	6.33056e+14
144.773	6.38801e+14
146.221	6.44381e+14
147.683	6.49794e+14
149.16	6.55044e+14
150.651	6.60127e+14
152.158	6.65055e+14
153.679	6.69824e+14
155.216	6.74442e+14
156.768	6.789e+14
158.336	6.83187e+14
159.919	6.87282e+14
161.518	6.91159e+14
163.134	6.94903e+14
164.765	6.98552e+14
166.413	7.02119e+14
168.077	7.05611e+14
169.757	7.09001e+14
171.455	7.12288e+14
173.17	7.1547e+14
174.901	7.18539e+14
176.65	7.21507e+14
178.417	7.24367e+14
180.201	7.2713e+14
182.003	7.29781e+14
183.823	7.32306e+14
185.661	7.3467e+14
187.518	7.36825e+14
189.393	7.38894e+14
191.287	7.40932e+14
193.2	7.42944e+14
195.132	7.44914e+14
197.083	7.46812e+14
199.054	7.48634e+14
201.045	7.5038e+14
203.055	7.5204e+14
205.086	7.53628e+14
207.136	7.55135e+14
209.208	7.56575e+14
211.3	7.57932e+14
213.413	7.59193e+14
215.547	7.60303e+14
217.702	7.6119e+14
219.879	7.6203e+14
222.078	7.62898e+14
224.299	7.63773e+14
226.542	7.64615e+14
228.807	7.65398e+14
231.095	7.66119e+14
233.406	7.6678e+14
235.741	7.67372e+14
238.098	7.67907e+14
240.479	7.6838e+14
242.884	7.68804e+14
245.313	7.69164e+14
247.766	7.69451e+14
250.243	7.69587e+14
252.746	7.69473e+14
255.273	7.69363e+14
257.826	7.69332e+14
260.404	7.69319e+14
263.008	7.69269e+14
265.638	7.69166e+14
268.295	7.69007e+14
270.978	7.68799e+14
273.687	7.68533e+14
276.424	7.6822e+14
279.189	7.67862e+14
281.98	7.67456e+14
284.8	7.67007e+14
287.648	7.66503e+14
290.525	7.65845e+14
293.43	7.64897e+14
296.364	7.6403e+14
299.328	7.63273e+14
302.321	7.62525e+14
305.344	7.61731e+14
308.398	7.60888e+14
311.482	7.59994e+14
314.597	7.59057e+14
317.743	7.58071e+14
320.92	7.57045e+14
324.129	7.55981e+14
327.37	7.54877e+14
330.644	7.53749e+14
333.951	7.52566e+14
337.29	7.51228e+14
340.663	7.49561e+14
344.07	7.4808e+14
347.51	7.46705e+14
350.985	7.45317e+14
354.495	7.43878e+14
358.04	7.42392e+14
361.621	7.40861e+14
365.237	7.39291e+14
368.889	7.37677e+14
372.578	7.36028e+14
376.304	7.34346e+14
380.067	7.3263e+14
383.868	7.30898e+14
387.706	7.29125e+14
391.583	7.27185e+14
395.499	7.24892e+14
399.454	7.22896e+14
403.449	7.20965e+14
407.483	7.19001e+14
411.558	7.16984e+14
415.674	7.14925e+14
419.83	7.12824e+14
424.029	7.10688e+14
428.269	7.08515e+14
432.552	7.06306e+14
436.877	7.04069e+14
441.246	7.01803e+14
445.658	6.99526e+14
450.115	6.9722e+14
454.616	6.94727e+14
459.162	6.91903e+14
463.754	6.89447e+14
468.391	6.86998e+14
473.075	6.84506e+14
477.806	6.81964e+14
482.584	6.79383e+14
487.41	6.76765e+14
492.284	6.74115e+14
497.207	6.71431e+14
502.179	6.68715e+14
507.201	6.65973e+14
512.273	6.63205e+14
517.396	6.60429e+14
522.57	6.57637e+14
527.795	6.54623e+14
533.073	6.5137e+14
538.404	6.48473e+14
543.788	6.45541e+14
549.226	6.42564e+14
554.718	6.39543e+14
560.265	6.36487e+14
565.868	6.33397e+14
571.527	6.30279e+14
577.242	6.2713e+14
583.014	6.23953e+14
588.844	6.20751e+14
594.733	6.17527e+14
600.68	6.14297e+14
606.687	6.11063e+14
612.754	6.07547e+14
618.881	6.03971e+14
625.07	6.00649e+14
631.321	5.97274e+14
637.634	5.93859e+14
644.011	5.90406e+14
650.451	5.86923e+14
656.955	5.83412e+14
663.525	5.79874e+14
670.16	5.7631e+14
676.862	5.72721e+14
683.63	5.69112e+14
690.466	5.65482e+14
697.371	5.61849e+14
704.345	5.58224e+14
711.388	5.54241e+14
718.502	5.5043e+14
725.687	5.46717e+14
732.944	5.42954e+14
740.273	5.39159e+14
747.676	5.35333e+14
755.153	5.31483e+14
762.705	5.2761e+14
770.332	5.23715e+14
778.035	5.19799e+14
785.815	5.15863e+14
793.673	5.1191e+14
801.61	5.07941e+14
809.626	5.03972e+14
817.722	5.00023e+14
825.9	4.95671e+14
834.159	4.91664e+14
842.5	4.87627e+14
850.925	4.83552e+14
859.435	4.79454e+14
868.029	4.75334e+14
876.709	4.71196e+14
885.476	4.67042e+14
894.331	4.62871e+14
903.274	4.58687e+14
912.307	4.54489e+14
921.43	4.5028e+14
930.644	4.46061e+14
939.951	4.41848e+14
949.35	4.37666e+14
958.844	4.33129e+14
968.432	4.28919e+14
978.117	4.24657e+14
987.898	4.20373e+14
997.777	4.16074e+14
1007.75	4.11764e+14
1017.83	4.07444e+14
1028.01	4.03116e+14
1038.29	3.98781e+14
1048.67	3.94439e+14
1059.16	3.90093e+14
1069.75	3.85743e+14
1080.45	3.81391e+14
1091.25	3.77051e+14
1102.17	3.72756e+14
1113.19	3.68183e+14
1124.32	3.63857e+14
1135.56	3.595e+14
1146.92	3.55136e+14
1158.39	3.50769e+14
1169.97	3.46401e+14
1181.67	3.42034e+14
1193.49	3.3767e+14
1205.42	3.33308e+14
1217.48	3.28951e+14
1229.65	3.24598e+14
1241.95	3.20252e+14
1254.37	3.15915e+14
1266.91	3.11598e+14
1279.58	3.07328e+14
1292.38	3.02866e+14
1305.3	2.9858e+14
1318.35	2.94289e+14
1331.54	2.90004e+14
1344.85	2.8573e+14
1358.3	2.81467e+14
1371.88	2.77217e+14
1385.6	2.72982e+14
1399.46	2.68761e+14
1413.45	2.64556e+14
1427.59	2.60369e+14
1441.86	2.562e+14
1456.28	2.52052e+14
1470.85	2.47933e+14
1485.55	2.43805e+14
1500.41	2.39674e+14
1515.41	2.35616e+14
1530.57	2.31573e+14
1545.87	2.27552e+14
1561.33	2.23554e+14
1576.95	2.19581e+14
1592.71	2.15633e+14
1608.64	2.11713e+14
1624.73	2.0782e+14
1640.98	2.03955e+14
1657.39	2.0012e+14
1673.96	1.96315e+14
1690.7	1.92542e+14
1707.61	1.88808e+14
1724.68	1.85016e+14
1741.93	1.81378e+14
1759.35	1.77738e+14
1776.94	1.74128e+14
1794.71	1.70552e+14
1812.66	1.6701e+14
1830.78	1.63504e+14
1849.09	1.60034e+14
1867.58	1.566e+14
1886.26	1.53204e+14
1905.12	1.49846e+14
1924.17	1.46526e+14
1943.41	1.43244e+14
1962.85	1.40002e+14
1982.48	1.36806e+14
2002.3	1.33588e+14
2022.32	1.30484e+14
2042.55	1.27401e+14
2062.97	1.24357e+14
2083.6	1.21353e+14
2104.44	1.18389e+14
2125.48	1.15465e+14
2146.74	1.12581e+14
2168.21	1.09739e+14
2189.89	1.06937e+14
2211.79	1.04176e+14
2233.9	1.01455e+14
2256.24	9.87758e+13
2278.81	9.61377e+13
2301.59	9.35445e+13
2324.61	9.09541e+13
2347.86	8.84437e+13
2371.34	8.59677e+13
2395.05	8.35313e+13
2419	8.11349e+13
2443.19	7.87784e+13
2467.62	7.64617e+13
2492.3	7.41847e+13
2517.22	7.19474e+13
2542.39	6.97495e+13
2567.82	6.7591e+13
2593.49	6.54718e+13
2619.43	6.33918e+13
2645.62	6.13512e+13
2672.08	5.93529e+13
2698.8	5.73721e+13
2725.79	5.54498e+13
2753.05	5.35643e+13
2780.58	5.17168e+13
2808.38	4.99076e+13
2836.47	4.81365e+13
2864.83	4.64035e+13
2893.48	4.47084e+13
2922.41	4.30512e+13
2951.64	4.14318e+13
2981.15	3.985e+13
3010.97	3.83059e+13
3041.08	3.67992e+13
3071.49	3.53301e+13
3102.2	3.39016e+13
3133.22	3.25013e+13
3164.56	3.11443e+13
3196.2	2.98234e+13
3228.16	2.85391e+13
3260.45	2.72911e+13
3293.05	2.60793e+13
3325.98	2.49035e+13
3359.24	2.37633e+13
3392.83	2.26586e+13
3426.76	2.1589e+13
3461.03	2.05543e+13
3495.64	1.95541e+13
3530.59	1.8588e+13
3565.9	1.76558e+13
3601.56	1.6758e+13
3637.58	1.58948e+13
3673.95	1.50613e+13
3710.69	1.42597e+13
3747.8	1.34893e+13
3785.28	1.27498e+13
3823.13	1.20406e+13
3861.36	1.1361e+13
3899.97	1.07104e+13
3938.97	1.00883e+13
3978.36	9.49392e+12
4018.15	8.92663e+12
4058.33	8.38572e+12
4098.91	7.87051e+12
4139.9	7.38031e+12
4181.3	6.91748e+12
4223.11	6.47563e+12
4265.34	6.05575e+12
4308	5.65781e+12
4351.08	5.2811e+12
4394.59	4.92487e+12
4438.53	4.58834e+12
4482.92	4.27078e+12
4527.75	3.97144e+12
4573.03	3.68957e+12
4618.76	3.42444e+12
4664.94	3.17532e+12
4711.59	2.9415e+12
4758.71	2.72228e+12
4806.3	2.51699e+12
4854.36	2.32686e+12
4902.9	2.1473e+12
4951.93	1.97962e+12
5001.45	1.82324e+12
5051.46	1.67757e+12
5101.98	1.54203e+12
5153	1.41604e+12
5204.53	1.29907e+12
5256.57	1.19058e+12
5309.14	1.09006e+12
5362.23	9.97048e+11
5415.85	9.11061e+11
5470.01	8.31659e+11
5524.71	7.58418e+11
5579.96	6.90942e+11
5635.76	6.29485e+11
5692.12	5.72334e+11
5749.04	5.19837e+11
5806.53	4.71676e+11
5864.59	4.27541e+11
5923.24	3.8714e+11
5982.47	3.50198e+11
6042.3	3.16456e+11
6102.72	2.8567e+11
6163.75	2.57613e+11
6225.38	2.3207e+11
6287.64	2.08843e+11
6350.51	1.87744e+11
6414.02	1.686e+11
6478.16	1.51251e+11
6542.94	1.35694e+11
6608.37	1.21473e+11
6674.45	1.08626e+11
6741.2	9.70337e+10
6808.61	8.65855e+10
6876.7	7.7179e+10
6945.46	6.87199e+10
7014.92	6.11215e+10
7085.07	5.43038e+10
7155.92	4.81937e+10
7227.48	4.2724e+10
7299.75	3.78331e+10
7372.75	3.34649e+10
7446.48	2.9568e+10
7520.94	2.60965e+10
7596.15	2.30304e+10
7672.11	2.02798e+10
7748.83	1.78374e+10
7826.32	1.56711e+10
7904.59	1.37521e+10
7983.63	1.20542e+10
8063.47	1.05536e+10
8144.1	9.22909e+09
8225.54	8.06135e+09
8307.8	7.03309e+09
8390.88	6.12875e+09
8474.79	5.33436e+09
8559.53	4.63741e+09
8645.13	4.02672e+09
8731.58	3.49392e+09
8818.9	3.02808e+09
8907.09	2.61983e+09
8996.16	2.26387e+09
9086.12	1.9539e+09
9176.98	1.68432e+09
9268.75	1.45017e+09
9361.44	1.24705e+09
9455.05	1.07107e+09
9549.6	9.18804e+08
9645.1	7.87225e+08
9741.55	6.73669e+08
9838.96	5.75793e+08
9937.35	4.91544e+08
10036.7	4.19117e+08
10137.1	3.57212e+08
10238.5	3.03862e+08
10340.9	2.58164e+08
10444.3	2.19082e+08
10548.7	1.85702e+08
10654.2	1.57229e+08
10760.7	1.32973e+08
10868.3	1.12335e+08
10977	9.47981e+07
11086.8	7.99155e+07
11197.7	6.73011e+07
11309.6	5.66221e+07
11422.7	4.75928e+07
11537	3.99673e+07
11652.3	3.3535e+07
11768.9	2.81316e+07
11886.5	2.35674e+07
12005.4	1.973e+07
12125.5	1.65072e+07
12246.7	1.38032e+07
12369.2	1.15366e+07
12492.9	9.63842e+06
12617.8	8.05006e+06
12744	6.72201e+06
12871.4	5.61239e+06
13000.1	4.68586e+06
13130.1	3.91261e+06
13261.4	3.26758e+06
13394.1	2.72971e+06
13528	2.28129e+06
13663.3	1.9081e+06
13799.9	1.59643e+06
13937.9	1.33661e+06
14077.3	1.11998e+06
14218.1	939308
14360.2	788545
14503.8	662667
14648.9	557493
14795.4	469553
14943.3	395955
15092.8	334296
15243.7	282578
15396.1	239149
15550.1	202633
15705.6	171887
15862.6	145978
16021.3	124089
16181.5	105582
16343.3	89913.3
16506.7	76628.6
16671.8	65350.3
16838.5	55762.5
17006.9	47603.4
17177	40653
17348.7	34726.6
17522.2	29668.7
17697.4	25348.7
17874.4	21656.5
18053.2	18499.4
18233.7	15798.7
18416	13487.8
18600.2	11509.9
18786.2	9817.13
18974.1	8368.4
19163.8	7128.69
19355.4	6068.16
19549	5161.14
19744.5	4385.94
19941.9	3723.82
20141.3	3158.6
20342.7	2676.49
20546.2	2265.58
20751.6	1915.66
20959.2	1617.93
21168.7	1364.88
21380.4	1150.02
21594.2	967.772
21810.2	813.368
22028.3	682.706
22248.6	572.263
22471.1	479.027
22695.8	400.409
22922.7	334.222
23151.9	278.573
23383.5	231.85
23617.3	192.678
23853.5	159.882
24092	132.466
24332.9	109.58
24576.3	90.5058
24822	74.6327
25070.2	61.4435
25320.9	50.5021
25574.2	41.4401
25829.9	33.9466
26088.2	27.7601
26349.1	22.6613
26612.6	18.4665
26878.7	15.0216
27147.5	12.1975
27419	9.88624
27693.1	7.99829
27970.1	6.45884
28249.8	5.20587
28532.3	4.18797
28817.6	3.36261
29105.8	2.69465
29396.8	2.15511
29690.8	1.72015
29987.7	1.37019
30287.6	1.08917
30590.5	0.863976
30896.4	0.683904
31205.3	0.540214
31517.4	0.425799
31832.6	0.334887
32150.9	0.262807
32472.4	0.205784
32797.1	0.16077
33125.1	0.125318
33456.3	0.097459
33790.9	0.0756163
34128.8	0.0585312
34470.1	0.0451985
34814.8	0.0348185
35162.9	0.0267562
35514.6	0.0205099
35869.7	0.0156825
36228.4	0.0119611
36590.7	0.0090995
36956.6	0.00690466
37326.2	0.00522555
37699.4	0.00394434
38076.4	0.00296933
38457.2	0.00222929
38841.8	0.00166913
39230.2	0.00124628
39622.5	0.000927957
40018.7	0.000688991
40418.9	0.000510101
40823.1	0.000376561
41231.3	0.000277168
41643.6	0.000203408
42060.1	0.000148832
42480.7	0.000108571
42905.5	7.89601e-05
43334.5	5.72482e-05
43767.9	4.13773e-05
44205.6	2.98121e-05
44647.6	2.14112e-05
45094.1	1.53282e-05
45545	1.09378e-05
46000.5	7.77927e-06
46460.5	5.51447e-06
46925.1	3.8959e-06
47394.3	2.74301e-06
47868.3	1.92466e-06
48347	1.34578e-06
48830.4	9.37711e-07
49318.7	6.51066e-07
49811.9	4.50427e-07
50310	3.10492e-07
50813.1	2.13249e-07
51321.3	1.45921e-07
51834.5	9.94783e-08
52352.8	6.75612e-08
52876.4	4.57098e-08
53405.1	3.08068e-08
53939.2	2.0682e-08
54478.6	1.38302e-08
55023.4	9.21141e-09
55573.6	6.11052e-09
56129.3	4.03706e-09
56690.6	2.65625e-09
57257.5	1.74049e-09
57830.1	1.13567e-09
58408.4	7.37897e-10
58992.5	4.77397e-10
59582.4	3.07529e-10
60178.2	1.9724e-10
60780	1.25947e-10
61387.8	8.00657e-11
62001.7	5.06696e-11
62621.7	3.19207e-11
63247.9	2.0017e-11
63880.4	1.2494e-11
64519.2	7.76189e-12
65164.4	4.79924e-12
65816	2.95323e-12
66474.2	1.8085e-12
67138.9	1.10209e-12
67810.3	6.68299e-13
68488.4	4.03233e-13
69173.3	2.42076e-13
69865.1	1.44589e-13
70563.7	8.59185e-14
71269.3	5.07902e-14
71982	2.98671e-14
72701.9	1.74704e-14
73428.9	1.01645e-14
74163.2	5.88183e-15
74904.8	3.38505e-15
75653.8	1.9374e-15
76410.4	1.10268e-15
77174.5	6.24066e-16
77946.2	3.51188e-16
78725.7	1.96494e-16
79513	1.09304e-16
80308.1	6.04471e-17
81111.2	3.32307e-17
81922.3	1.81594e-17
82741.5	9.86365e-18
83568.9	5.32501e-18
84404.6	2.85708e-18
85248.6	1.5234e-18
86101.1	8.07181e-19
86962.1	4.24975e-19
87831.8	2.22313e-19
88710.1	1.15544e-19
89597.2	5.96597e-20
90493.2	3.06013e-20
91398.1	1.55916e-20
92312.1	7.89059e-21
93235.2	3.96609e-21
94167.5	1.9798e-21
95109.2	9.81423e-22
96060.3	4.83099e-22
97020.9	2.36119e-22
97991.1	1.1458e-22
98971	5.51998e-23
99960.7	2.63988e-23
