290.985	1.29846e-44
290.989	7.2949e-44
290.995	2.78239e-43
290.905	8.31569e-43
290.916	2.09646e-42
290.831	4.67512e-42
290.844	9.46769e-42
290.762	1.78286e-41
290.778	3.1574e-41
290.699	5.32551e-41
290.718	8.60521e-41
290.642	1.34321e-40
290.567	2.03159e-40
290.495	2.99401e-40
290.423	4.30985e-40
290.352	6.07611e-40
290.284	8.40177e-40
290.217	1.14346e-39
290.152	1.53297e-39
290.087	2.0257e-39
290.024	2.6458e-39
289.866	3.41755e-39
289.805	4.36734e-39
289.746	5.52751e-39
289.592	6.93566e-39
289.536	8.62866e-39
289.384	1.06556e-38
289.233	1.30751e-38
289.182	1.59069e-38
289.033	1.92673e-38
288.886	2.31817e-38
288.838	2.77297e-38
288.694	3.30065e-38
288.55	3.91256e-38
288.408	4.61265e-38
288.269	5.41396e-38
288.127	6.33329e-38
287.989	7.37326e-38
287.853	8.55837e-38
287.616	9.90152e-38
287.48	1.14035e-37
287.348	1.31008e-37
287.213	1.49922e-37
286.983	1.71236e-37
286.852	1.94811e-37
286.621	2.21451e-37
286.493	2.50584e-37
286.266	2.83153e-37
286.139	3.18826e-37
285.912	3.58557e-37
285.688	4.02659e-37
285.562	4.50347e-37
285.339	5.03193e-37
285.116	5.61115e-37
284.893	6.24495e-37
284.774	6.92942e-37
284.551	7.68395e-37
284.333	8.51242e-37
284.113	9.40679e-37
283.894	1.03782e-36
283.676	1.14318e-36
283.458	1.25731e-36
283.241	1.38078e-36
283.024	1.51419e-36
282.707	1.66007e-36
282.49	1.81547e-36
282.275	1.98281e-36
282.06	2.16277e-36
281.743	2.3589e-36
281.531	2.56457e-36
281.316	2.78727e-36
280.999	3.02935e-36
280.788	3.28487e-36
280.575	3.55817e-36
280.258	3.8547e-36
280.047	4.16661e-36
279.732	4.50465e-36
279.52	4.85562e-36
279.205	5.23939e-36
278.888	5.64845e-36
278.677	6.07653e-36
278.363	6.539e-36
278.152	7.0165e-36
277.836	7.53778e-36
277.52	8.09113e-36
277.204	8.6781e-36
276.992	9.28144e-36
276.676	9.93926e-36
276.36	1.06358e-35
276.044	1.13632e-35
275.831	1.21272e-35
275.515	1.29488e-35
275.197	1.38054e-35
274.88	1.47209e-35
274.56	1.56869e-35
274.241	1.66916e-35
273.922	1.77641e-35
273.71	1.88702e-35
273.389	2.00413e-35
273.069	2.12901e-35
272.748	2.25848e-35
272.427	2.39642e-35
272.104	2.5393e-35
271.781	2.69143e-35
271.459	2.8511e-35
271.135	3.01615e-35
270.81	3.19177e-35
270.485	3.37306e-35
270.158	3.56589e-35
269.832	3.7647e-35
269.505	3.976e-35
269.177	4.19365e-35
268.738	4.4269e-35
268.409	4.66888e-35
268.078	4.91773e-35
267.746	5.18193e-35
267.414	5.45333e-35
267.083	5.74128e-35
266.747	6.03698e-35
266.413	6.35054e-35
266.078	6.67192e-35
265.742	7.00688e-35
265.404	7.36209e-35
264.952	7.73622e-35
264.613	8.11524e-35
264.272	8.51697e-35
263.932	8.9275e-35
263.588	9.3628e-35
263.244	9.80723e-35
262.901	1.0269e-34
262.554	1.07584e-34
262.093	1.12731e-34
261.745	1.17921e-34
261.395	1.23416e-34
261.045	1.29015e-34
260.694	1.34823e-34
260.342	1.40848e-34
259.987	1.47228e-34
259.632	1.53715e-34
259.157	1.60672e-34
258.801	1.67794e-34
258.442	1.75034e-34
258.082	1.82533e-34
257.722	1.90296e-34
257.357	1.98514e-34
256.995	2.06843e-34
256.628	2.15341e-34
256.262	2.24255e-34
255.894	2.33686e-34
255.404	2.43605e-34
255.033	2.53498e-34
254.66	2.63728e-34
254.286	2.74301e-34
253.912	2.85478e-34
253.534	2.96782e-34
253.155	3.08463e-34
252.776	3.20519e-34
252.395	3.32976e-34
252.012	3.45838e-34
251.627	3.59437e-34
251.241	3.73155e-34
250.855	3.87307e-34
250.466	4.01913e-34
250.075	4.16986e-34
249.695	4.32459e-34
249.301	4.48893e-34
248.918	4.65362e-34
248.522	4.82415e-34
248.136	4.99908e-34
247.735	5.18032e-34
247.345	5.36614e-34
246.954	5.55757e-34
246.563	5.75989e-34
246.168	5.96311e-34
245.772	6.17241e-34
245.374	6.38787e-34
244.988	6.60856e-34
244.588	6.83671e-34
244.198	7.07045e-34
243.794	7.31212e-34
243.401	7.55947e-34
243.006	7.81392e-34
242.611	8.08285e-34
242.211	8.35229e-34
241.811	8.6291e-34
241.41	8.91373e-34
241.02	9.20456e-34
240.615	9.50512e-34
240.222	9.81232e-34
239.827	1.01279e-33
239.416	1.04539e-33
239.018	1.07866e-33
238.617	1.11287e-33
238.215	1.14796e-33
237.825	1.18379e-33
237.418	1.22196e-33
237.012	1.25995e-33
236.616	1.29872e-33
236.218	1.33852e-33
235.806	1.37959e-33
235.406	1.42145e-33
235.002	1.46443e-33
234.598	1.50847e-33
234.206	1.55335e-33
233.798	1.59967e-33
233.402	1.64686e-33
232.991	1.69554e-33
232.591	1.74511e-33
232.19	1.79591e-33
231.788	1.84794e-33
231.383	1.9013e-33
230.976	1.95594e-33
230.569	2.01188e-33
230.174	2.06882e-33
229.761	2.12755e-33
229.362	2.18725e-33
228.948	2.25096e-33
228.545	2.31362e-33
228.14	2.37779e-33
227.733	2.44203e-33
227.341	2.50864e-33
226.931	2.57735e-33
226.519	2.64765e-33
226.12	2.71905e-33
225.719	2.79209e-33
225.303	2.86737e-33
224.899	2.94378e-33
224.494	3.0219e-33
224.1	3.10121e-33
223.69	3.18291e-33
223.28	3.2664e-33
222.882	3.35109e-33
222.467	3.4384e-33
222.066	3.52689e-33
221.663	3.61732e-33
221.258	3.70973e-33
220.851	3.80415e-33
220.443	3.90061e-33
220.032	3.99917e-33
219.637	4.09891e-33
219.222	4.20179e-33
218.823	4.30582e-33
218.421	4.41211e-33
218.017	4.52064e-33
217.612	4.63144e-33
217.204	4.74463e-33
216.796	4.86005e-33
216.387	4.97785e-33
215.989	5.09711e-33
215.576	5.22514e-33
215.175	5.34948e-33
214.773	5.47625e-33
214.355	5.60679e-33
213.95	5.73875e-33
213.559	5.87204e-33
213.151	6.00932e-33
212.74	6.14939e-33
212.344	6.29073e-33
211.931	6.43639e-33
211.531	6.58348e-33
211.114	6.73494e-33
210.712	6.88764e-33
210.308	7.04342e-33
209.902	7.20221e-33
209.51	7.36226e-33
209.101	7.52721e-33
208.691	7.69528e-33
208.294	7.86467e-33
207.881	8.03911e-33
207.482	8.21495e-33
207.079	8.3942e-33
206.677	8.58567e-33
206.272	8.77187e-33
205.867	8.9613e-33
205.459	9.15439e-33
205.067	9.34861e-33
204.656	9.54882e-33
204.261	9.75017e-33
203.847	9.95775e-33
203.447	1.01666e-32
203.047	1.03791e-32
202.646	1.05952e-32
202.241	1.08092e-32
201.837	1.1033e-32
201.43	1.12609e-32
201.038	1.14899e-32
200.629	1.17386e-32
200.235	1.19759e-32
199.821	1.22207e-32
199.424	1.24662e-32
199.024	1.27161e-32
198.624	1.29702e-32
198.222	1.32286e-32
197.819	1.34915e-32
197.413	1.3759e-32
197.024	1.40271e-32
196.616	1.43034e-32
196.225	1.45965e-32
195.813	1.48829e-32
195.417	1.51697e-32
195.021	1.5461e-32
194.623	1.57573e-32
194.224	1.60585e-32
193.822	1.63646e-32
193.419	1.66759e-32
193.016	1.6992e-32
192.629	1.73276e-32
192.221	1.76546e-32
191.831	1.79815e-32
191.42	1.83192e-32
191.027	1.86568e-32
190.632	1.89995e-32
190.236	1.93475e-32
189.839	1.97235e-32
189.439	2.00834e-32
189.039	2.04486e-32
188.636	2.08199e-32
188.25	2.11904e-32
187.846	2.15728e-32
187.458	2.19545e-32
187.05	2.23751e-32
186.659	2.27691e-32
186.267	2.31689e-32
185.873	2.35751e-32
185.459	2.39951e-32
185.083	2.44053e-32
184.684	2.48591e-32
184.285	2.52909e-32
183.885	2.57287e-32
183.501	2.6165e-32
183.098	2.66159e-32
182.712	2.70969e-32
182.306	2.75619e-32
181.917	2.80249e-32
181.527	2.84944e-32
181.136	2.89703e-32
180.744	2.94881e-32
180.349	2.9979e-32
179.954	3.04768e-32
179.558	3.09814e-32
179.159	3.14936e-32
178.779	3.20403e-32
178.379	3.25675e-32
177.996	3.3071e-32
177.592	3.36131e-32
177.207	3.41922e-32
176.821	3.47377e-32
176.433	3.52911e-32
176.043	3.58523e-32
175.653	3.64208e-32
175.261	3.70425e-32
174.868	3.76275e-32
174.474	3.82203e-32
174.097	3.8808e-32
173.701	3.94648e-32
173.322	4.00691e-32
172.923	4.071e-32
172.542	4.13403e-32
172.16	4.19843e-32
171.756	4.26529e-32
171.372	4.33145e-32
170.985	4.39895e-32
170.598	4.46693e-32
170.21	4.53577e-32
169.841	4.60389e-32
169.45	4.67463e-32
169.057	4.74636e-32
168.685	4.81716e-32
168.29	4.89078e-32
167.914	4.96352e-32
167.517	5.03911e-32
167.14	5.11369e-32
166.761	5.18926e-32
166.381	5.26646e-32
166	5.34397e-32
165.617	5.42256e-32
165.233	5.5021e-32
164.848	5.5834e-32
164.462	5.66509e-32
164.096	5.74612e-32
163.708	5.82981e-32
163.318	5.91463e-32
162.948	5.99889e-32
162.556	6.08584e-32
162.183	6.1722e-32
161.81	6.25956e-32
161.436	6.34728e-32
161.061	6.43671e-32
160.684	6.52742e-32
160.306	6.61844e-32
159.926	6.71142e-32
159.546	6.80549e-32
159.165	6.90071e-32
158.783	6.99632e-32
158.421	7.09087e-32
158.036	7.18964e-32
157.672	7.28651e-32
157.285	7.38762e-32
156.918	7.48692e-32
156.551	7.58717e-32
156.161	7.69209e-32
155.791	7.79495e-32
155.42	7.89893e-32
155.049	8.00019e-32
154.675	8.10663e-32
154.302	8.21423e-32
153.949	8.31926e-32
153.572	8.4306e-32
153.195	8.54205e-32
152.839	8.65074e-32
152.46	8.76594e-32
152.102	8.87717e-32
151.72	8.99522e-32
151.359	9.109e-32
150.999	9.22517e-32
150.613	9.34616e-32
150.25	9.46518e-32
149.885	9.58423e-32
149.519	9.70599e-32
149.153	9.82896e-32
148.785	9.95212e-32
148.44	1.00729e-31
148.07	1.02003e-31
147.699	1.03289e-31
147.35	1.04538e-31
146.977	1.05854e-31
146.627	1.07115e-31
146.251	1.08461e-31
145.899	1.09763e-31
145.546	1.11081e-31
145.167	1.12472e-31
144.811	1.13837e-31
144.455	1.15197e-31
144.097	1.16573e-31
143.738	1.17965e-31
143.378	1.19371e-31
143.017	1.2079e-31
142.655	1.22245e-31
142.316	1.2363e-31
141.952	1.25097e-31
141.587	1.26598e-31
141.246	1.28026e-31
140.878	1.2956e-31
140.535	1.31019e-31
140.191	1.32489e-31
139.821	1.34071e-31
139.474	1.35596e-31
139.126	1.37114e-31
138.778	1.38669e-31
138.428	1.40219e-31
138.078	1.41804e-31
137.726	1.43406e-31
137.373	1.45027e-31
137.02	1.4664e-31
136.665	1.48294e-31
136.335	1.49875e-31
135.979	1.51559e-31
135.621	1.53265e-31
135.288	1.54891e-31
134.954	1.56535e-31
134.593	1.58292e-31
134.258	1.59967e-31
133.895	1.61761e-31
133.557	1.63469e-31
133.219	1.65092e-31
132.879	1.66835e-31
132.538	1.68594e-31
132.197	1.70365e-31
131.855	1.72184e-31
131.511	1.73995e-31
131.166	1.75826e-31
130.848	1.7758e-31
130.501	1.79444e-31
130.154	1.81323e-31
129.832	1.8313e-31
129.483	1.85048e-31
129.159	1.86887e-31
128.807	1.88846e-31
128.483	1.90718e-31
128.157	1.92579e-31
127.802	1.94621e-31
127.474	1.96551e-31
127.145	1.98465e-31
126.815	2.00427e-31
126.484	2.02407e-31
126.152	2.04378e-31
125.82	2.06392e-31
125.486	2.0843e-31
125.151	2.10488e-31
124.816	2.12559e-31
124.507	2.14499e-31
124.169	2.16614e-31
123.86	2.18586e-31
123.52	2.20735e-31
123.209	2.2274e-31
122.867	2.24933e-31
122.553	2.26977e-31
122.21	2.29205e-31
121.895	2.31285e-31
121.579	2.3338e-31
121.261	2.35494e-31
120.942	2.3763e-31
120.594	2.40001e-31
120.274	2.42174e-31
119.954	2.44361e-31
119.661	2.46416e-31
119.338	2.48643e-31
119.015	2.50887e-31
118.69	2.53191e-31
118.364	2.55482e-31
118.068	2.57621e-31
117.74	2.59944e-31
117.442	2.62117e-31
117.112	2.64486e-31
116.813	2.66692e-31
116.481	2.69142e-31
116.18	2.71347e-31
115.877	2.73611e-31
115.543	2.7612e-31
115.239	2.78378e-31
114.934	2.80698e-31
114.627	2.83036e-31
114.32	2.85397e-31
114.012	2.87771e-31
113.704	2.9012e-31
113.394	2.92537e-31
113.083	2.94968e-31
112.772	2.97423e-31
112.491	2.99449e-31
112.178	3.01938e-31
111.864	3.04454e-31
111.549	3.06989e-31
111.265	3.09261e-31
110.948	3.11889e-31
110.662	3.14199e-31
110.343	3.16818e-31
110.056	3.19163e-31
109.768	3.21518e-31
109.447	3.24266e-31
109.156	3.2672e-31
108.866	3.29134e-31
108.574	3.31564e-31
108.282	3.34069e-31
107.988	3.36542e-31
107.694	3.39085e-31
107.399	3.41586e-31
107.104	3.44109e-31
106.807	3.46706e-31
106.51	3.49267e-31
106.211	3.51912e-31
105.912	3.54572e-31
105.645	3.56834e-31
105.345	3.59533e-31
105.042	3.62197e-31
104.774	3.64565e-31
104.471	3.67323e-31
104.199	3.6967e-31
103.894	3.72469e-31
103.623	3.749e-31
103.315	3.77751e-31
103.042	3.80216e-31
102.767	3.82707e-31
102.458	3.85549e-31
102.182	3.88072e-31
101.905	3.90604e-31
101.627	3.93163e-31
101.349	3.95728e-31
101.07	3.98317e-31
100.79	4.00918e-31
100.509	4.03542e-31
100.228	4.06179e-31
99.9456	4.0884e-31
99.6626	4.11587e-31
99.3785	4.14285e-31
99.1293	4.16527e-31
98.844	4.19255e-31
98.5575	4.22007e-31
98.306	4.24363e-31
98.0184	4.27146e-31
97.7292	4.29959e-31
97.4756	4.32281e-31
97.222	4.34683e-31
96.9307	4.37546e-31
96.675	4.39984e-31
96.3817	4.42893e-31
96.1247	4.45281e-31
95.8668	4.47764e-31
95.5713	4.5073e-31
95.312	4.53241e-31
95.0518	4.55771e-31
94.7912	4.58228e-31
94.5295	4.60786e-31
94.2674	4.63272e-31
94.0045	4.65856e-31
93.7406	4.68182e-31
93.4762	4.70712e-31
93.211	4.73342e-31
92.9451	4.75988e-31
92.6779	4.78575e-31
92.4104	4.81255e-31
92.1804	4.83318e-31
91.911	4.86037e-31
91.6412	4.88765e-31
91.4095	4.90853e-31
91.1377	4.93621e-31
90.8651	4.9632e-31
90.6317	4.98432e-31
90.3576	5.01253e-31
90.1226	5.0339e-31
89.8469	5.06247e-31
89.61	5.08415e-31
89.373	5.10581e-31
89.095	5.13584e-31
88.8568	5.15768e-31
88.6173	5.17975e-31
88.3771	5.20191e-31
88.0959	5.23172e-31
87.8543	5.25414e-31
87.6122	5.27759e-31
87.3693	5.30021e-31
87.1256	5.32294e-31
86.8813	5.34578e-31
86.6365	5.36967e-31
86.3908	5.39273e-31
86.1444	5.41591e-31
85.8976	5.44018e-31
85.6497	5.46362e-31
85.4007	5.48728e-31
85.1934	5.50345e-31
84.9434	5.52721e-31
84.693	5.55211e-31
84.4416	5.57617e-31
84.2143	5.59622e-31
83.9787	5.61689e-31
83.7416	5.63889e-31
83.5044	5.66088e-31
83.2662	5.68195e-31
83.032	5.70322e-31
82.797	5.72351e-31
82.5653	5.74409e-31
82.329	5.76565e-31
82.0961	5.7853e-31
81.8667	5.80523e-31
81.6327	5.82611e-31
81.4022	5.84615e-31
81.1708	5.86633e-31
80.9438	5.88432e-31
80.7155	5.90366e-31
80.4867	5.92303e-31
80.2575	5.94245e-31
80.0317	5.96099e-31
79.8054	5.97955e-31
79.5783	5.99825e-31
79.3508	6.01696e-31
79.1273	6.03581e-31
78.903	6.05243e-31
78.6823	6.06925e-31
78.4567	6.08836e-31
78.2347	6.1053e-31
78.0122	6.12232e-31
77.7937	6.1382e-31
77.5745	6.15419e-31
77.3548	6.17019e-31
77.1343	6.18287e-31
76.9134	6.19898e-31
76.6962	6.21404e-31
76.4782	6.23042e-31
76.2645	6.24437e-31
76.0457	6.25952e-31
75.8308	6.27356e-31
75.6154	6.28885e-31
75.404	6.30175e-31
75.187	6.31599e-31
74.9743	6.33024e-31
74.7612	6.34321e-31
74.5521	6.355e-31
74.3422	6.36815e-31
74.1271	6.3813e-31
73.9213	6.39311e-31
73.7093	6.40515e-31
73.5023	6.41703e-31
73.2944	6.42772e-31
73.0857	6.43977e-31
72.8767	6.45052e-31
72.6717	6.46128e-31
72.4664	6.47071e-31
72.2602	6.48153e-31
72.0537	6.49102e-31
71.8513	6.50051e-31
71.6486	6.50996e-31
71.4451	6.51817e-31
71.2412	6.52767e-31
71.0415	6.5358e-31
70.8415	6.54256e-31
70.6407	6.55073e-31
70.4397	6.55881e-31
70.2375	6.56574e-31
70.04	6.57249e-31
69.8422	6.57919e-31
69.6436	6.58596e-31
69.4442	6.59282e-31
69.25	6.59797e-31
69.0547	6.60196e-31
68.859	6.60725e-31
68.6631	6.61243e-31
68.4713	6.61623e-31
68.2739	6.62157e-31
68.081	6.62539e-31
67.8881	6.62903e-31
67.6993	6.63125e-31
67.505	6.63502e-31
67.3153	6.63717e-31
67.1249	6.63939e-31
66.9342	6.64155e-31
66.7431	6.64366e-31
66.5566	6.64416e-31
66.3696	6.64466e-31
66.1819	6.64523e-31
65.9938	6.64572e-31
65.805	6.64769e-31
65.6213	6.64647e-31
65.437	6.64526e-31
65.252	6.64409e-31
65.0671	6.64274e-31
64.8811	6.64158e-31
64.7002	6.64001e-31
64.5188	6.63701e-31
64.3368	6.63407e-31
64.1544	6.63105e-31
63.9712	6.62953e-31
63.7934	6.6247e-31
63.6094	6.6217e-31
63.4303	6.61835e-31
63.2509	6.61351e-31
63.0764	6.6083e-31
62.896	6.60346e-31
62.7207	6.59674e-31
62.5448	6.58814e-31
62.3685	6.58142e-31
62.1914	6.57623e-31
62.014	6.56957e-31
61.8419	6.56236e-31
61.6635	6.5557e-31
61.4905	6.54848e-31
61.317	6.53983e-31
61.1486	6.53071e-31
60.9741	6.52206e-31
60.8046	6.51298e-31
60.629	6.5044e-31
60.4589	6.4952e-31
60.2883	6.486e-31
60.123	6.47344e-31
59.9514	6.46424e-31
59.785	6.45315e-31
59.6183	6.44058e-31
59.4453	6.43139e-31
59.2836	6.4182e-31
59.1156	6.40558e-31
58.9472	6.39437e-31
58.7838	6.3824e-31
58.6204	6.36914e-31
58.4505	6.35655e-31
58.2922	6.34128e-31
58.1271	6.32814e-31
57.9619	6.3149e-31
57.8022	6.29964e-31
57.6361	6.28642e-31
57.4754	6.26982e-31
57.3143	6.25458e-31
57.153	6.23929e-31
56.9971	6.22199e-31
56.8347	6.20678e-31
56.6783	6.18938e-31
56.5151	6.17416e-31
56.3573	6.15696e-31
56.1995	6.13961e-31
56.0413	6.12228e-31
55.8885	6.10296e-31
55.7295	6.08567e-31
55.5763	6.06621e-31
55.4223	6.04695e-31
55.2618	6.02975e-31
55.1138	6.00816e-31
54.9584	5.98897e-31
54.8031	5.96964e-31
54.6474	5.95036e-31
54.4972	5.92904e-31
54.3471	5.90894e-31
54.1963	5.88762e-31
54.0452	5.8663e-31
53.8938	5.84495e-31
53.7417	5.82375e-31
53.5895	5.80249e-31
53.4433	5.7804e-31
53.2966	5.75707e-31
53.1431	5.73594e-31
52.9955	5.71276e-31
52.8478	5.69078e-31
52.6997	5.66754e-31
52.5576	5.64223e-31
52.4087	5.6204e-31
52.2659	5.59514e-31
52.116	5.57217e-31
51.9724	5.54831e-31
51.8287	5.52312e-31
51.6844	5.49805e-31
51.5396	5.47437e-31
51.4016	5.44709e-31
51.256	5.42226e-31
51.117	5.39642e-31
50.9706	5.37175e-31
50.831	5.346e-31
50.6907	5.31921e-31
50.5503	5.2936e-31
50.4093	5.26448e-31
50.2682	5.23903e-31
50.1336	5.21018e-31
49.9914	5.18499e-31
49.8562	5.15626e-31
49.7131	5.13129e-31
49.5771	5.10274e-31
49.4406	5.07558e-31
49.3038	5.04723e-31
49.1663	5.0203e-31
49.0362	4.99102e-31
48.898	4.96304e-31
48.7594	4.9364e-31
48.6281	4.90743e-31
48.4961	4.87746e-31
48.3568	4.85099e-31
48.2239	4.82246e-31
48.0911	4.79274e-31
47.9577	4.76438e-31
47.8317	4.73374e-31
47.6974	4.70451e-31
47.5631	4.6764e-31
47.4357	4.64621e-31
47.3081	4.61609e-31
47.1725	4.58731e-31
47.044	4.55749e-31
46.9155	4.52771e-31
46.7862	4.49818e-31
46.6569	4.46866e-31
46.527	4.43827e-31
46.4047	4.40675e-31
46.274	4.37776e-31
46.1507	4.34659e-31
46.0197	4.31776e-31
45.8957	4.28688e-31
45.7716	4.25611e-31
45.647	4.2245e-31
45.522	4.19407e-31
45.397	4.16372e-31
45.2712	4.13364e-31
45.1454	4.1036e-31
45.0191	4.07379e-31
44.9003	4.0419e-31
44.7735	4.01234e-31
44.654	3.98083e-31
44.5345	3.94938e-31
44.4144	3.91817e-31
44.286	3.88993e-31
44.1653	3.85902e-31
44.0523	3.82613e-31
43.9309	3.79561e-31
43.8095	3.7652e-31
43.6873	3.73507e-31
43.5733	3.70378e-31
43.4505	3.67397e-31
43.3357	3.6422e-31
43.2125	3.61269e-31
43.0969	3.58133e-31
42.981	3.55013e-31
42.8652	3.51906e-31
42.7487	3.48825e-31
42.6318	3.45854e-31
42.515	3.42806e-31
42.3976	3.39784e-31
42.2883	3.36572e-31
42.1705	3.33585e-31
42.052	3.3071e-31
41.9418	3.27562e-31
41.8315	3.24429e-31
41.7122	3.21529e-31
41.601	3.18526e-31
41.4897	3.1546e-31
41.378	3.12419e-31
41.266	3.094e-31
41.1539	3.06475e-31
41.0413	3.03499e-31
40.9282	3.00548e-31
40.8239	2.97489e-31
40.7104	2.94579e-31
40.6053	2.91495e-31
40.4912	2.88582e-31
40.3855	2.85545e-31
40.2707	2.82799e-31
40.1645	2.79808e-31
40.0582	2.76837e-31
39.9513	2.73967e-31
39.8442	2.71048e-31
39.737	2.68217e-31
39.6293	2.65344e-31
39.5213	2.62563e-31
39.4132	2.59735e-31
39.3046	2.56933e-31
39.2048	2.54038e-31
39.0957	2.51283e-31
38.9956	2.48431e-31
38.8857	2.45726e-31
38.7848	2.42928e-31
38.6839	2.40086e-31
38.5733	2.37512e-31
38.4716	2.34786e-31
38.3697	2.3202e-31
38.2675	2.29342e-31
38.165	2.26628e-31
38.0622	2.23999e-31
37.9594	2.2133e-31
37.856	2.18749e-31
37.7617	2.16026e-31
37.658	2.13432e-31
37.5539	2.10924e-31
37.4589	2.08218e-31
37.3542	2.05758e-31
37.2588	2.03157e-31
37.1631	2.0053e-31
37.0575	1.98142e-31
36.9613	1.95618e-31
36.865	1.93065e-31
36.7682	1.90594e-31
36.6712	1.88146e-31
36.5742	1.8572e-31
36.4766	1.83272e-31
36.3789	1.80899e-31
36.2807	1.78553e-31
36.1826	1.76178e-31
36.084	1.73879e-31
35.9951	1.71457e-31
35.896	1.69207e-31
35.7968	1.66932e-31
35.7071	1.64589e-31
35.6072	1.62412e-31
35.517	1.60118e-31
35.4269	1.57846e-31
35.3262	1.55699e-31
35.2353	1.53481e-31
35.1441	1.5129e-31
35.053	1.49119e-31
34.9614	1.46976e-31
34.8696	1.44858e-31
34.7775	1.42765e-31
34.6854	1.40655e-31
34.5928	1.38612e-31
34.5	1.36592e-31
34.4069	1.34596e-31
34.3138	1.32622e-31
34.2307	1.3055e-31
34.1368	1.28627e-31
34.0427	1.26726e-31
33.9591	1.24727e-31
33.8645	1.22874e-31
33.7803	1.20926e-31
33.6958	1.19003e-31
33.6006	1.17234e-31
33.5157	1.15359e-31
33.4306	1.13509e-31
33.3345	1.11793e-31
33.2491	1.09988e-31
33.1633	1.08208e-31
33.0771	1.06453e-31
32.9908	1.0472e-31
32.9043	1.0301e-31
32.8178	1.01322e-31
32.7308	9.96579e-32
32.6436	9.80176e-32
32.5671	9.62982e-32
32.4796	9.46658e-32
32.3918	9.30929e-32
32.3036	9.15417e-32
32.2264	8.99163e-32
32.1379	8.84083e-32
32.0602	8.68289e-32
31.9712	8.53648e-32
31.8931	8.38541e-32
31.8036	8.2432e-32
31.7252	8.09399e-32
31.6464	7.94722e-32
31.5562	7.81124e-32
31.4771	7.66866e-32
31.3979	7.52812e-32
31.3184	7.39196e-32
31.2387	7.25577e-32
31.1472	7.12986e-32
31.0672	6.9976e-32
30.9868	6.86751e-32
30.9062	6.73944e-32
30.8254	6.61529e-32
30.7561	6.48355e-32
30.6748	6.36149e-32
30.5934	6.24137e-32
30.5118	6.12494e-32
30.4299	6.00859e-32
30.3598	5.88694e-32
30.2774	5.77446e-32
30.1949	5.66539e-32
30.124	5.54968e-32
30.0413	5.44251e-32
29.97	5.33063e-32
29.8866	5.22872e-32
29.815	5.12055e-32
29.7314	5.02044e-32
29.6594	4.91734e-32
29.5872	4.81462e-32
29.5027	4.71973e-32
29.4303	4.62178e-32
29.3575	4.52429e-32
29.2846	4.42854e-32
29.2115	4.33579e-32
29.1262	4.24888e-32
29.0526	4.15814e-32
28.9789	4.0702e-32
28.905	3.98267e-32
28.8311	3.89667e-32
28.7568	3.81345e-32
28.6823	3.73067e-32
28.6077	3.65047e-32
28.5453	3.56584e-32
28.4705	3.48756e-32
28.3953	3.41183e-32
28.3198	3.33651e-32
28.2442	3.26362e-32
28.1812	3.18662e-32
28.1052	3.1165e-32
28.029	3.04679e-32
27.9654	2.97422e-32
27.8888	2.9081e-32
27.8249	2.83836e-32
27.7479	2.77486e-32
27.6836	2.70785e-32
27.6064	2.64681e-32
27.5417	2.58249e-32
27.464	2.52394e-32
27.399	2.46216e-32
27.334	2.40236e-32
27.2557	2.34662e-32
27.1902	2.2893e-32
27.1245	2.23249e-32
27.0587	2.17755e-32
26.9797	2.12631e-32
26.9136	2.07362e-32
26.8472	2.02208e-32
26.7808	1.97103e-32
26.7143	1.92163e-32
26.6462	1.87306e-32
26.5792	1.82583e-32
26.5121	1.77907e-32
26.4462	1.7336e-32
26.3787	1.6889e-32
26.3124	1.64544e-32
26.2459	1.60295e-32
26.1808	1.56065e-32
26.1139	1.51956e-32
26.0483	1.4792e-32
25.9825	1.44022e-32
25.9181	1.40188e-32
25.8534	1.36402e-32
25.7885	1.32747e-32
25.7234	1.29177e-32
25.6583	1.25648e-32
25.5944	1.22224e-32
25.5302	1.1888e-32
25.4658	1.15581e-32
25.4027	1.12377e-32
25.3383	1.09279e-32
25.2763	1.06176e-32
25.2127	1.032e-32
25.1489	1.00297e-32
25.0866	9.74154e-33
25.024	9.46377e-33
24.9613	9.19291e-33
24.8998	8.92442e-33
24.8368	8.66701e-33
24.775	8.41465e-33
24.713	8.16613e-33
24.6524	7.92514e-33
24.5902	7.69162e-33
24.5293	7.4629e-33
24.4681	7.2379e-33
24.4083	7.01974e-33
24.3468	6.8086e-33
24.2869	6.60168e-33
24.2266	6.39835e-33
24.1661	6.20257e-33
24.1056	6.012e-33
24.0465	5.82536e-33
23.9871	5.64209e-33
23.9276	5.46567e-33
23.8678	5.29414e-33
23.8096	5.12623e-33
23.7511	4.96308e-33
23.691	4.8039e-33
23.6338	4.64889e-33
23.5749	4.49915e-33
23.5159	4.35369e-33
23.4582	4.21154e-33
23.4003	4.07217e-33
23.3425	3.93808e-33
23.2858	3.80722e-33
23.2276	3.68092e-33
23.1707	3.55759e-33
23.1137	3.43791e-33
23.0567	3.32065e-33
23.0009	3.2074e-33
22.9434	3.09819e-33
22.8874	2.99164e-33
22.8314	2.88828e-33
22.7751	2.78814e-33
22.7186	2.6911e-33
22.6636	2.59648e-33
22.6086	2.50393e-33
22.5517	2.41568e-33
22.4963	2.32968e-33
22.4423	2.24593e-33
22.3866	2.1653e-33
22.3325	2.08676e-33
22.2782	2.01078e-33
22.2237	1.93726e-33
22.169	1.86613e-33
22.1142	1.79673e-33
22.0611	1.72978e-33
22.0077	1.66508e-33
21.9525	1.60291e-33
21.8988	1.54244e-33
21.8467	1.48365e-33
21.7928	1.4272e-33
21.7403	1.37235e-33
21.6878	1.31938e-33
21.6351	1.26823e-33
21.5824	1.21883e-33
21.5294	1.17118e-33
21.4763	1.12519e-33
21.4248	1.08055e-33
21.3731	1.03749e-33
21.3215	9.95943e-34
21.2695	9.55905e-34
21.2174	9.17315e-34
21.167	8.79895e-34
21.1147	8.43793e-34
21.0639	8.09065e-34
21.0132	7.75603e-34
20.9622	7.43395e-34
20.911	7.12392e-34
20.8615	6.82369e-34
20.8102	6.53646e-34
20.7605	6.25837e-34
20.7106	5.99102e-34
20.6606	5.7339e-34
20.6105	5.4867e-34
20.5602	5.24911e-34
20.5116	5.01941e-34
20.4612	4.79992e-34
20.4123	4.58793e-34
20.3633	4.38435e-34
20.3142	4.1889e-34
20.265	4.00129e-34
20.2174	3.82025e-34
20.1679	3.64754e-34
20.1202	3.48084e-34
20.0723	3.32107e-34
20.0243	3.16791e-34
19.9761	3.02112e-34
19.9278	2.88045e-34
19.8812	2.74493e-34
19.8327	2.61589e-34
19.786	2.4916e-34
19.7372	2.37334e-34
19.6902	2.2603e-34
19.643	2.15135e-34
19.5976	2.04657e-34
19.5502	1.94695e-34
19.5027	1.85172e-34
19.457	1.76015e-34
19.4111	1.67271e-34
19.3633	1.58967e-34
19.3171	1.50992e-34
19.2728	1.43336e-34
19.2264	1.36072e-34
19.18	1.29187e-34
19.1353	1.22537e-34
19.0886	1.16232e-34
19.0437	1.10188e-34
18.9987	1.04428e-34
18.9536	9.89417e-35
18.9084	9.37168e-35
18.863	8.87422e-35
18.8195	8.40114e-35
18.774	7.95121e-35
18.7303	7.52016e-35
18.6864	7.11034e-35
18.6406	6.72294e-35
18.5965	6.35269e-35
18.5542	5.99906e-35
18.51	5.66515e-35
18.4656	5.35009e-35
18.423	5.04748e-35
18.3783	4.76207e-35
18.3356	4.4898e-35
18.2927	4.23171e-35
18.2497	3.98712e-35
18.2067	3.75679e-35
18.1635	3.53727e-35
18.1203	3.32944e-35
18.0789	3.13169e-35
18.0354	2.94564e-35
17.9938	2.76874e-35
17.9501	2.60241e-35
17.9084	2.44524e-35
17.8665	2.2959e-35
17.8245	2.15488e-35
17.7824	2.02178e-35
17.7403	1.89618e-35
17.6999	1.77778e-35
17.6575	1.66607e-35
17.617	1.56022e-35
17.5765	1.46052e-35
17.5339	1.36712e-35
17.4931	1.27874e-35
17.4522	1.19605e-35
17.4112	1.11782e-35
17.3702	1.04397e-35
17.3311	9.74509e-36
17.2899	9.09619e-36
17.2507	8.48685e-36
17.2092	7.91505e-36
17.1698	7.37567e-36
17.1302	6.86998e-36
17.0907	6.39603e-36
17.0508	5.95449e-36
17.011	5.53869e-36
16.9711	5.14952e-36
16.9311	4.78545e-36
16.8931	4.44333e-36
16.8529	4.12681e-36
16.8148	3.82803e-36
16.7744	3.55055e-36
16.736	3.29022e-36
16.6976	3.04743e-36
16.659	2.82225e-36
16.6205	2.61128e-36
16.5818	2.41484e-36
16.5429	2.23204e-36
16.5062	2.06108e-36
16.4673	1.9037e-36
16.4281	1.75672e-36
16.3912	1.6195e-36
16.3542	1.49214e-36
16.3148	1.37461e-36
16.2775	1.26555e-36
16.2403	1.164e-36
16.2028	1.06999e-36
16.1653	9.82967e-37
16.1278	9.02461e-37
16.0923	8.28031e-37
16.0545	7.59276e-37
16.0189	6.95492e-37
15.981	6.36935e-37
15.9452	5.82901e-37
15.9071	5.3312e-37
15.8711	4.87058e-37
15.8351	4.44669e-37
15.799	4.0569e-37
15.7628	3.70023e-37
15.7265	3.3711e-37
15.6902	3.06908e-37
15.6537	2.79214e-37
15.6195	2.53712e-37
15.5829	2.30563e-37
15.5485	2.09189e-37
15.5117	1.89738e-37
15.4771	1.71882e-37
15.4425	1.55582e-37
15.4078	1.40771e-37
15.3707	1.27274e-37
15.3358	1.14923e-37
15.3009	1.03683e-37
15.2659	9.35e-38
15.2331	8.41711e-38
15.1979	7.57413e-38
15.1626	6.80949e-38
15.1297	6.11357e-38
15.0942	5.48861e-38
15.0611	4.91851e-38
15.0256	4.40548e-38
14.9922	3.94034e-38
14.9589	3.52081e-38
14.9255	3.14407e-38
14.8896	2.80505e-38
14.856	2.49874e-38
14.8248	2.22244e-38
14.791	1.9756e-38
14.7573	1.75496e-38
14.7234	1.55661e-38
14.6895	1.37912e-38
14.6579	1.21985e-38
14.6238	1.07827e-38
14.5921	9.51257e-39
14.5578	8.39199e-39
14.526	7.38736e-39
14.4941	6.49494e-39
14.4621	5.70301e-39
14.4276	5.00379e-39
14.3954	4.38229e-39
14.3632	3.83436e-39
14.331	3.34895e-39
14.2987	2.92089e-39
14.2688	2.54259e-39
14.2363	2.21125e-39
14.2038	1.92023e-39
14.1711	1.66574e-39
14.141	1.44133e-39
14.1083	1.24588e-39
14.078	1.07462e-39
14.0451	9.25911e-40
14.0147	7.95985e-40
13.9843	6.83131e-40
13.9537	5.85267e-40
13.9232	5.00739e-40
13.8899	4.27705e-40
13.8593	3.6443e-40
13.8284	3.09936e-40
13.7976	2.63076e-40
13.7693	2.22729e-40
13.7384	1.88297e-40
13.7073	1.58859e-40
13.6762	1.3374e-40
13.6477	1.12279e-40
13.6164	9.41499e-41
13.5878	7.8687e-41
13.5565	6.56494e-41
13.5277	5.46079e-41
13.4963	4.53395e-41
13.4674	3.75269e-41
13.4384	3.09808e-41
13.4095	2.55082e-41
13.3804	2.09459e-41
13.3486	1.71619e-41
13.3195	1.40125e-41
13.2902	1.14077e-41
13.2637	9.25298e-42
13.2343	7.4867e-42
13.2049	6.03822e-42
13.1755	4.85395e-42
13.1459	3.88879e-42
13.1191	3.10268e-42
13.0895	2.46812e-42
13.0625	1.95486e-42
13.0328	1.54339e-42
13.0057	1.21297e-42
12.9758	9.50025e-43
12.9487	7.40466e-43
12.9187	5.75009e-43
12.8915	4.44231e-43
12.8641	3.41609e-43
12.8368	2.61427e-43
12.8093	1.99077e-43
12.7819	1.50812e-43
12.7543	1.1359e-43
12.7267	8.512e-44
12.699	6.34186e-44
12.6714	4.69676e-44
12.6436	3.45686e-44
12.6158	2.52714e-44
12.5879	1.83575e-44
12.5628	1.32313e-44
12.5348	9.47337e-45
12.5095	6.72632e-45
12.4815	4.73885e-45
12.4562	3.31006e-45
12.428	2.29347e-45
12.4026	1.57345e-45
12.3742	1.06989e-45
12.3487	7.19633e-46
12.3231	4.7891e-46
12.2975	3.14997e-46
12.2689	2.04992e-46
12.2431	1.31651e-46
12.2174	8.34348e-47
12.1915	5.21414e-47
12.1656	3.20878e-47
12.1397	1.94453e-47
12.1137	1.15866e-47
12.0877	6.78062e-48
12.0645	3.8893e-48
12.0383	2.18575e-48
12.0121	1.20189e-48
11.9858	6.45197e-49
11.9625	3.37046e-49
11.9361	1.71391e-49
11.9127	8.44528e-50
11.8862	4.02713e-50
11.8627	1.8485e-50
11.836	8.15759e-51
11.8124	3.43871e-51
11.7888	1.37791e-51
11.762	5.22602e-52
11.7382	1.85857e-52
11.7144	6.14549e-53
11.6905	1.87105e-53
11.6666	5.17066e-54
11.6426	1.27668e-54
11.6186	2.7548e-55
11.5945	5.04674e-56
11.5703	7.56034e-57
11.5462	8.76562e-58
11.5219	7.27497e-59
11.4977	3.81922e-60
11.4764	1.03292e-61
11.4521	9.79772e-64
11.4276	1.37308e-66
11.4063	1.79753e-71
11.3817	0
11.3603	1.54677e-35
11.3357	6.068e-35
11.3142	1.33679e-34
11.2894	2.32815e-34
11.2678	3.5613e-34
11.2462	5.01462e-34
11.2212	6.67993e-34
11.1995	8.53249e-34
11.1777	1.05517e-33
11.1559	1.27235e-33
11.1341	1.50311e-33
11.1121	1.74674e-33
11.0902	1.99985e-33
11.0682	2.26165e-33
11.0461	2.53061e-33
11.0241	2.80511e-33
11.002	3.08369e-33
10.9831	3.36358e-33
10.9609	3.64585e-33
10.9386	3.92795e-33
10.9163	4.20845e-33
10.8972	4.48186e-33
10.8747	4.75517e-33
10.8555	5.01825e-33
10.8363	5.27433e-33
10.8128	5.52561e-33
10.7928	5.76546e-33
10.7726	5.99504e-33
10.7525	6.21264e-33
10.7323	6.41873e-33
10.712	6.61172e-33
10.6917	6.79078e-33
10.6714	6.95513e-33
10.651	7.10404e-33
10.6307	7.23686e-33
10.6102	7.35296e-33
10.5897	7.45181e-33
10.5692	7.53292e-33
10.5521	7.58825e-33
10.5315	7.63259e-33
10.5109	7.65813e-33
10.4902	7.66465e-33
10.4695	7.65198e-33
10.4487	7.62005e-33
10.4279	7.56884e-33
10.4106	7.4907e-33
10.3897	7.40125e-33
10.3688	7.29038e-33
10.3479	7.16358e-33
10.3304	7.01533e-33
10.3093	6.8527e-33
10.2883	6.67291e-33
10.2707	6.46973e-33
10.2495	6.2578e-33
10.2283	6.03087e-33
10.2106	5.78367e-33
10.1893	5.52982e-33
10.168	5.264e-33
10.1502	4.98495e-33
10.1288	4.69898e-33
10.1109	4.40012e-33
10.0894	4.0998e-33
10.0679	3.79454e-33
10.0499	3.48219e-33
10.0283	3.17264e-33
10.0102	2.86222e-33
9.98853	2.55606e-33
9.9704	2.25221e-33
9.94861	1.95841e-33
9.93041	1.67233e-33
9.91218	1.39993e-33
9.89026	1.1433e-33
9.87196	9.03404e-34
9.84994	6.85543e-34
9.83156	4.90983e-34
9.81315	3.24162e-34
9.79101	1.88144e-34
9.77252	8.61528e-35
9.75399	2.21836e-35
9.73171	0
9.71311	0
9.69447	0
9.67579	0
9.65333	0
9.63458	0
9.61579	0
9.59696	0
9.57431	0
9.5554	0
9.53646	0
9.51747	0
9.49845	0
9.47939	0
9.46029	0
9.43731	0
9.41813	0
9.3989	0
9.37964	0
9.36034	0
9.34099	0
9.32161	0
9.30218	0
9.28272	0
9.26321	0
9.24367	0
9.22408	0
9.20445	0
9.18478	0
9.16506	0
9.14926	0
9.12947	0
9.10964	0
9.08976	0
9.06984	0
9.04988	0
9.02987	0
9.01383	0
8.99374	0
8.97361	0
8.95343	0
8.9332	0
8.91699	0
8.89668	0
8.87633	0
8.86001	0
8.83957	0
8.81909	0
8.79855	0
8.78209	0
8.76147	0
8.74494	0
8.72423	0
8.70348	0
8.68683	0
8.66599	0
8.64927	0
8.62834	0
8.60735	0
8.59052	0
8.56944	0
8.55254	0
8.53136	0
8.51438	0
8.49482	0
8.47563	0
8.45683	0
8.43756	0
8.41868	0
8.39975	0
8.38078	0
8.36176	0
8.34271	0
8.3236	0
8.3049	0
8.28571	0
8.26691	0
8.24807	0
8.22919	0
8.21027	0
8.1913	0
8.17229	0
8.15368	0
8.13458	0
8.11588	0
8.09714	0
8.0779	0
8.05907	0
8.04065	0
8.02173	0
8.00277	0
7.98421	0
7.96516	0
7.94652	0
7.92783	0
7.90864	0
7.88987	0
7.8715	0
7.85264	0
7.83373	0
7.81524	0
7.79623	0
7.77765	0
7.75902	0
7.74035	0
7.72164	0
7.70287	0
7.68407	0
7.66521	0
7.64678	0
7.62831	0
7.60932	0
7.59076	0
7.57215	0
7.55349	0
7.53479	0
7.51604	0
7.49773	0
7.47889	0
7.46049	0
7.44204	0
7.42306	0
7.40452	0
7.38593	0
7.36729	0
7.3491	0
7.33037	0
7.3116	0
7.29327	0
7.27439	0
7.25597	0
7.2375	0
7.21898	0
7.20042	0
7.18181	0
7.16365	0
7.14494	0
7.12669	0
7.10789	0
7.08954	0
7.07115	0
7.05271	0
7.03422	0
7.01568	0
6.99709	0
6.97897	0
6.96029	0
6.94207	0
6.92329	0
6.90497	0
6.88661	0
6.8682	0
6.84974	0
6.83176	0
6.81321	0
6.7946	0
6.77647	0
6.75776	0
6.73954	0
6.72126	0
6.70294	0
6.68456	0
6.66614	0
6.64766	0
6.62913	0
6.6111	0
6.59247	0
6.57434	0
6.55615	0
6.53792	0
6.51964	0
6.5013	0
6.48291	0
6.46447	0
6.44598	0
6.42799	0
6.4094	0
6.39131	0
6.37317	0
6.35441	0
6.33617	0
6.31787	0
6.29952	0
6.2817	0
6.26324	0
6.24473	0
6.22675	0
6.20871	0
6.19004	0
6.1719	0
6.1537	0
6.13545	0
6.11714	0
6.09878	0
6.08096	0
6.06249	0
6.04397	0
6.02598	0
6.00795	0
5.98925	0
5.97111	0
5.9529	0
5.93464	0
5.91633	0
5.89857	0
5.88014	0
5.86227	0
5.84373	0
5.82575	0
5.8071	0
5.789	0
5.77085	0
5.75264	0
5.73438	0
5.71669	0
5.69831	0
5.67987	0
5.66201	0
5.64345	0
5.62547	0
5.60743	0
5.58869	0
5.57054	0
5.55233	0
5.53471	0
5.51638	0
5.49799	0
5.47953	0
5.46168	0
5.44376	0
5.42513	0
5.40709	0
5.389	0
5.37084	0
5.35263	0
5.33435	0
5.31601	0
5.29828	0
5.27982	0
5.26197	0
5.24338	0
5.22541	0
5.20738	0
5.18929	0
5.17043	0
5.15221	0
5.13462	0
5.11627	0
5.09786	0
5.08008	0
5.06154	0
5.04364	0
5.02495	0
5.00692	0
4.98883	0
4.97067	0
4.95244	0
4.93415	0
4.91578	0
4.89735	0
4.87959	0
4.86102	0
4.84313	0
4.82517	0
4.80639	0
4.78829	0
4.77012	0
4.75189	0
4.73358	0
4.71521	0
4.69753	0
4.67901	0
4.66042	0
4.64253	0
4.62379	0
4.60576	0
4.58766	0
4.56949	0
4.55124	0
4.53293	0
4.51453	0
4.49607	0
4.47752	0
4.45971	0
4.44102	0
4.42306	0
4.40503	0
4.3861	0
4.36792	0
4.34966	0
4.33132	0
4.31291	0
4.29442	0
4.27669	0
4.25804	0
4.23931	0
4.22135	0
4.20246	0
4.18434	0
4.16615	0
4.14787	0
4.12952	0
4.11108	0
4.09256	0
4.07395	0
4.05526	0
4.03738	0
4.01852	0
4.00048	0
3.98144	0
3.96323	0
3.94493	0
3.92563	0
3.90715	0
3.88859	0
3.87088	0
3.85214	0
3.83331	0
3.81439	0
3.79633	0
3.77722	0
3.75898	0
3.74065	0
3.72223	0
3.70372	0
3.68512	0
3.66642	0
3.64763	0
3.62873	0
3.60974	0
3.59166	0
3.57247	0
3.5542	0
3.53481	0
3.51634	0
3.49777	0
3.4791	0
3.46034	0
3.44147	0
3.42249	0
3.40342	0
3.38423	0
3.36601	0
3.34661	0
3.32818	0
3.30965	0
3.28992	6.43017e-63
3.27117	2.39875e-37
3.25232	9.53374e-37
3.23335	2.13141e-36
3.21428	3.76504e-36
3.19509	5.84548e-36
3.17692	8.35352e-36
3.1575	1.51255e-35
3.13797	1.96926e-35
3.11947	2.48107e-35
3.09969	3.05278e-35
3.08096	3.67743e-35
3.06212	4.35831e-35
3.04316	5.09258e-35
3.02288	5.88769e-35
3.00367	6.73179e-35
2.98555	7.61748e-35
2.9661	8.56578e-35
2.94652	9.56342e-35
2.92681	7.60736e-35
2.90822	8.35231e-35
2.88825	9.1432e-35
2.8694	9.94822e-35
2.85042	1.07793e-34
2.83004	1.16483e-34
2.8108	1.25303e-34
2.79143	1.34359e-34
2.77193	1.43645e-34
2.75228	1.53064e-34
2.73249	1.62779e-34
2.7139	1.72393e-34
2.69383	2.58501e-34
2.67429	2.73911e-34
2.6546	2.89553e-34
2.6349	3.05745e-34
2.6152	3.22134e-34
2.59548	3.3881e-34
2.57575	3.5576e-34
2.55587	3.73032e-34
2.53612	3.90638e-34
2.51622	4.08405e-34
2.4963	4.26396e-34
2.47637	2.95491e-34
2.45642	3.06398e-34
2.43646	3.17062e-34
2.41648	3.27922e-34
2.39634	3.38565e-34
2.37632	3.4932e-34
2.3563	3.5972e-34
2.3361	3.70395e-34
2.31588	3.80974e-34
2.29564	3.89368e-34
2.27522	3.99738e-34
2.25494	4.09863e-34
2.23464	4.19829e-34
2.21415	4.2936e-34
2.19363	4.39074e-34
2.17325	4.48458e-34
2.15268	4.57755e-34
2.13208	4.66823e-34
2.11145	4.73312e-34
2.09079	4.81805e-34
2.06992	4.90675e-34
2.04919	4.98621e-34
2.02826	5.06432e-34
2.00746	5.1375e-34
1.98663	5.21292e-34
1.96558	5.28127e-34
1.94448	5.32362e-34
1.92335	5.38423e-34
1.90216	5.44739e-34
1.88094	5.50034e-34
1.85966	5.55595e-34
1.83833	5.60068e-34
1.81676	5.65069e-34
1.79533	5.66168e-34
1.77384	5.70035e-34
1.75209	5.7374e-34
1.73048	5.76734e-34
1.7086	5.79562e-34
1.68687	5.81641e-34
1.66485	5.83553e-34
1.64298	5.81985e-34
1.62081	5.82926e-34
1.59856	5.83387e-34
1.57623	5.84316e-34
1.55404	5.83461e-34
1.53153	5.83459e-34
1.50893	5.77911e-34
1.48646	5.76562e-34
1.46365	5.75142e-34
1.44074	5.73268e-34
1.41796	5.70506e-34
1.39481	5.67713e-34
1.3718	5.61291e-34
1.34839	5.57604e-34
1.32512	5.54188e-34
1.30143	5.50864e-34
1.27787	5.45416e-34
1.25444	5.36392e-34
1.23056	5.31377e-34
1.20652	5.27301e-34
1.18259	5.21023e-34
1.15849	5.14387e-34
1.13419	5.04984e-34
1.10968	4.97738e-34
1.08529	4.89549e-34
1.06068	4.82482e-34
1.03618	4.70838e-34
1.01145	4.61194e-34
0.986829	4.51452e-34
0.961955	4.41343e-34
0.936806	4.27485e-34
0.912154	4.15349e-34
0.886817	4.03564e-34
0.861995	3.86665e-34
0.836868	3.72744e-34
0.811677	3.58075e-34
0.786415	3.39829e-34
0.761075	3.23851e-34
