1.01	3.30087e+08
1.0201	4.67524e+08
1.0303	5.73449e+08
1.0406	6.63132e+08
1.05101	7.42459e+08
1.06152	8.14458e+08
1.07214	8.809e+08
1.08286	9.4297e+08
1.09369	1.00143e+09
1.10462	1.05691e+09
1.11567	1.10981e+09
1.12683	1.16049e+09
1.13809	1.20925e+09
1.14947	1.25622e+09
1.16097	1.30168e+09
1.17258	1.34569e+09
1.1843	1.38841e+09
1.19615	1.42996e+09
1.20811	1.47041e+09
1.22019	1.50985e+09
1.23239	1.5483e+09
1.24472	1.58591e+09
1.25716	1.62264e+09
1.26973	1.65858e+09
1.28243	1.69383e+09
1.29526	1.72828e+09
1.30821	1.76206e+09
1.32129	1.7952e+09
1.3345	1.82771e+09
1.34785	1.85958e+09
1.36133	1.89089e+09
1.37494	1.92162e+09
1.38869	1.95179e+09
1.40258	1.98143e+09
1.4166	2.01051e+09
1.43077	2.03912e+09
1.44508	2.06725e+09
1.45953	2.09485e+09
1.47412	2.12197e+09
1.48886	2.14867e+09
1.50375	2.17481e+09
1.51879	2.20059e+09
1.53398	2.22589e+09
1.54932	2.25075e+09
1.56481	2.27513e+09
1.58046	2.29912e+09
1.59626	2.32267e+09
1.61223	2.34584e+09
1.62835	2.36855e+09
1.64463	2.3908e+09
1.66108	2.41269e+09
1.67769	2.43422e+09
1.69447	2.45522e+09
1.71141	2.47592e+09
1.72852	2.49624e+09
1.74581	2.51604e+09
1.76327	2.53556e+09
1.7809	2.55458e+09
1.79871	2.57329e+09
1.8167	2.59159e+09
1.83486	2.6095e+09
1.85321	2.62698e+09
1.87174	2.64413e+09
1.89046	2.66093e+09
1.90937	2.67725e+09
1.92846	2.69324e+09
1.94774	2.70889e+09
1.96722	2.72403e+09
1.98689	2.73892e+09
2.00676	2.75344e+09
2.02683	2.76743e+09
2.0471	2.78122e+09
2.06757	2.79451e+09
2.08825	2.8075e+09
2.10913	2.82011e+09
2.13022	2.83235e+09
2.15152	2.84418e+09
2.17304	2.85569e+09
2.19477	2.86685e+09
2.21672	2.87761e+09
2.23888	2.88802e+09
2.26127	2.89811e+09
2.28388	2.90771e+09
2.30672	2.91709e+09
2.32979	2.92602e+09
2.35309	2.93465e+09
2.37662	2.94299e+09
2.40038	2.95084e+09
2.42439	2.95843e+09
2.44863	2.96566e+09
2.47312	2.97254e+09
2.49785	2.97904e+09
2.52283	2.98523e+09
2.54806	2.99111e+09
2.57354	2.99661e+09
2.59927	3.00178e+09
2.62527	3.00669e+09
2.65152	3.01112e+09
2.67803	3.01538e+09
2.70481	3.01919e+09
2.73186	3.02275e+09
2.75918	3.02605e+09
2.78677	3.02889e+09
2.81464	3.0315e+09
2.84279	3.03372e+09
2.87121	3.03575e+09
2.89993	3.03739e+09
2.92893	3.03874e+09
2.95822	3.03984e+09
2.9878	3.04052e+09
3.01768	3.04104e+09
3.04785	3.04118e+09
3.07833	3.04108e+09
3.10911	3.04072e+09
3.1402	3.03994e+09
3.17161	3.03903e+09
3.20332	3.03782e+09
3.23536	3.03626e+09
3.26771	3.0345e+09
3.30039	3.03238e+09
3.33339	3.03014e+09
3.36672	3.02753e+09
3.40039	3.02467e+09
3.4344	3.02164e+09
3.46874	3.01821e+09
3.50343	3.01466e+09
3.53846	3.01077e+09
3.57385	3.00672e+09
3.60958	3.00246e+09
3.64568	2.99781e+09
3.68214	2.99309e+09
3.71896	2.98812e+09
3.75615	2.98284e+09
3.79371	2.97741e+09
3.83165	2.97167e+09
3.86996	2.96585e+09
3.90866	2.95973e+09
3.94775	2.95342e+09
3.98723	2.94688e+09
4.0271	2.94016e+09
4.06737	2.93329e+09
4.10804	2.9261e+09
4.14912	2.91887e+09
4.19062	2.91144e+09
4.23252	2.90366e+09
4.27485	2.89587e+09
4.3176	2.88777e+09
4.36077	2.87959e+09
4.40438	2.87128e+09
4.44842	2.86269e+09
4.49291	2.85397e+09
4.53784	2.84506e+09
4.58321	2.83609e+09
4.62905	2.82688e+09
4.67534	2.81753e+09
4.72209	2.80809e+09
4.76931	2.79835e+09
4.817	2.78863e+09
4.86517	2.77877e+09
4.91383	2.76858e+09
4.96296	2.75841e+09
5.01259	2.74802e+09
5.06272	2.73757e+09
5.11335	2.72704e+09
5.16448	2.71627e+09
5.21613	2.70545e+09
5.26829	2.69445e+09
5.32097	2.68342e+09
5.37418	2.6722e+09
5.42792	2.66089e+09
5.4822	2.64954e+09
5.53702	2.63792e+09
5.59239	2.62636e+09
5.64832	2.61449e+09
5.7048	2.60273e+09
5.76185	2.59084e+09
5.81947	2.57874e+09
5.87766	2.56665e+09
5.93644	2.55452e+09
5.9958	2.54216e+09
6.05576	2.52982e+09
6.11632	2.51734e+09
6.17748	2.50485e+09
6.23926	2.49217e+09
6.30165	2.47951e+09
6.36466	2.46678e+09
6.42831	2.45381e+09
6.49259	2.44096e+09
6.55752	2.42781e+09
6.6231	2.41484e+09
6.68933	2.40174e+09
6.75622	2.38846e+09
6.82378	2.37524e+09
6.89202	2.36198e+09
6.96094	2.34855e+09
7.03055	2.33517e+09
7.10085	2.32168e+09
7.17186	2.30819e+09
7.24358	2.29456e+09
7.31602	2.28098e+09
7.38918	2.26716e+09
7.46307	2.25352e+09
7.5377	2.23974e+09
7.61308	2.22577e+09
7.68921	2.21196e+09
7.7661	2.1981e+09
7.84376	2.184e+09
7.9222	2.17008e+09
8.00142	2.156e+09
8.08144	2.14199e+09
8.16225	2.12794e+09
8.24387	2.11382e+09
8.32631	2.09971e+09
8.40957	2.08553e+09
8.49367	2.07134e+09
8.57861	2.05698e+09
8.66439	2.04277e+09
8.75104	2.02847e+09
8.83855	2.01399e+09
8.92693	1.99969e+09
9.0162	1.98537e+09
9.10636	1.97084e+09
9.19743	1.95649e+09
9.2894	1.94203e+09
9.3823	1.92762e+09
9.47612	1.91322e+09
9.57088	1.89878e+09
9.66659	1.88434e+09
9.76325	1.86987e+09
9.86089	1.85538e+09
9.9595	1.84076e+09
10.0591	1.82629e+09
10.1597	1.81177e+09
10.2613	1.79705e+09
10.3639	1.78252e+09
10.4675	1.768e+09
10.5722	1.75332e+09
10.6779	1.73881e+09
10.7847	1.72422e+09
10.8926	1.7097e+09
11.0015	1.69518e+09
11.1115	1.68064e+09
11.2226	1.66612e+09
11.3348	1.6516e+09
11.4482	1.63706e+09
11.5627	1.62244e+09
11.6783	1.60791e+09
11.7951	1.59339e+09
11.913	1.57867e+09
12.0322	1.56414e+09
12.1525	1.54954e+09
12.274	1.53504e+09
12.3967	1.52058e+09
12.5207	1.50611e+09
12.6459	1.4917e+09
12.7724	1.47728e+09
12.9001	1.46284e+09
13.0291	1.44846e+09
13.1594	1.43408e+09
13.291	1.41969e+09
13.4239	1.40526e+09
13.5581	1.39091e+09
13.6937	1.37658e+09
13.8307	1.36205e+09
13.969	1.34774e+09
14.1086	1.33337e+09
14.2497	1.31911e+09
14.3922	1.30489e+09
14.5362	1.29069e+09
14.6815	1.27652e+09
14.8283	1.26238e+09
14.9766	1.24823e+09
15.1264	1.23413e+09
15.2776	1.22005e+09
15.4304	1.20596e+09
15.5847	1.19185e+09
15.7406	1.17782e+09
15.898	1.16364e+09
16.057	1.14966e+09
16.2175	1.1357e+09
16.3797	1.1217e+09
16.5435	1.1078e+09
16.7089	1.09393e+09
16.876	1.08011e+09
17.0448	1.06631e+09
17.2152	1.05254e+09
17.3874	1.03878e+09
17.5613	1.02509e+09
17.7369	1.01139e+09
17.9142	9.97708e+08
18.0934	9.84052e+08
18.2743	9.70433e+08
18.4571	9.56746e+08
18.6416	9.43207e+08
18.828	9.29704e+08
19.0163	9.16187e+08
19.2065	9.02761e+08
19.3986	8.89406e+08
19.5925	8.76059e+08
19.7885	8.62757e+08
19.9864	8.4951e+08
20.1862	8.36287e+08
20.3881	8.23151e+08
20.592	8.10016e+08
20.7979	7.96934e+08
21.0059	7.8392e+08
21.2159	7.70937e+08
21.4281	7.5798e+08
21.6424	7.45132e+08
21.8588	7.32345e+08
22.0774	7.19607e+08
22.2981	7.06955e+08
22.5211	6.94399e+08
22.7463	6.81886e+08
22.9738	6.69456e+08
23.2035	6.57114e+08
23.4356	6.44859e+08
23.6699	6.32677e+08
23.9066	6.20575e+08
24.1457	6.08586e+08
24.3871	5.96681e+08
24.631	5.8487e+08
24.8773	5.73174e+08
25.1261	5.61576e+08
25.3774	5.5009e+08
25.6311	5.38731e+08
25.8874	5.27479e+08
26.1463	5.16363e+08
26.4078	5.05353e+08
26.6719	4.94468e+08
26.9386	4.83724e+08
27.208	4.73114e+08
27.48	4.62634e+08
27.7548	4.52286e+08
28.0324	4.42115e+08
28.3127	4.32057e+08
28.5958	4.22146e+08
28.8818	4.12426e+08
29.1706	4.02816e+08
29.4623	3.93394e+08
29.757	3.84097e+08
30.0545	3.74962e+08
30.3551	3.65994e+08
30.6586	3.57182e+08
30.9652	3.4853e+08
31.2749	3.40038e+08
31.5876	3.31717e+08
31.9035	3.23555e+08
32.2225	3.15557e+08
32.5447	3.07749e+08
32.8702	3.0008e+08
33.1989	2.92577e+08
33.5309	2.85275e+08
33.8662	2.78098e+08
34.2049	2.71113e+08
34.5469	2.64263e+08
34.8924	2.57577e+08
35.2413	2.51057e+08
35.5937	2.44688e+08
35.9496	2.38481e+08
36.3091	2.32424e+08
36.6722	2.26526e+08
37.039	2.20778e+08
37.4093	2.15179e+08
37.7834	2.09741e+08
38.1613	2.04437e+08
38.5429	1.99298e+08
38.9283	1.94275e+08
39.3176	1.8939e+08
39.7108	1.84657e+08
40.1079	1.80041e+08
40.509	1.75554e+08
40.914	1.71199e+08
41.3232	1.66967e+08
41.7364	1.62856e+08
42.1538	1.58864e+08
42.5753	1.54988e+08
43.0011	1.51227e+08
43.4311	1.47574e+08
43.8654	1.44037e+08
44.304	1.40597e+08
44.7471	1.37273e+08
45.1946	1.34033e+08
45.6465	1.3089e+08
46.103	1.27849e+08
46.564	1.24889e+08
47.0296	1.2202e+08
47.4999	1.19235e+08
47.9749	1.16532e+08
48.4547	1.1391e+08
48.9392	1.11364e+08
49.4286	1.08897e+08
49.9229	1.06498e+08
50.4221	1.04174e+08
50.9264	1.01915e+08
51.4356	9.97205e+07
51.95	9.75956e+07
52.4695	9.55265e+07
52.9942	9.35158e+07
53.5241	9.15641e+07
54.0594	8.96661e+07
54.6	8.78204e+07
55.146	8.6026e+07
55.6974	8.428e+07
56.2544	8.25818e+07
56.8169	8.093e+07
57.3851	7.93218e+07
57.9589	7.77564e+07
58.5385	7.62323e+07
59.1239	7.47474e+07
59.7152	7.33008e+07
60.3123	7.18921e+07
60.9154	7.05169e+07
61.5246	6.91754e+07
62.1398	6.78686e+07
62.7612	6.65916e+07
63.3888	6.53456e+07
64.0227	6.41286e+07
64.663	6.29403e+07
65.3096	6.17796e+07
65.9627	6.06449e+07
66.6223	5.95363e+07
67.2885	5.84512e+07
67.9614	5.73913e+07
68.641	5.63537e+07
69.3275	5.53376e+07
70.0207	5.43443e+07
70.7209	5.33709e+07
71.4281	5.24178e+07
72.1424	5.14841e+07
72.8638	5.05691e+07
73.5925	4.96723e+07
74.3284	4.87934e+07
75.0717	4.7931e+07
75.8224	4.70856e+07
76.5806	4.62566e+07
77.3464	4.54431e+07
78.1199	4.46449e+07
78.9011	4.38615e+07
79.6901	4.30924e+07
80.487	4.23375e+07
81.2919	4.15961e+07
82.1048	4.08679e+07
82.9259	4.01531e+07
83.7551	3.94504e+07
84.5927	3.87603e+07
85.4386	3.80823e+07
86.293	3.74158e+07
87.1559	3.67611e+07
88.0275	3.61172e+07
88.9077	3.54847e+07
89.7968	3.48624e+07
90.6948	3.42513e+07
91.6017	3.365e+07
92.5178	3.30589e+07
93.4429	3.24777e+07
94.3774	3.19063e+07
95.3211	3.13443e+07
96.2743	3.07913e+07
97.2371	3.02478e+07
98.2095	2.9713e+07
99.1916	2.9187e+07
100.183	2.86698e+07
101.185	2.81608e+07
102.197	2.76605e+07
103.219	2.7168e+07
104.251	2.6684e+07
105.294	2.62075e+07
106.347	2.57389e+07
107.41	2.5278e+07
108.484	2.48246e+07
109.569	2.43786e+07
110.665	2.39397e+07
111.772	2.35083e+07
112.889	2.30836e+07
114.018	2.26658e+07
115.158	2.2255e+07
116.31	2.18509e+07
117.473	2.14534e+07
118.648	2.10624e+07
119.834	2.06778e+07
121.033	2.02995e+07
122.243	1.99272e+07
123.465	1.95613e+07
124.7	1.92013e+07
125.947	1.88472e+07
127.206	1.8499e+07
128.478	1.81566e+07
129.763	1.78197e+07
131.061	1.74885e+07
132.372	1.71627e+07
133.695	1.68424e+07
135.032	1.65273e+07
136.383	1.62175e+07
137.746	1.59128e+07
139.124	1.56134e+07
140.515	1.53188e+07
141.92	1.50292e+07
143.339	1.47445e+07
144.773	1.44646e+07
146.221	1.41895e+07
147.683	1.39189e+07
149.16	1.36528e+07
150.651	1.33914e+07
152.158	1.31343e+07
153.679	1.28816e+07
155.216	1.26332e+07
156.768	1.23891e+07
158.336	1.21491e+07
159.919	1.19132e+07
161.518	1.16815e+07
163.134	1.14536e+07
164.765	1.12298e+07
166.413	1.10098e+07
168.077	1.07935e+07
169.757	1.0581e+07
171.455	1.03723e+07
173.17	1.01671e+07
174.901	9.96556e+06
176.65	9.76754e+06
178.417	9.57298e+06
180.201	9.38181e+06
182.003	9.194e+06
183.823	9.00952e+06
185.661	8.82832e+06
187.518	8.6503e+06
189.393	8.47546e+06
191.287	8.30372e+06
193.2	8.13503e+06
195.132	7.96939e+06
197.083	7.80666e+06
199.054	7.64692e+06
201.045	7.49001e+06
203.055	7.33594e+06
205.086	7.18465e+06
207.136	7.0361e+06
209.208	6.89024e+06
211.3	6.74707e+06
213.413	6.60648e+06
215.547	6.46845e+06
217.702	6.33297e+06
219.879	6.19997e+06
222.078	6.06943e+06
224.299	5.94129e+06
226.542	5.81552e+06
228.807	5.69213e+06
231.095	5.57098e+06
233.406	5.45209e+06
235.741	5.33543e+06
238.098	5.22097e+06
240.479	5.10865e+06
242.884	4.99844e+06
245.313	4.8903e+06
247.766	4.78424e+06
250.243	4.68016e+06
252.746	4.57811e+06
255.273	4.47795e+06
257.826	4.37975e+06
260.404	4.2834e+06
263.008	4.18892e+06
265.638	4.09625e+06
268.295	4.00538e+06
270.978	3.91629e+06
273.687	3.82888e+06
276.424	3.74323e+06
279.189	3.65921e+06
281.98	3.57685e+06
284.8	3.4961e+06
287.648	3.41696e+06
290.525	3.33939e+06
293.43	3.26334e+06
296.364	3.1888e+06
299.328	3.11576e+06
302.321	3.04418e+06
305.344	2.97401e+06
308.398	2.90527e+06
311.482	2.83792e+06
314.597	2.77193e+06
317.743	2.70727e+06
320.92	2.64393e+06
324.129	2.58187e+06
327.37	2.52109e+06
330.644	2.46156e+06
333.951	2.40325e+06
337.29	2.34613e+06
340.663	2.29023e+06
344.07	2.23546e+06
347.51	2.18185e+06
350.985	2.12935e+06
354.495	2.07796e+06
358.04	2.02764e+06
361.621	1.97838e+06
365.237	1.93018e+06
368.889	1.88298e+06
372.578	1.8368e+06
376.304	1.79161e+06
380.067	1.74738e+06
383.868	1.70411e+06
387.706	1.66177e+06
391.583	1.62034e+06
395.499	1.57982e+06
399.454	1.54018e+06
403.449	1.5014e+06
407.483	1.46348e+06
411.558	1.42639e+06
415.674	1.39013e+06
419.83	1.35466e+06
424.029	1.31998e+06
428.269	1.28608e+06
432.552	1.25294e+06
436.877	1.22054e+06
441.246	1.18887e+06
445.658	1.15792e+06
450.115	1.12767e+06
454.616	1.09811e+06
459.162	1.06923e+06
463.754	1.04102e+06
468.391	1.01345e+06
473.075	986512
477.806	960205
482.584	934510
487.41	909417
492.284	884914
497.207	860986
502.179	837621
507.201	814810
512.273	792545
517.396	770814
522.57	749600
527.795	728898
533.073	708696
538.404	688985
543.788	669754
549.226	650992
554.718	632689
560.265	614841
565.868	597432
571.527	580456
577.242	563902
583.014	547762
588.844	532029
594.733	516692
600.68	501743
606.687	487174
612.754	472975
618.881	459141
625.07	445664
631.321	432534
637.634	419746
644.011	407287
650.451	395156
656.955	383344
663.525	371842
670.16	360645
676.862	349745
683.63	339136
690.466	328811
697.371	318764
704.345	308987
711.388	299475
718.502	290223
725.687	281225
732.944	272472
740.273	263962
747.676	255686
755.153	247641
762.705	239819
770.332	232218
778.035	224830
785.815	217650
793.673	210675
801.61	203899
809.626	197316
817.722	190923
825.9	184714
834.159	178684
842.5	172831
850.925	167147
859.435	161632
868.029	156279
876.709	151083
885.476	146043
894.331	141153
903.274	136409
912.307	131808
921.43	127347
930.644	123020
939.951	118826
949.35	114759
958.844	110818
968.432	106998
978.117	103297
987.898	99710.7
997.777	96237.2
1007.75	92871.9
1017.83	89612.6
1028.01	86456.8
1038.29	83401.1
1048.67	80443
1059.16	77579.7
1069.75	74808.6
1080.45	72126.8
1091.25	69532.2
1102.17	67021.9
1113.19	64594.1
1124.32	62245.7
1135.56	59974.6
1146.92	57778.9
1158.39	55656.3
1169.97	53604.4
1181.67	51621
1193.49	49704.6
1205.42	47852.9
1217.48	46064.2
1229.65	44336.2
1241.95	42667.5
1254.37	41055.9
1266.91	39500
1279.58	37998
1292.38	36548.2
1305.3	35148.9
1318.35	33798.3
1331.54	32495.6
1344.85	31238.8
1358.3	30026.4
1371.88	28857.1
1385.6	27729.7
1399.46	26642.5
1413.45	25594.7
1427.59	24584.6
1441.86	23611.2
1456.28	22673.1
1470.85	21769.4
1485.55	20898.8
1500.41	20060.4
1515.41	19252.8
1530.57	18475.2
1545.87	17726.5
1561.33	17005.9
1576.95	16312.2
1592.71	15644.6
1608.64	15002.4
1624.73	14384.5
1640.98	13790
1657.39	13218.3
1673.96	12668.5
1690.7	12139.8
1707.61	11631.7
1724.68	11143.1
1741.93	10673.6
1759.35	10222.4
1776.94	9788.9
1794.71	9372.42
1812.66	8972.37
1830.78	8588.14
1849.09	8219.19
1867.58	7864.94
1886.26	7524.91
1905.12	7198.49
1924.17	6885.24
1943.41	6584.63
1962.85	6296.2
1982.48	6019.57
2002.3	5754.2
2022.32	5499.73
2042.55	5255.72
2062.97	5021.77
2083.6	4797.51
2104.44	4582.55
2125.48	4376.59
2146.74	4179.21
2168.21	3990.14
2189.89	3809.02
2211.79	3635.56
2233.9	3469.46
2256.24	3310.41
2278.81	3158.18
2301.59	3012.46
2324.61	2873
2347.86	2739.55
2371.34	2611.88
2395.05	2489.76
2419	2372.95
2443.19	2261.25
2467.62	2154.44
2492.3	2052.34
2517.22	1954.75
2542.39	1861.48
2567.82	1772.35
2593.49	1687.21
2619.43	1605.88
2645.62	1528.2
2672.08	1454.03
2698.8	1383.21
2725.79	1315.6
2753.05	1251.07
2780.58	1189.49
2808.38	1130.73
2836.47	1074.68
2864.83	1021.21
2893.48	970.226
2922.41	921.604
2951.64	875.258
2981.15	831.082
3010.97	788.98
3041.08	748.869
3071.49	710.653
3102.2	674.256
3133.22	639.59
3164.56	606.588
3196.2	575.164
3228.16	545.261
3260.45	516.802
3293.05	489.726
3325.98	463.967
3359.24	439.47
3392.83	416.174
3426.76	394.029
3461.03	372.979
3495.64	352.975
3530.59	333.967
3565.9	315.915
3601.56	298.768
3637.58	282.485
3673.95	267.029
3710.69	252.355
3747.8	238.434
3785.28	225.224
3823.13	212.695
3861.36	200.813
3899.97	189.546
3938.97	178.867
3978.36	168.747
4018.15	159.158
4058.33	150.076
4098.91	141.474
4139.9	133.331
4181.3	125.624
4223.11	118.328
4265.34	111.427
4308	104.899
4351.08	98.7265
4394.59	92.8901
4438.53	87.3736
4482.92	82.1613
4527.75	77.2368
4573.03	72.5864
4618.76	68.1965
4664.94	64.0522
4711.59	60.1416
4758.71	56.4526
4806.3	52.9736
4854.36	49.6938
4902.9	46.6017
4951.93	43.6887
5001.45	40.9442
5051.46	38.3596
5101.98	35.9264
5153	33.6361
5204.53	31.481
5256.57	29.4542
5309.14	27.5482
5362.23	25.7569
5415.85	24.0735
5470.01	22.4922
5524.71	21.0074
5579.96	19.6135
5635.76	18.3055
5692.12	17.0782
5749.04	15.9275
5806.53	14.8486
5864.59	13.8376
5923.24	12.8904
5982.47	12.0033
6042.3	11.1728
6102.72	10.3957
6163.75	9.66875
6225.38	8.98911
6287.64	8.35376
6350.51	7.76017
6414.02	7.20578
6478.16	6.68818
6542.94	6.20516
6608.37	5.75451
6674.45	5.33434
6741.2	4.94266
6808.61	4.57768
6876.7	4.23777
6945.46	3.92128
7014.92	3.62678
7085.07	3.35284
7155.92	3.09817
7227.48	2.86153
7299.75	2.64172
7372.75	2.43761
7446.48	2.24822
7520.94	2.07252
7596.15	1.90962
7672.11	1.75865
7748.83	1.61882
7826.32	1.48934
7904.59	1.36951
7983.63	1.25867
8063.47	1.15619
8144.1	1.06147
8225.54	0.974022
8307.8	0.893295
8390.88	0.818824
8474.79	0.750145
8559.53	0.68685
8645.13	0.62855
8731.58	0.574873
8818.9	0.52549
8907.09	0.480074
8996.16	0.43833
9086.12	0.399982
9176.98	0.364771
9268.75	0.332462
9361.44	0.302828
9455.05	0.275666
9549.6	0.250789
9645.1	0.228021
9741.55	0.20719
9838.96	0.188143
9937.35	0.170742
10036.7	0.154849
10137.1	0.140347
10238.5	0.127121
10340.9	0.115067
10444.3	0.104085
10548.7	0.0940894
10654.2	0.0849951
10760.7	0.0767272
10868.3	0.0692147
10977	0.0623941
11086.8	0.0562067
11197.7	0.0505979
11309.6	0.0455162
11422.7	0.0409155
11537	0.0367535
11652.3	0.0329907
11768.9	0.0295912
11886.5	0.0265226
12005.4	0.0237544
12125.5	0.0212587
12246.7	0.0190108
12369.2	0.0169872
12492.9	0.0151669
12617.8	0.0135307
12744	0.0120615
12871.4	0.0107432
13000.1	0.0095614
13130.1	0.00850262
13261.4	0.00755486
13394.1	0.00670727
13528	0.00594971
13663.3	0.00527326
13799.9	0.00466973
13937.9	0.00413171
14077.3	0.00365247
14218.1	0.00322598
14360.2	0.00284672
14503.8	0.00250972
14648.9	0.00221058
14795.4	0.00194531
14943.3	0.00171031
15092.8	0.0015023
15243.7	0.00131833
15396.1	0.0011558
15550.1	0.00101234
15705.6	0.000885824
15862.6	0.000774364
16021.3	0.000676252
16181.5	0.000589986
16343.3	0.0005142
16506.7	0.000447689
16671.8	0.000389374
16838.5	0.000338289
17006.9	0.000293594
17177	0.000254533
17348.7	0.000220433
17522.2	0.000190693
17697.4	0.000164785
17874.4	0.000142238
18053.2	0.000122639
18233.7	0.000105621
18416	9.08597e-05
18600.2	7.8071e-05
18786.2	6.70037e-05
18974.1	5.7437e-05
19163.8	4.91765e-05
19355.4	4.20524e-05
19549	3.59148e-05
19744.5	3.06349e-05
19941.9	2.60985e-05
20141.3	2.22055e-05
20342.7	1.88691e-05
20546.2	1.60131e-05
20751.6	1.35717e-05
20959.2	1.14871e-05
21168.7	9.70976e-06
21380.4	8.19625e-06
21594.2	6.90915e-06
21810.2	5.81607e-06
22028.3	4.88902e-06
22248.6	4.10385e-06
22471.1	3.43976e-06
22695.8	2.87881e-06
22922.7	2.4058e-06
23151.9	2.00749e-06
23383.5	1.6726e-06
23617.3	1.39145e-06
23853.5	1.15577e-06
24092	9.58513e-07
24332.9	7.93661e-07
24576.3	6.56107e-07
24822	5.41519e-07
25070.2	4.46209e-07
25320.9	3.67062e-07
25574.2	3.01448e-07
25829.9	2.47139e-07
26088.2	2.02261e-07
26349.1	1.6524e-07
26612.6	1.34756e-07
26878.7	1.097e-07
27147.5	8.91422e-08
27419	7.23042e-08
27693.1	5.85386e-08
27970.1	4.73052e-08
28249.8	3.8155e-08
28532.3	3.07158e-08
28817.6	2.46792e-08
29105.8	1.97902e-08
29396.8	1.58382e-08
29690.8	1.265e-08
29987.7	1.00829e-08
30287.6	8.02005e-09
30590.5	6.36585e-09
30896.4	5.0422e-09
31205.3	3.98528e-09
31517.4	3.14311e-09
31832.6	2.47352e-09
32150.9	1.94228e-09
32472.4	1.52173e-09
32797.1	1.18956e-09
33125.1	9.2777e-10
33456.3	7.21927e-10
33790.9	5.6044e-10
34128.8	4.34051e-10
34470.1	3.35362e-10
34814.8	2.58484e-10
35162.9	1.98737e-10
35514.6	1.52421e-10
35869.7	1.16606e-10
36228.4	8.89814e-11
36590.7	6.77275e-11
36956.6	5.1417e-11
37326.2	3.89324e-11
37699.4	2.94012e-11
38076.4	2.2144e-11
38457.2	1.66331e-11
38841.8	1.24595e-11
39230.2	9.30739e-12
39622.5	6.93328e-12
40018.7	5.15017e-12
40418.9	3.81469e-12
40823.1	2.81728e-12
41231.3	2.07457e-12
41643.6	1.52314e-12
42060.1	1.11495e-12
42480.7	8.13683e-13
42905.5	5.92011e-13
43334.5	4.294e-13
43767.9	3.10484e-13
44205.6	2.23792e-13
44647.6	1.60792e-13
45094.1	1.15156e-13
45545	8.22039e-14
46000.5	5.84882e-14
46460.5	4.14761e-14
46925.1	2.93133e-14
47394.3	2.06464e-14
47868.3	1.44921e-14
48347	1.01369e-14
48830.4	7.06571e-15
49318.7	4.90755e-15
49811.9	3.39637e-15
50310	2.34202e-15
50813.1	1.60907e-15
51321.3	1.10142e-15
51834.5	7.51115e-16
52352.8	5.10291e-16
52876.4	3.45358e-16
53405.1	2.32835e-16
53939.2	1.56362e-16
54478.6	1.04593e-16
55023.4	6.96842e-17
55573.6	4.62401e-17
56129.3	3.05589e-17
56690.6	2.01127e-17
57257.5	1.31826e-17
57830.1	8.60418e-18
58408.4	5.59213e-18
58992.5	3.61897e-18
59582.4	2.33192e-18
60178.2	1.49604e-18
60780	9.55555e-19
61387.8	6.07619e-19
62001.7	3.84635e-19
62621.7	2.42376e-19
63247.9	1.5203e-19
63880.4	9.49173e-20
64519.2	5.89823e-20
65164.4	3.64785e-20
65816	2.24528e-20
66474.2	1.37531e-20
67138.9	8.38309e-21
67810.3	5.08466e-21
68488.4	3.06868e-21
69173.3	1.84268e-21
69865.1	1.10087e-21
70563.7	6.54313e-22
71269.3	3.86881e-22
71982	2.27556e-22
72701.9	1.33136e-22
73428.9	7.74771e-23
74163.2	4.48431e-23
74904.8	2.58132e-23
75653.8	1.4777e-23
76410.4	8.41218e-24
77174.5	4.7619e-24
77946.2	2.68027e-24
78725.7	1.49995e-24
79513	8.34549e-25
80308.1	4.61611e-25
81111.2	2.53819e-25
81922.3	1.3873e-25
82741.5	7.53687e-26
83568.9	4.06964e-26
84404.6	2.18393e-26
85248.6	1.1647e-26
86101.1	6.17231e-27
86962.1	3.25026e-27
87831.8	1.70058e-27
88710.1	8.8401e-28
89597.2	4.56528e-28
90493.2	2.34207e-28
91398.1	1.19351e-28
92312.1	6.04113e-29
93235.2	3.037e-29
94167.5	1.51627e-29
95109.2	7.51763e-30
96060.3	3.7011e-30
97020.9	1.80924e-30
97991.1	8.78096e-31
98971	4.23095e-31
99960.7	2.02373e-31
