0.735599	7.03882e-18
0.761075	7.55821e-18
0.786415	8.09415e-18
0.811677	8.64585e-18
0.836868	9.21316e-18
0.861995	9.7959e-18
0.886817	1.03912e-17
0.912154	1.10079e-17
0.936806	1.16311e-17
0.961955	1.22766e-17
0.986829	1.2934e-17
1.01145	1.36032e-17
1.03618	1.42988e-17
1.06068	1.49928e-17
1.08529	1.5704e-17
1.10968	1.64436e-17
1.13419	1.72009e-17
1.15849	1.79551e-17
1.18259	1.87384e-17
1.20652	1.95347e-17
1.23056	2.03313e-17
1.25444	2.11578e-17
1.27787	2.19926e-17
1.30143	2.2863e-17
1.32512	2.37329e-17
1.34839	2.46108e-17
1.3718	2.55252e-17
1.39481	2.64286e-17
1.41796	2.73689e-17
1.44074	2.83177e-17
1.46365	2.9284e-17
1.48646	3.02633e-17
1.50893	3.12508e-17
1.53153	3.22557e-17
1.55404	3.32734e-17
1.57623	3.43209e-17
1.59856	3.53641e-17
1.62081	3.64423e-17
1.64298	3.75336e-17
1.66485	3.86101e-17
1.68687	3.97269e-17
1.7086	4.08519e-17
1.73048	4.19944e-17
1.75209	4.31449e-17
1.77384	4.43129e-17
1.79533	4.54886e-17
1.81676	4.66769e-17
1.83833	4.78825e-17
1.85966	4.91212e-17
1.88094	5.0347e-17
1.90216	5.16112e-17
1.92335	5.28619e-17
1.94448	5.41513e-17
1.96558	5.54266e-17
1.98663	5.6741e-17
2.00746	5.80357e-17
2.02826	5.937e-17
2.04919	6.07216e-17
2.06992	6.20807e-17
2.09079	6.34287e-17
2.11145	6.48121e-17
2.13208	6.62076e-17
2.15268	6.76154e-17
2.17325	6.90352e-17
2.19363	7.0462e-17
2.21415	7.19059e-17
2.23464	7.33917e-17
2.25494	7.48546e-17
2.27522	7.63293e-17
2.29564	7.78208e-17
2.31588	7.935e-17
2.3361	8.086e-17
2.3563	8.23817e-17
2.37632	8.39416e-17
2.39634	8.54815e-17
2.41648	8.70701e-17
2.43646	8.86331e-17
2.45642	9.02401e-17
2.47637	9.1826e-17
2.4963	9.34562e-17
2.51622	9.50981e-17
2.53612	9.67516e-17
2.55587	9.83777e-17
2.57575	1.00054e-16
2.59548	1.01737e-16
2.6152	1.03431e-16
2.6349	1.05136e-16
2.6546	1.06818e-16
2.67429	1.08546e-16
2.69383	1.1028e-16
2.7139	1.12045e-16
2.73249	1.13765e-16
2.75228	1.15542e-16
2.77193	1.17362e-16
2.79143	1.19151e-16
2.8108	1.20946e-16
2.83004	1.22747e-16
2.85042	1.24643e-16
2.8694	1.26454e-16
2.88825	1.28271e-16
2.90822	1.30147e-16
2.92681	1.32013e-16
2.94652	1.33899e-16
2.9661	1.35829e-16
2.98555	1.37726e-16
3.00367	1.39614e-16
3.02288	1.41521e-16
3.04316	1.43526e-16
3.06212	1.45483e-16
3.08096	1.47406e-16
3.09969	1.49373e-16
3.11947	1.51399e-16
3.13797	1.53377e-16
3.1575	1.55373e-16
3.17692	1.57414e-16
3.19509	1.59406e-16
3.21428	1.61458e-16
3.23335	1.63514e-16
3.25232	1.65575e-16
3.27117	1.67641e-16
3.28992	1.69711e-16
3.30965	1.71841e-16
3.32818	1.73921e-16
3.34661	1.76005e-16
3.36601	1.78191e-16
3.38423	1.80285e-16
3.40342	1.82437e-16
3.42249	1.84594e-16
3.44147	1.86799e-16
3.46034	1.88964e-16
3.4791	1.91134e-16
3.49777	1.93352e-16
3.51634	1.95531e-16
3.53481	1.97758e-16
3.5542	1.99999e-16
3.57247	2.02235e-16
3.59166	2.04529e-16
3.60974	2.06728e-16
3.62873	2.09031e-16
3.64763	2.11338e-16
3.66642	2.13604e-16
3.68512	2.15919e-16
3.70372	2.18239e-16
3.72223	2.20562e-16
3.74065	2.22889e-16
3.75898	2.25174e-16
3.77722	2.27508e-16
3.79633	2.29949e-16
3.81439	2.32244e-16
3.83331	2.34645e-16
3.85214	2.37097e-16
3.87088	2.39506e-16
3.88859	2.41863e-16
3.90715	2.44279e-16
3.92563	2.46698e-16
3.94493	2.49224e-16
3.96323	2.5165e-16
3.98144	2.5408e-16
4.00048	2.56617e-16
4.01852	2.59053e-16
4.03738	2.61548e-16
4.05526	2.6404e-16
4.07395	2.66541e-16
4.09256	2.69095e-16
4.11108	2.71652e-16
4.12952	2.74163e-16
4.14787	2.76727e-16
4.16615	2.79244e-16
4.18434	2.81814e-16
4.20246	2.84387e-16
4.22135	2.87019e-16
4.23931	2.89598e-16
4.25804	2.92236e-16
4.27669	2.94877e-16
4.29442	2.97413e-16
4.31291	3.0006e-16
4.33132	3.02761e-16
4.34966	3.05361e-16
4.36792	3.08068e-16
4.3861	3.10726e-16
4.40503	3.13442e-16
4.42306	3.16105e-16
4.44102	3.1877e-16
4.45971	3.21547e-16
4.47752	3.24218e-16
4.49607	3.26947e-16
4.51453	3.29731e-16
4.53293	3.32465e-16
4.55124	3.35255e-16
4.56949	3.37993e-16
4.58766	3.40788e-16
4.60576	3.43531e-16
4.62379	3.4633e-16
4.64253	3.49134e-16
4.66042	3.51937e-16
4.67901	3.548e-16
4.69753	3.57664e-16
4.71521	3.6042e-16
4.73358	3.63288e-16
4.75189	3.66159e-16
4.77012	3.69032e-16
4.78829	3.71907e-16
4.80639	3.74784e-16
4.82517	3.77719e-16
4.84313	3.806e-16
4.86102	3.83482e-16
4.87959	3.86423e-16
4.89735	3.89309e-16
4.91578	3.9231e-16
4.93415	3.95255e-16
4.95244	3.98203e-16
4.97067	4.01209e-16
4.98883	4.0416e-16
5.00692	4.07112e-16
5.02495	4.10124e-16
5.04364	4.13135e-16
5.06154	4.1615e-16
5.08008	4.19164e-16
5.09786	4.22182e-16
5.11627	4.25257e-16
5.13462	4.28276e-16
5.15221	4.31298e-16
5.17043	4.34377e-16
5.18929	4.37456e-16
5.20738	4.40538e-16
5.22541	4.43621e-16
5.24338	4.46706e-16
5.26197	4.49848e-16
5.27982	4.52935e-16
5.29828	4.5608e-16
5.31601	4.59169e-16
5.33435	4.62315e-16
5.35263	4.65463e-16
5.37084	4.68672e-16
5.389	4.71821e-16
5.40709	4.74971e-16
5.42513	4.78123e-16
5.44376	4.81392e-16
5.46168	4.84544e-16
5.47953	4.87698e-16
5.49799	4.90969e-16
5.51638	4.94181e-16
5.53471	4.97454e-16
5.55233	5.0061e-16
5.57054	5.03884e-16
5.58869	5.07159e-16
5.60743	5.1043e-16
5.62547	5.13706e-16
5.64345	5.16983e-16
5.66201	5.20317e-16
5.67987	5.23595e-16
5.69831	5.2693e-16
5.71669	5.30265e-16
5.73438	5.33481e-16
5.75264	5.36817e-16
5.77085	5.40216e-16
5.789	5.43552e-16
5.8071	5.46889e-16
5.82575	5.50282e-16
5.84373	5.53618e-16
5.86227	5.57075e-16
5.88014	5.60412e-16
5.89857	5.63806e-16
5.91633	5.67206e-16
5.93464	5.706e-16
5.9529	5.74057e-16
5.97111	5.7745e-16
5.98925	5.80907e-16
6.00795	5.84357e-16
6.02598	5.87814e-16
6.04397	5.91271e-16
6.06249	5.94719e-16
6.08096	5.98232e-16
6.09878	6.01688e-16
6.11714	6.052e-16
6.13545	6.08712e-16
6.1537	6.12224e-16
6.1719	6.15735e-16
6.19004	6.19246e-16
6.20871	6.22813e-16
6.22675	6.26323e-16
6.24473	6.29832e-16
6.26324	6.33397e-16
6.2817	6.36961e-16
6.29952	6.40468e-16
6.31787	6.44164e-16
6.33617	6.4786e-16
6.35441	6.51555e-16
6.37317	6.54638e-16
6.39131	6.58331e-16
6.4094	6.62024e-16
6.42799	6.65772e-16
6.44598	6.69464e-16
6.46447	6.73211e-16
6.48291	6.76958e-16
6.5013	6.80027e-16
6.51964	6.83771e-16
6.53792	6.87514e-16
6.55615	6.91257e-16
6.57434	6.94998e-16
6.59247	6.98739e-16
6.6111	7.02535e-16
6.62913	7.06274e-16
6.64766	7.10067e-16
6.66614	7.1386e-16
6.68456	7.16964e-16
6.70294	7.20754e-16
6.72126	7.24542e-16
6.73954	7.28329e-16
6.75776	7.32114e-16
6.77647	7.35955e-16
6.7946	7.39738e-16
6.81321	7.43575e-16
6.83176	7.47411e-16
6.84974	7.5119e-16
6.8682	7.55023e-16
6.88661	7.58854e-16
6.90497	7.62684e-16
6.92329	7.66512e-16
6.94207	7.70394e-16
6.96029	7.74219e-16
6.97897	7.78098e-16
6.99709	7.81919e-16
7.01568	7.85794e-16
7.03422	7.89667e-16
7.05271	7.93539e-16
7.07115	7.97408e-16
7.08954	8.01275e-16
7.10789	8.0514e-16
7.12669	8.09059e-16
7.14494	8.1292e-16
7.16365	8.16834e-16
7.18181	8.20691e-16
7.20042	8.24601e-16
7.21898	8.28508e-16
7.2375	8.32413e-16
7.25597	8.36316e-16
7.27439	8.40216e-16
7.29327	8.4417e-16
7.3116	8.48065e-16
7.33037	8.52014e-16
7.3491	8.56683e-16
7.36729	8.60571e-16
7.38593	8.64513e-16
7.40452	8.68451e-16
7.42306	8.72387e-16
7.44204	8.76375e-16
7.46049	8.80306e-16
7.47889	8.84233e-16
7.49773	8.88213e-16
7.51604	8.92135e-16
7.53479	8.96841e-16
7.55349	9.00813e-16
7.57215	9.04781e-16
7.59076	9.08747e-16
7.60932	9.12709e-16
7.62831	9.16723e-16
7.64678	9.20679e-16
7.66521	9.25371e-16
7.68407	9.29376e-16
7.70287	9.33378e-16
7.72164	9.37377e-16
7.74035	9.41372e-16
7.75902	9.46107e-16
7.77765	9.50096e-16
7.79623	9.54081e-16
7.81524	9.58118e-16
7.83373	9.62096e-16
7.85264	9.66873e-16
7.8715	9.709e-16
7.88987	9.74868e-16
7.90864	9.78887e-16
7.92783	9.82957e-16
7.94652	9.8772e-16
7.96516	9.91728e-16
7.98421	9.95787e-16
8.00277	9.99788e-16
8.02173	1.00459e-15
8.04065	1.00864e-15
8.05907	1.01263e-15
8.0779	1.01667e-15
8.09714	1.02152e-15
8.11588	1.02555e-15
8.13458	1.02958e-15
8.15368	1.03442e-15
8.17229	1.03844e-15
8.1913	1.04251e-15
8.21027	1.04734e-15
8.22919	1.0514e-15
8.24807	1.05545e-15
8.26691	1.05951e-15
8.28571	1.06432e-15
8.3049	1.06842e-15
8.3236	1.07246e-15
8.34271	1.07732e-15
8.36176	1.0814e-15
8.38078	1.08626e-15
8.39975	1.09033e-15
8.41868	1.0944e-15
8.43756	1.09924e-15
8.45683	1.10336e-15
8.47563	1.10742e-15
8.49482	1.1123e-15
8.51438	1.11646e-15
8.53136	1.12106e-15
8.55254	1.12542e-15
8.56944	1.12924e-15
8.59052	1.13437e-15
8.60735	1.13818e-15
8.62834	1.1433e-15
8.64927	1.14764e-15
8.66599	1.15143e-15
8.68683	1.15654e-15
8.70348	1.16033e-15
8.72423	1.16542e-15
8.74494	1.16974e-15
8.76147	1.17429e-15
8.78209	1.17859e-15
8.79855	1.18314e-15
8.81909	1.18743e-15
8.83957	1.1925e-15
8.86001	1.19677e-15
8.87633	1.2013e-15
8.89668	1.20557e-15
8.91699	1.21062e-15
8.9332	1.21435e-15
8.95343	1.21939e-15
8.97361	1.22363e-15
8.99374	1.22866e-15
9.01383	1.2329e-15
9.02987	1.23739e-15
9.04988	1.24161e-15
9.06984	1.24662e-15
9.08976	1.25083e-15
9.10964	1.25583e-15
9.12947	1.26003e-15
9.14926	1.26502e-15
9.16506	1.26948e-15
9.18478	1.27366e-15
9.20445	1.27863e-15
9.22408	1.2828e-15
9.24367	1.28776e-15
9.26321	1.29272e-15
9.28272	1.29687e-15
9.30218	1.30182e-15
9.32161	1.30595e-15
9.34099	1.31089e-15
9.36034	1.31582e-15
9.37964	1.31993e-15
9.3989	1.32485e-15
9.41813	1.32977e-15
9.43731	1.33386e-15
9.46029	1.33929e-15
9.47939	1.34418e-15
9.49845	1.34826e-15
9.51747	1.35314e-15
9.53646	1.35802e-15
9.5554	1.36208e-15
9.57431	1.36695e-15
9.59696	1.37233e-15
9.61579	1.37636e-15
9.63458	1.38121e-15
9.65333	1.38605e-15
9.67579	1.39059e-15
9.69447	1.39542e-15
9.71311	1.40024e-15
9.73171	1.40505e-15
9.75399	1.40956e-15
9.77252	1.41436e-15
9.79101	1.41916e-15
9.81315	1.42447e-15
9.83156	1.42843e-15
9.84994	1.4332e-15
9.87196	1.43849e-15
9.89026	1.44325e-15
9.91218	1.44853e-15
9.93041	1.45245e-15
9.94861	1.4572e-15
9.9704	1.46245e-15
9.98853	1.46717e-15
10.0102	1.47241e-15
10.0283	1.4763e-15
10.0499	1.48152e-15
10.0679	1.48623e-15
10.0894	1.49143e-15
10.1109	1.49663e-15
10.1288	1.50131e-15
10.1502	1.5065e-15
10.168	1.51034e-15
10.1893	1.51551e-15
10.2106	1.52067e-15
10.2283	1.52531e-15
10.2495	1.53046e-15
10.2707	1.5356e-15
10.2883	1.54022e-15
10.3093	1.54535e-15
10.3304	1.55047e-15
10.3479	1.55423e-15
10.3688	1.55933e-15
10.3897	1.56443e-15
10.4106	1.56951e-15
10.4279	1.57408e-15
10.4487	1.57915e-15
10.4695	1.58421e-15
10.4902	1.58927e-15
10.5109	1.59431e-15
10.5315	1.59935e-15
10.5521	1.60438e-15
10.5692	1.6089e-15
10.5897	1.61391e-15
10.6102	1.61891e-15
10.6307	1.62391e-15
10.651	1.6289e-15
10.6714	1.63388e-15
10.6917	1.63885e-15
10.712	1.64381e-15
10.7323	1.64877e-15
10.7525	1.65372e-15
10.7726	1.65865e-15
10.7928	1.66358e-15
10.8128	1.6685e-15
10.8363	1.67476e-15
10.8555	1.67956e-15
10.8747	1.68433e-15
10.8972	1.6896e-15
10.9163	1.69435e-15
10.9386	1.69959e-15
10.9609	1.70482e-15
10.9831	1.71004e-15
11.002	1.7139e-15
11.0241	1.71909e-15
11.0461	1.72428e-15
11.0682	1.72946e-15
11.0902	1.73463e-15
11.1121	1.73979e-15
11.1341	1.74409e-15
11.1559	1.74923e-15
11.1777	1.75435e-15
11.1995	1.75948e-15
11.2212	1.76373e-15
11.2462	1.76933e-15
11.2678	1.77441e-15
11.2894	1.77864e-15
11.3142	1.7842e-15
11.3357	1.78926e-15
11.3603	1.79393e-15
11.3817	1.79897e-15
11.4063	1.80363e-15
11.4276	1.80864e-15
11.4521	1.81328e-15
11.4764	1.81875e-15
11.4977	1.82288e-15
11.5219	1.82833e-15
11.5462	1.83292e-15
11.5703	1.83835e-15
11.5945	1.84291e-15
11.6186	1.84832e-15
11.6426	1.85285e-15
11.6666	1.85738e-15
11.6905	1.86275e-15
11.7144	1.86725e-15
11.7382	1.8726e-15
11.762	1.87707e-15
11.7888	1.88201e-15
11.8124	1.88732e-15
11.836	1.89175e-15
11.8627	1.89666e-15
11.8862	1.90193e-15
11.9127	1.90679e-15
11.9361	1.91118e-15
11.9625	1.91603e-15
11.9858	1.92125e-15
12.0121	1.92606e-15
12.0383	1.93086e-15
12.0645	1.93653e-15
12.0877	1.94084e-15
12.1137	1.9456e-15
12.1397	1.95034e-15
12.1656	1.95507e-15
12.1915	1.96066e-15
12.2174	1.96537e-15
12.2431	1.97006e-15
12.2689	1.97474e-15
12.2975	1.97986e-15
12.3231	1.98538e-15
12.3487	1.99002e-15
12.3742	1.99464e-15
12.4026	1.99971e-15
12.428	2.0043e-15
12.4562	2.00933e-15
12.4815	2.0139e-15
12.5095	2.01977e-15
12.5348	2.02431e-15
12.5628	2.02928e-15
12.5879	2.0338e-15
12.6158	2.03874e-15
12.6436	2.04367e-15
12.6714	2.04859e-15
12.699	2.05348e-15
12.7267	2.05836e-15
12.7543	2.06323e-15
12.7819	2.06898e-15
12.8093	2.07381e-15
12.8368	2.07864e-15
12.8641	2.08344e-15
12.8915	2.08824e-15
12.9187	2.09302e-15
12.9487	2.09822e-15
12.9758	2.10296e-15
13.0057	2.10814e-15
13.0328	2.11286e-15
13.0625	2.11799e-15
13.0895	2.12269e-15
13.1191	2.12779e-15
13.1459	2.13245e-15
13.1755	2.13753e-15
13.2049	2.14259e-15
13.2343	2.14764e-15
13.2637	2.15267e-15
13.2902	2.15725e-15
13.3195	2.16225e-15
13.3486	2.16722e-15
13.3804	2.17261e-15
13.4095	2.17756e-15
13.4384	2.18249e-15
13.4674	2.18741e-15
13.4963	2.19231e-15
13.5277	2.19761e-15
13.5565	2.20248e-15
13.5878	2.20774e-15
13.6164	2.21258e-15
13.6477	2.21691e-15
13.6762	2.2217e-15
13.7073	2.22691e-15
13.7384	2.2321e-15
13.7693	2.23726e-15
13.7976	2.242e-15
13.8284	2.24712e-15
13.8593	2.25224e-15
13.8899	2.25733e-15
13.9232	2.26281e-15
13.9537	2.26696e-15
13.9843	2.27201e-15
14.0147	2.27703e-15
14.0451	2.28202e-15
14.078	2.28742e-15
14.1083	2.29239e-15
14.141	2.29774e-15
14.1711	2.30268e-15
14.2038	2.30708e-15
14.2363	2.31237e-15
14.2688	2.31765e-15
14.2987	2.32252e-15
14.331	2.32775e-15
14.3632	2.33297e-15
14.3954	2.33725e-15
14.4276	2.34244e-15
14.4621	2.34799e-15
14.4941	2.35313e-15
14.526	2.35826e-15
14.5578	2.36336e-15
14.5921	2.3679e-15
14.6238	2.37298e-15
14.6579	2.3784e-15
14.6895	2.38343e-15
14.7234	2.38882e-15
14.7573	2.39419e-15
14.791	2.39861e-15
14.8248	2.40395e-15
14.856	2.40887e-15
14.8896	2.41416e-15
14.9255	2.41981e-15
14.9589	2.42411e-15
14.9922	2.42934e-15
15.0256	2.43456e-15
15.0611	2.4401e-15
15.0942	2.44527e-15
15.1297	2.44985e-15
15.1626	2.45498e-15
15.1979	2.46045e-15
15.2331	2.4659e-15
15.2659	2.47096e-15
15.3009	2.47543e-15
15.3358	2.48081e-15
15.3707	2.48618e-15
15.4078	2.49188e-15
15.4425	2.49625e-15
15.4771	2.50155e-15
15.5117	2.50682e-15
15.5485	2.51244e-15
15.5829	2.51767e-15
15.6195	2.52229e-15
15.6537	2.52747e-15
15.6902	2.533e-15
15.7265	2.5385e-15
15.7628	2.54396e-15
15.799	2.54848e-15
15.8351	2.5539e-15
15.8711	2.55931e-15
15.9071	2.5647e-15
15.9452	2.5704e-15
15.981	2.57478e-15
16.0189	2.58045e-15
16.0545	2.58574e-15
16.0923	2.59135e-15
16.1278	2.59564e-15
16.1653	2.6012e-15
16.2028	2.60674e-15
16.2403	2.61227e-15
16.2775	2.61775e-15
16.3148	2.62226e-15
16.3542	2.62805e-15
16.3912	2.63346e-15
16.4281	2.63885e-15
16.4673	2.64457e-15
16.5062	2.64929e-15
16.5429	2.65461e-15
16.5818	2.66025e-15
16.6205	2.66586e-15
16.659	2.67143e-15
16.6976	2.67603e-15
16.736	2.68156e-15
16.7744	2.68707e-15
16.8148	2.69288e-15
16.8529	2.69834e-15
16.8931	2.70313e-15
16.9311	2.70854e-15
16.9711	2.71424e-15
17.011	2.71992e-15
17.0508	2.72557e-15
17.0907	2.73024e-15
17.1302	2.73583e-15
17.1698	2.7414e-15
17.2092	2.74695e-15
17.2507	2.75281e-15
17.2899	2.75732e-15
17.3311	2.76311e-15
17.3702	2.76855e-15
17.4112	2.77428e-15
17.4522	2.77999e-15
17.4931	2.7847e-15
17.5339	2.79035e-15
17.5765	2.79628e-15
17.617	2.80188e-15
17.6575	2.80745e-15
17.6999	2.8133e-15
17.7403	2.81785e-15
17.7824	2.82365e-15
17.8245	2.82942e-15
17.8665	2.83516e-15
17.9084	2.84087e-15
17.9501	2.84556e-15
17.9938	2.85152e-15
18.0354	2.85715e-15
18.0789	2.86306e-15
18.1203	2.86863e-15
18.1635	2.87447e-15
18.2067	2.88029e-15
18.2497	2.88509e-15
18.2927	2.89084e-15
18.3356	2.89657e-15
18.3783	2.90228e-15
18.423	2.90826e-15
18.4656	2.9139e-15
18.51	2.91881e-15
18.5542	2.92469e-15
18.5965	2.93025e-15
18.6406	2.93607e-15
18.6864	2.94215e-15
18.7303	2.94791e-15
18.774	2.95364e-15
18.8195	2.95961e-15
18.863	2.96428e-15
18.9084	2.97021e-15
18.9536	2.9761e-15
18.9987	2.98197e-15
19.0437	2.9878e-15
19.0886	2.99361e-15
19.1353	2.99967e-15
19.18	3.00541e-15
19.2264	3.01039e-15
19.2728	3.01636e-15
19.3171	3.02201e-15
19.3633	3.02791e-15
19.4111	3.03406e-15
19.457	3.0399e-15
19.5027	3.04568e-15
19.5502	3.05173e-15
19.5976	3.05775e-15
19.643	3.06346e-15
19.6902	3.06941e-15
19.7372	3.07432e-15
19.786	3.08048e-15
19.8327	3.08632e-15
19.8812	3.09241e-15
19.9278	3.0982e-15
19.9761	3.10423e-15
20.0243	3.11022e-15
20.0723	3.11618e-15
20.1202	3.12211e-15
20.1679	3.12799e-15
20.2174	3.13411e-15
20.265	3.13995e-15
20.3142	3.14601e-15
20.3633	3.15203e-15
20.4123	3.15802e-15
20.4612	3.16398e-15
20.5116	3.17014e-15
20.5602	3.17603e-15
20.6105	3.18216e-15
20.6606	3.18823e-15
20.7106	3.19428e-15
20.7605	3.20029e-15
20.8102	3.20624e-15
20.8615	3.21244e-15
20.911	3.21834e-15
20.9622	3.22448e-15
21.0132	3.23056e-15
21.0639	3.2366e-15
21.1147	3.24261e-15
21.167	3.24885e-15
21.2174	3.25479e-15
21.2695	3.26096e-15
21.3215	3.26708e-15
21.3731	3.27315e-15
21.4248	3.2792e-15
21.4763	3.28522e-15
21.5294	3.29144e-15
21.5824	3.29764e-15
21.6351	3.30377e-15
21.6878	3.30988e-15
21.7403	3.31596e-15
21.7928	3.322e-15
21.8467	3.32824e-15
21.8988	3.33419e-15
21.9525	3.34036e-15
22.0077	3.34673e-15
22.0611	3.35282e-15
22.1142	3.35886e-15
22.169	3.36617e-15
22.2237	3.37238e-15
22.2782	3.37856e-15
22.3325	3.3847e-15
22.3866	3.39078e-15
22.4423	3.39707e-15
22.4963	3.40311e-15
22.5517	3.40932e-15
22.6086	3.41573e-15
22.6636	3.4229e-15
22.7186	3.429e-15
22.7751	3.4353e-15
22.8314	3.44155e-15
22.8874	3.44774e-15
22.9434	3.45391e-15
23.0009	3.46026e-15
23.0567	3.46636e-15
23.1137	3.47368e-15
23.1707	3.47991e-15
23.2276	3.48611e-15
23.2858	3.49248e-15
23.3425	3.4986e-15
23.4003	3.50488e-15
23.4582	3.5122e-15
23.5159	3.51841e-15
23.5749	3.52479e-15
23.6338	3.53113e-15
23.691	3.53722e-15
23.7511	3.54477e-15
23.8096	3.55099e-15
23.8678	3.55715e-15
23.9276	3.56351e-15
23.9871	3.56982e-15
24.0465	3.57716e-15
24.1056	3.58337e-15
24.1661	3.58977e-15
24.2266	3.59613e-15
24.2869	3.60351e-15
24.3468	3.60976e-15
24.4083	3.61619e-15
24.4681	3.62237e-15
24.5293	3.62981e-15
24.5902	3.63611e-15
24.6524	3.64255e-15
24.713	3.64877e-15
24.775	3.65623e-15
24.8368	3.66256e-15
24.8998	3.66904e-15
24.9613	3.67637e-15
25.024	3.68277e-15
25.0866	3.68913e-15
25.1489	3.69651e-15
25.2127	3.70298e-15
25.2763	3.70941e-15
25.3383	3.71667e-15
25.4027	3.72318e-15
25.4658	3.72947e-15
25.5302	3.73701e-15
25.5944	3.7434e-15
25.6583	3.74975e-15
25.7234	3.75732e-15
25.7885	3.76377e-15
25.8534	3.77018e-15
25.9181	3.77763e-15
25.9825	3.78392e-15
26.0483	3.79037e-15
26.1139	3.79788e-15
26.1808	3.80444e-15
26.2459	3.81183e-15
26.3124	3.81829e-15
26.3787	3.8247e-15
26.4462	3.83235e-15
26.5121	3.83865e-15
26.5792	3.8462e-15
26.6462	3.85261e-15
26.7143	3.86025e-15
26.7808	3.86654e-15
26.8472	3.87391e-15
26.9136	3.88013e-15
26.9797	3.8863e-15
27.0587	3.89532e-15
27.1245	3.90138e-15
27.1902	3.90851e-15
27.2557	3.9145e-15
27.334	3.92333e-15
27.399	3.92918e-15
27.464	3.93613e-15
27.5417	3.94368e-15
27.6064	3.95054e-15
27.6836	3.95797e-15
27.7479	3.96472e-15
27.8249	3.97206e-15
27.8888	3.97872e-15
27.9654	3.98595e-15
28.029	3.99251e-15
28.1052	4.00076e-15
28.1812	4.00784e-15
28.2442	4.01424e-15
28.3198	4.02122e-15
28.3953	4.02925e-15
28.4705	4.03611e-15
28.5453	4.04402e-15
28.6077	4.05021e-15
28.6823	4.05691e-15
28.7568	4.06469e-15
28.8311	4.07129e-15
28.905	4.07893e-15
28.9789	4.08655e-15
29.0526	4.09298e-15
29.1262	4.1005e-15
29.2115	4.10958e-15
29.2846	4.11585e-15
29.3575	4.1232e-15
29.4303	4.1305e-15
29.5027	4.13659e-15
29.5872	4.14542e-15
29.6594	4.15256e-15
29.7314	4.15851e-15
29.815	4.16712e-15
29.8866	4.17411e-15
29.97	4.18151e-15
30.0413	4.18838e-15
30.124	4.19676e-15
30.1949	4.20354e-15
30.2774	4.21069e-15
30.3598	4.21893e-15
30.4299	4.22552e-15
30.5118	4.23364e-15
30.5934	4.24056e-15
30.6748	4.24856e-15
30.7561	4.2565e-15
30.8254	4.26284e-15
30.9062	4.26953e-15
30.9868	4.2773e-15
31.0672	4.28501e-15
31.1472	4.29264e-15
31.2387	4.30176e-15
31.3184	4.30929e-15
31.3979	4.31563e-15
31.4771	4.32303e-15
31.5562	4.3304e-15
31.6464	4.33918e-15
31.7252	4.34645e-15
31.8036	4.35362e-15
31.8931	4.36222e-15
31.9712	4.36815e-15
32.0602	4.37662e-15
32.1379	4.38359e-15
32.2264	4.39192e-15
32.3036	4.39878e-15
32.3918	4.407e-15
32.4796	4.41517e-15
32.5671	4.42324e-15
32.6436	4.42987e-15
32.7308	4.43786e-15
32.8178	4.44577e-15
32.9043	4.4536e-15
32.9908	4.46139e-15
33.0771	4.46912e-15
33.1633	4.4768e-15
33.2491	4.48441e-15
33.3345	4.49193e-15
33.4306	4.50078e-15
33.5157	4.5082e-15
33.6006	4.51555e-15
33.6958	4.52419e-15
33.7803	4.53142e-15
33.8645	4.5386e-15
33.9591	4.54705e-15
34.0427	4.55408e-15
34.1368	4.5624e-15
34.2307	4.57066e-15
34.3138	4.57753e-15
34.4069	4.58562e-15
34.5	4.59367e-15
34.5928	4.60166e-15
34.6854	4.60959e-15
34.7775	4.61859e-15
34.8696	4.62638e-15
34.9614	4.6341e-15
35.053	4.64175e-15
35.1441	4.64932e-15
35.2353	4.65685e-15
35.3262	4.66431e-15
35.4269	4.67415e-15
35.517	4.68145e-15
35.6072	4.68871e-15
35.7071	4.69715e-15
35.7968	4.7043e-15
35.896	4.71376e-15
35.9951	4.72199e-15
36.084	4.72892e-15
36.1826	4.73702e-15
36.2807	4.7462e-15
36.3789	4.75417e-15
36.4766	4.76205e-15
36.5742	4.77105e-15
36.6712	4.77876e-15
36.7682	4.78643e-15
36.865	4.79405e-15
36.9613	4.80275e-15
37.0575	4.81021e-15
37.1631	4.81879e-15
37.2588	4.8273e-15
37.3542	4.83455e-15
37.4589	4.8429e-15
37.5539	4.85121e-15
37.658	4.85942e-15
37.7617	4.86872e-15
37.856	4.87564e-15
37.9594	4.88363e-15
38.0622	4.89271e-15
38.165	4.90055e-15
38.2675	4.90951e-15
38.3697	4.9172e-15
38.4716	4.926e-15
38.5733	4.93355e-15
38.6839	4.94214e-15
38.7848	4.95071e-15
38.8857	4.95803e-15
38.9956	4.9676e-15
39.0957	4.97475e-15
39.2048	4.98415e-15
39.3046	4.99119e-15
39.4132	5.00044e-15
39.5213	5.0096e-15
39.6293	5.01749e-15
39.737	5.02651e-15
39.8442	5.03422e-15
39.9513	5.04308e-15
40.0582	5.05068e-15
40.1645	5.05936e-15
40.2707	5.068e-15
40.3855	5.07641e-15
40.4912	5.08489e-15
40.6053	5.09312e-15
40.7104	5.10146e-15
40.8239	5.11075e-15
40.9282	5.11769e-15
41.0413	5.12684e-15
41.1539	5.13589e-15
41.266	5.14362e-15
41.378	5.15252e-15
41.4897	5.16133e-15
41.601	5.17005e-15
41.7122	5.17749e-15
41.8315	5.18707e-15
41.9418	5.19553e-15
42.052	5.20395e-15
42.1705	5.21207e-15
42.2883	5.22129e-15
42.3976	5.22946e-15
42.515	5.23854e-15
42.6318	5.2475e-15
42.7487	5.25521e-15
42.8652	5.26403e-15
42.981	5.27275e-15
43.0969	5.28141e-15
43.2125	5.29001e-15
43.3357	5.29942e-15
43.4505	5.30784e-15
43.5733	5.31711e-15
43.6873	5.32411e-15
43.8095	5.33322e-15
43.9309	5.34221e-15
44.0523	5.35114e-15
44.1653	5.35906e-15
44.286	5.3678e-15
44.4144	5.37739e-15
44.5345	5.38598e-15
44.654	5.39445e-15
44.7735	5.40288e-15
44.9003	5.41208e-15
45.0191	5.42033e-15
45.1454	5.42938e-15
45.2712	5.43832e-15
45.397	5.44721e-15
45.522	5.45597e-15
45.647	5.46466e-15
45.7716	5.47451e-15
45.8957	5.48301e-15
46.0197	5.49145e-15
46.1507	5.50063e-15
46.274	5.50889e-15
46.4047	5.51793e-15
46.527	5.52598e-15
46.6569	5.53606e-15
46.7862	5.54479e-15
46.9155	5.55347e-15
47.044	5.56201e-15
47.1725	5.57049e-15
47.3081	5.58095e-15
47.4357	5.58924e-15
47.5631	5.59744e-15
47.6974	5.60636e-15
47.8317	5.61646e-15
47.9577	5.62436e-15
48.0911	5.63302e-15
48.2239	5.6428e-15
48.3568	5.65129e-15
48.4961	5.66044e-15
48.6281	5.66997e-15
48.7594	5.67813e-15
48.898	5.68704e-15
49.0362	5.69708e-15
49.1663	5.70495e-15
49.3038	5.71357e-15
49.4406	5.72329e-15
49.5771	5.7317e-15
49.7131	5.74123e-15
49.8562	5.75024e-15
49.9914	5.75958e-15
50.1336	5.76837e-15
50.2682	5.77753e-15
50.4093	5.78609e-15
50.5503	5.79583e-15
50.6907	5.8042e-15
50.831	5.81376e-15
50.9706	5.82192e-15
51.117	5.83202e-15
51.256	5.84e-15
51.4016	5.84989e-15
51.5396	5.85892e-15
51.6844	5.86736e-15
51.8287	5.87693e-15
51.9724	5.88639e-15
52.116	5.89452e-15
52.2659	5.90451e-15
52.4087	5.9137e-15
52.5576	5.92222e-15
52.6997	5.93121e-15
52.8478	5.94077e-15
52.9955	5.94898e-15
53.1431	5.95838e-15
53.2966	5.96834e-15
53.4433	5.97751e-15
53.5895	5.98532e-15
53.7417	5.99495e-15
53.8938	6.00451e-15
54.0452	6.01394e-15
54.1963	6.02327e-15
54.3471	6.03251e-15
54.4972	6.04036e-15
54.6474	6.04941e-15
54.8031	6.05898e-15
54.9584	6.06844e-15
55.1138	6.07784e-15
55.2618	6.08642e-15
55.4223	6.09622e-15
55.5763	6.10529e-15
55.7295	6.11421e-15
55.8885	6.12368e-15
56.0413	6.13244e-15
56.1995	6.14168e-15
56.3573	6.15082e-15
56.5151	6.1599e-15
56.6783	6.16945e-15
56.8347	6.17826e-15
56.9971	6.18761e-15
57.153	6.19623e-15
57.3143	6.20534e-15
57.4754	6.21435e-15
57.6361	6.22453e-15
57.8022	6.23392e-15
57.9619	6.2426e-15
58.1271	6.25176e-15
58.2922	6.26084e-15
58.4505	6.26919e-15
58.6204	6.27988e-15
58.7838	6.28859e-15
58.9472	6.29723e-15
59.1156	6.30631e-15
59.2836	6.31654e-15
59.4453	6.32481e-15
59.6183	6.33414e-15
59.785	6.34403e-15
59.9514	6.35257e-15
60.123	6.36154e-15
60.2883	6.37109e-15
60.4589	6.37983e-15
60.629	6.38844e-15
60.8046	6.3988e-15
60.9741	6.40722e-15
61.1486	6.41732e-15
61.317	6.42548e-15
61.4905	6.43534e-15
61.6635	6.44382e-15
61.8419	6.45402e-15
62.014	6.46225e-15
62.1914	6.47221e-15
62.3685	6.48079e-15
62.5448	6.49049e-15
62.7207	6.49881e-15
62.896	6.50827e-15
63.0764	6.51814e-15
63.2509	6.5261e-15
63.4303	6.53574e-15
63.6094	6.54399e-15
63.7934	6.55391e-15
63.9712	6.56317e-15
64.1544	6.57159e-15
64.3368	6.58113e-15
64.5188	6.59056e-15
64.7002	6.59986e-15
64.8811	6.60776e-15
65.0671	6.61734e-15
65.252	6.62674e-15
65.437	6.63606e-15
65.6213	6.64525e-15
65.805	6.6543e-15
65.9938	6.66249e-15
66.1819	6.6718e-15
66.3696	6.681e-15
66.5566	6.69005e-15
66.7431	6.69898e-15
66.9342	6.70825e-15
67.1249	6.71741e-15
67.3153	6.72646e-15
67.505	6.73537e-15
67.6993	6.74463e-15
67.8881	6.75329e-15
68.081	6.76225e-15
68.2739	6.77114e-15
68.4713	6.78035e-15
68.6631	6.78897e-15
68.859	6.79788e-15
69.0547	6.8067e-15
69.25	6.81667e-15
69.4442	6.82519e-15
69.6436	6.83409e-15
69.8422	6.84283e-15
70.04	6.85143e-15
70.2375	6.85991e-15
70.4397	6.87e-15
70.6407	6.87864e-15
70.8415	6.88717e-15
71.0415	6.89681e-15
71.2412	6.90507e-15
71.4451	6.91363e-15
71.6486	6.92333e-15
71.8513	6.93161e-15
72.0537	6.93977e-15
72.2602	6.94949e-15
72.4664	6.95781e-15
72.6717	6.96725e-15
72.8767	6.9753e-15
73.0857	6.98489e-15
73.2944	6.99309e-15
73.5023	7.00241e-15
73.7093	7.01029e-15
73.9213	7.01978e-15
74.1271	7.02739e-15
74.3422	7.03698e-15
74.5521	7.04476e-15
74.7612	7.05365e-15
74.9743	7.06279e-15
75.187	7.07055e-15
75.404	7.07986e-15
75.6154	7.08859e-15
75.8308	7.09631e-15
76.0457	7.10516e-15
76.2645	7.11426e-15
76.4782	7.12283e-15
76.6962	7.13041e-15
76.9134	7.13909e-15
77.1343	7.148e-15
77.3548	7.15679e-15
77.5745	7.1654e-15
77.7937	7.17389e-15
78.0122	7.18222e-15
78.2347	7.1908e-15
78.4567	7.19924e-15
78.6823	7.20663e-15
78.903	7.21477e-15
79.1273	7.22439e-15
79.3508	7.23258e-15
79.5783	7.24101e-15
79.8054	7.24931e-15
80.0317	7.25745e-15
80.2575	7.26544e-15
80.4867	7.27364e-15
80.7155	7.28169e-15
80.9438	7.28961e-15
81.1708	7.29858e-15
81.4022	7.30656e-15
81.6327	7.31437e-15
81.8667	7.32236e-15
82.0961	7.32988e-15
82.329	7.33885e-15
82.5653	7.34674e-15
82.797	7.35415e-15
83.032	7.36299e-15
83.2662	7.37041e-15
83.5044	7.37931e-15
83.7416	7.38677e-15
83.9787	7.39412e-15
84.2143	7.40251e-15
84.4416	7.40887e-15
84.693	7.41833e-15
84.9434	7.42635e-15
85.1934	7.43547e-15
85.4007	7.43982e-15
85.6497	7.44868e-15
85.8976	7.45733e-15
86.1444	7.46454e-15
86.3908	7.47287e-15
86.6365	7.48103e-15
86.8813	7.48776e-15
87.1256	7.49561e-15
87.3693	7.5033e-15
87.6122	7.51083e-15
87.8543	7.51693e-15
88.0959	7.52414e-15
88.3771	7.53435e-15
88.6173	7.54124e-15
88.8568	7.54797e-15
89.095	7.55449e-15
89.373	7.56275e-15
89.61	7.56897e-15
89.8469	7.57508e-15
90.1226	7.58408e-15
90.3576	7.58982e-15
90.6317	7.59848e-15
90.8651	7.60389e-15
91.1377	7.61344e-15
91.4095	7.62157e-15
91.6412	7.62653e-15
91.911	7.63429e-15
92.1804	7.64191e-15
92.4104	7.64642e-15
92.6779	7.65366e-15
92.9451	7.66202e-15
93.211	7.66892e-15
93.4762	7.67565e-15
93.7406	7.68344e-15
94.0045	7.68985e-15
94.2674	7.69607e-15
94.5295	7.70335e-15
94.7912	7.70925e-15
95.0518	7.7162e-15
95.312	7.72177e-15
95.5713	7.72715e-15
95.8668	7.73634e-15
96.1247	7.74139e-15
96.3817	7.7475e-15
96.675	7.75616e-15
96.9307	7.76071e-15
97.222	7.76898e-15
97.4756	7.77315e-15
97.7292	7.77843e-15
98.0184	7.78619e-15
98.306	7.79371e-15
98.5575	7.79727e-15
98.844	7.80447e-15
99.1293	7.81147e-15
99.3785	7.81574e-15
99.6626	7.8224e-15
99.9456	7.82765e-15
100.228	7.83396e-15
100.509	7.84006e-15
100.79	7.84601e-15
101.07	7.85175e-15
101.349	7.85735e-15
101.627	7.86272e-15
101.905	7.86799e-15
102.182	7.87301e-15
102.458	7.87791e-15
102.767	7.88622e-15
103.042	7.89077e-15
103.315	7.89509e-15
103.623	7.90167e-15
103.894	7.90564e-15
104.199	7.91179e-15
104.471	7.91668e-15
104.774	7.92246e-15
105.042	7.92573e-15
105.345	7.93239e-15
105.645	7.93762e-15
105.912	7.94158e-15
106.211	7.94644e-15
106.51	7.95115e-15
106.807	7.95684e-15
107.104	7.96113e-15
107.399	7.96645e-15
107.694	7.97156e-15
107.988	7.97532e-15
108.282	7.98012e-15
108.574	7.98351e-15
108.866	7.98789e-15
109.156	7.9921e-15
109.447	7.99496e-15
109.768	8.00094e-15
110.056	8.00456e-15
110.343	8.00805e-15
110.662	8.01347e-15
110.948	8.01658e-15
111.265	8.02044e-15
111.549	8.02316e-15
111.864	8.0278e-15
112.178	8.03227e-15
112.491	8.03649e-15
112.772	8.03852e-15
113.083	8.04238e-15
113.394	8.04603e-15
113.704	8.04954e-15
114.012	8.054e-15
114.32	8.05708e-15
114.627	8.06002e-15
114.934	8.06274e-15
115.239	8.06527e-15
115.543	8.06878e-15
115.877	8.07283e-15
116.18	8.0748e-15
116.481	8.07775e-15
116.813	8.08125e-15
117.112	8.08262e-15
117.442	8.08691e-15
117.74	8.08792e-15
118.068	8.09175e-15
118.364	8.09239e-15
118.69	8.0959e-15
119.015	8.098e-15
119.338	8.10104e-15
119.661	8.10391e-15
119.954	8.10364e-15
120.274	8.10609e-15
120.594	8.10838e-15
120.942	8.11108e-15
121.261	8.11301e-15
121.579	8.1147e-15
121.895	8.11618e-15
122.21	8.11749e-15
122.553	8.1203e-15
122.867	8.12122e-15
123.209	8.12368e-15
123.52	8.12418e-15
123.86	8.12619e-15
124.169	8.12631e-15
124.507	8.12797e-15
124.816	8.12773e-15
125.151	8.12891e-15
125.486	8.12996e-15
125.82	8.13081e-15
126.152	8.1314e-15
126.484	8.13296e-15
126.815	8.13317e-15
127.145	8.1332e-15
127.474	8.13412e-15
127.802	8.13378e-15
128.157	8.1348e-15
128.483	8.13512e-15
128.807	8.13413e-15
129.159	8.13567e-15
129.483	8.1343e-15
129.832	8.1354e-15
130.154	8.13365e-15
130.501	8.13429e-15
130.848	8.13477e-15
131.166	8.13241e-15
131.511	8.13251e-15
131.855	8.13237e-15
132.197	8.13094e-15
132.538	8.13033e-15
132.879	8.12959e-15
133.219	8.12865e-15
133.557	8.12749e-15
133.895	8.12611e-15
134.258	8.12599e-15
134.593	8.12422e-15
134.954	8.12368e-15
135.288	8.12153e-15
135.621	8.11914e-15
135.979	8.118e-15
136.335	8.11657e-15
136.665	8.11362e-15
137.02	8.11185e-15
137.373	8.11089e-15
137.726	8.10871e-15
138.078	8.10629e-15
138.428	8.10366e-15
138.778	8.10189e-15
139.126	8.09889e-15
139.474	8.09669e-15
139.821	8.09329e-15
140.191	8.09096e-15
140.535	8.08812e-15
140.878	8.08513e-15
141.246	8.08219e-15
141.587	8.07876e-15
141.952	8.07539e-15
142.316	8.07284e-15
142.655	8.06885e-15
143.017	8.06487e-15
143.378	8.06166e-15
143.738	8.05827e-15
144.097	8.05469e-15
144.455	8.05089e-15
144.811	8.04685e-15
145.167	8.04167e-15
145.546	8.03845e-15
145.899	8.03382e-15
146.251	8.02896e-15
146.627	8.02512e-15
146.977	8.02087e-15
147.35	8.01659e-15
147.699	8.01094e-15
148.07	8.00624e-15
148.44	8.00135e-15
148.785	7.99509e-15
149.153	7.99077e-15
149.519	7.98521e-15
149.885	7.97949e-15
150.25	7.97452e-15
150.613	7.96838e-15
150.999	7.96411e-15
151.359	7.95752e-15
151.72	7.95172e-15
152.102	7.94584e-15
152.46	7.93964e-15
152.839	7.93331e-15
153.195	7.92668e-15
153.572	7.9209e-15
153.949	7.91398e-15
154.302	7.90674e-15
154.675	7.90032e-15
155.049	7.89373e-15
155.42	7.88594e-15
155.791	7.87891e-15
156.161	7.87171e-15
156.551	7.86525e-15
156.918	7.85758e-15
157.285	7.84977e-15
157.672	7.84265e-15
158.036	7.8344e-15
158.421	7.8269e-15
158.783	7.81823e-15
159.165	7.81126e-15
159.546	7.80312e-15
159.926	7.79478e-15
160.306	7.78625e-15
160.684	7.77844e-15
161.061	7.76949e-15
161.436	7.76029e-15
161.81	7.75185e-15
162.183	7.74226e-15
162.556	7.73251e-15
162.948	7.72432e-15
163.318	7.71417e-15
163.708	7.70558e-15
164.096	7.69676e-15
164.462	7.68595e-15
164.848	7.67675e-15
165.233	7.66644e-15
165.617	7.6568e-15
166	7.64696e-15
166.381	7.6369e-15
166.761	7.62576e-15
167.14	7.6153e-15
167.517	7.60462e-15
167.914	7.59458e-15
168.29	7.58353e-15
168.685	7.57307e-15
169.057	7.56158e-15
169.45	7.55073e-15
169.841	7.53965e-15
170.21	7.52758e-15
170.598	7.51607e-15
170.985	7.50439e-15
171.372	7.49336e-15
171.756	7.48126e-15
172.16	7.46976e-15
172.542	7.45727e-15
172.923	7.4454e-15
173.322	7.43324e-15
173.701	7.42263e-15
174.097	7.40434e-15
174.474	7.39333e-15
174.868	7.38281e-15
175.261	7.37208e-15
175.653	7.35311e-15
176.043	7.34198e-15
176.433	7.33066e-15
176.821	7.3191e-15
177.207	7.30731e-15
177.592	7.28744e-15
177.996	7.276e-15
178.379	7.26363e-15
178.779	7.25174e-15
179.159	7.23115e-15
179.558	7.21889e-15
179.954	7.20638e-15
180.349	7.19369e-15
180.744	7.18079e-15
181.136	7.16001e-15
181.527	7.14668e-15
181.917	7.13318e-15
182.306	7.11948e-15
182.712	7.10621e-15
183.098	7.08459e-15
183.501	7.07092e-15
183.885	7.05643e-15
184.285	7.04235e-15
184.684	7.02809e-15
185.083	7.00628e-15
185.459	6.99096e-15
185.873	6.97675e-15
186.267	6.9617e-15
186.659	6.94643e-15
187.05	6.93096e-15
187.458	6.90875e-15
187.846	6.89292e-15
188.25	6.87748e-15
188.636	6.86127e-15
189.039	6.84547e-15
189.439	6.82944e-15
189.839	6.81324e-15
190.236	6.78983e-15
190.632	6.77324e-15
191.027	6.75645e-15
191.42	6.7395e-15
191.831	6.72292e-15
192.221	6.70556e-15
192.629	6.68859e-15
193.016	6.66407e-15
193.419	6.64672e-15
193.822	6.6292e-15
194.224	6.61149e-15
194.623	6.59357e-15
195.021	6.57548e-15
195.417	6.55718e-15
195.813	6.53872e-15
196.225	6.5206e-15
196.616	6.49525e-15
197.024	6.47676e-15
197.413	6.4576e-15
197.819	6.43877e-15
198.222	6.41975e-15
198.624	6.40053e-15
199.024	6.38114e-15
199.424	6.3616e-15
199.821	6.34183e-15
200.235	6.32242e-15
200.629	6.30234e-15
201.038	6.27636e-15
201.43	6.25596e-15
201.837	6.23584e-15
202.241	6.21553e-15
202.646	6.1951e-15
203.047	6.17444e-15
203.447	6.15364e-15
203.847	6.13268e-15
204.261	6.11199e-15
204.656	6.09068e-15
205.067	6.06965e-15
205.459	6.04801e-15
205.867	6.02666e-15
206.272	6.00511e-15
206.677	5.98344e-15
207.079	5.95586e-15
207.482	5.9339e-15
207.881	5.91176e-15
208.294	5.88984e-15
208.691	5.86739e-15
209.101	5.84517e-15
209.51	5.82281e-15
209.902	5.79989e-15
210.308	5.77721e-15
210.712	5.75439e-15
211.114	5.73138e-15
211.531	5.70864e-15
211.931	5.68538e-15
212.344	5.66233e-15
212.74	5.63875e-15
213.151	5.61541e-15
213.559	5.59191e-15
213.95	5.56792e-15
214.355	5.54414e-15
214.773	5.52055e-15
215.175	5.49649e-15
215.576	5.47232e-15
215.989	5.44327e-15
216.387	5.41885e-15
216.796	5.39459e-15
217.204	5.3702e-15
217.612	5.34572e-15
218.017	5.32108e-15
218.421	5.29632e-15
218.823	5.27142e-15
219.222	5.24638e-15
219.637	5.22157e-15
220.032	5.19627e-15
220.443	5.17119e-15
220.851	5.14598e-15
221.258	5.12066e-15
221.663	5.0952e-15
222.066	5.06964e-15
222.467	5.04395e-15
222.882	5.01845e-15
223.28	4.99253e-15
223.69	4.96677e-15
224.1	4.94092e-15
224.494	4.91469e-15
224.899	4.8886e-15
225.303	4.86241e-15
225.719	4.8364e-15
226.12	4.81001e-15
226.519	4.78352e-15
226.931	4.75718e-15
227.341	4.73074e-15
227.733	4.70393e-15
228.14	4.67729e-15
228.545	4.65058e-15
228.948	4.62376e-15
229.362	4.59304e-15
229.761	4.56606e-15
230.174	4.53924e-15
230.569	4.51208e-15
230.976	4.48505e-15
231.383	4.45795e-15
231.788	4.43079e-15
232.19	4.40351e-15
232.591	4.37617e-15
232.991	4.34874e-15
233.402	4.32147e-15
233.798	4.2939e-15
234.206	4.26647e-15
234.598	4.23873e-15
235.002	4.21114e-15
235.406	4.18351e-15
235.806	4.15577e-15
236.218	4.1282e-15
236.616	4.10035e-15
237.012	4.07244e-15
237.418	4.04464e-15
237.825	4.01342e-15
238.215	3.98535e-15
238.617	3.95741e-15
239.018	3.92945e-15
239.416	3.90139e-15
239.827	3.8735e-15
240.222	3.84536e-15
240.615	3.81718e-15
241.02	3.78912e-15
241.41	3.76083e-15
241.811	3.7327e-15
242.211	3.70451e-15
242.611	3.6763e-15
243.006	3.64498e-15
243.401	3.61671e-15
243.794	3.5884e-15
244.198	3.56024e-15
244.588	3.53187e-15
244.988	3.50362e-15
245.374	3.47519e-15
245.772	3.44691e-15
246.168	3.4186e-15
246.563	3.39026e-15
246.954	3.35912e-15
247.345	3.33078e-15
247.735	3.30241e-15
248.136	3.2742e-15
248.522	3.24579e-15
248.918	3.21754e-15
249.301	3.18913e-15
249.695	3.15828e-15
250.075	3.12988e-15
250.466	3.10163e-15
250.855	3.07337e-15
251.241	3.0451e-15
251.627	3.01684e-15
252.012	2.98618e-15
252.395	2.95796e-15
252.776	2.92976e-15
253.155	2.90155e-15
253.534	2.87338e-15
253.912	2.84521e-15
254.286	2.81479e-15
254.66	2.78669e-15
255.033	2.75861e-15
255.404	2.73055e-15
255.894	2.70366e-15
256.262	2.67351e-15
256.628	2.64555e-15
256.995	2.61763e-15
257.357	2.58973e-15
257.722	2.55986e-15
258.082	2.53207e-15
258.442	2.50433e-15
258.801	2.47663e-15
259.157	2.44703e-15
259.632	2.42043e-15
259.987	2.39289e-15
260.342	2.36355e-15
260.694	2.33613e-15
261.045	2.30878e-15
261.395	2.28149e-15
261.745	2.25249e-15
262.093	2.22535e-15
262.554	2.19912e-15
262.901	2.17042e-15
263.244	2.14347e-15
263.588	2.11662e-15
263.932	2.08822e-15
264.272	2.06153e-15
264.613	2.03335e-15
264.952	2.00684e-15
265.404	1.98117e-15
265.742	1.95332e-15
266.078	1.92708e-15
266.413	1.90092e-15
266.747	1.87341e-15
267.083	1.84748e-15
267.414	1.82022e-15
267.746	1.79449e-15
268.078	1.7675e-15
268.409	1.74199e-15
268.738	1.71527e-15
269.177	1.6906e-15
269.505	1.66541e-15
269.832	1.63908e-15
270.158	1.61413e-15
270.485	1.58809e-15
270.81	1.5634e-15
271.135	1.53764e-15
271.459	1.5132e-15
271.781	1.48774e-15
272.104	1.46245e-15
272.427	1.43842e-15
272.748	1.41344e-15
273.069	1.38968e-15
273.389	1.36501e-15
273.71	1.34153e-15
273.922	1.31673e-15
274.241	1.29258e-15
274.56	1.26955e-15
274.88	1.24573e-15
275.197	1.22208e-15
275.515	1.19952e-15
275.831	1.17621e-15
276.044	1.1527e-15
276.36	1.13062e-15
276.676	1.10786e-15
276.992	1.08529e-15
277.204	1.06334e-15
277.52	1.04114e-15
277.836	1.01913e-15
278.152	9.97316e-16
278.363	9.76097e-16
278.677	9.5466e-16
278.888	9.33114e-16
279.205	9.12091e-16
279.52	8.9126e-16
279.732	8.70993e-16
280.047	8.50563e-16
280.258	8.3006e-16
280.575	8.10051e-16
280.788	7.89989e-16
280.999	7.70146e-16
281.316	7.50776e-16
281.531	7.31383e-16
281.743	7.12734e-16
282.06	6.94002e-16
282.275	6.75266e-16
282.49	6.56763e-16
282.707	6.3849e-16
283.024	6.20646e-16
283.241	6.02833e-16
283.458	5.85254e-16
283.676	5.67911e-16
283.894	5.50804e-16
284.113	5.33935e-16
284.333	5.17305e-16
284.551	5.00547e-16
284.774	4.84413e-16
284.893	4.68369e-16
285.116	4.52723e-16
285.339	4.37321e-16
285.562	4.22164e-16
285.688	4.07128e-16
285.912	3.92183e-16
286.139	3.77784e-16
286.266	3.63522e-16
286.493	3.49627e-16
286.621	3.35879e-16
286.852	3.2226e-16
286.983	3.09042e-16
287.213	2.96177e-16
287.348	2.83483e-16
287.48	2.70855e-16
287.616	2.58699e-16
287.853	2.46886e-16
287.989	2.35088e-16
288.127	2.23738e-16
288.269	2.12504e-16
288.408	2.01699e-16
288.55	1.91165e-16
288.694	1.80772e-16
288.838	1.70789e-16
288.886	1.60914e-16
289.033	1.51487e-16
289.182	1.42232e-16
289.233	1.33321e-16
289.384	1.24638e-16
289.536	1.16329e-16
289.592	1.08187e-16
289.746	1.00441e-16
289.805	9.28802e-17
289.866	8.56143e-17
290.024	7.87233e-17
290.087	7.20404e-17
290.152	6.57004e-17
290.217	5.96041e-17
290.284	5.38037e-17
290.352	4.83341e-17
290.423	4.31221e-17
290.495	3.82065e-17
290.567	3.35874e-17
290.642	2.92861e-17
290.718	2.52576e-17
290.699	2.152e-17
290.778	1.80871e-17
290.762	1.49473e-17
290.844	1.21104e-17
290.831	9.57519e-18
290.916	7.3329e-18
290.905	5.38726e-18
290.995	3.74218e-18
290.989	2.39495e-18
290.985	1.34714e-18
