0.0015	1.16861e-41
0.002	6.56541e-41
0.0025	2.50415e-40
0.003	7.48412e-40
0.0035	1.88681e-39
0.004	4.20761e-39
0.0045	8.52092e-39
0.005	1.60458e-38
0.0055	2.84166e-38
0.006	4.79296e-38
0.0065	7.74469e-38
0.007	1.20889e-37
0.0075	1.82843e-37
0.008	2.69461e-37
0.0085	3.87886e-37
0.009	5.4685e-37
0.0095	7.5616e-37
0.01	1.02911e-36
0.0105	1.37968e-36
0.011	1.82313e-36
0.0115	2.38122e-36
0.012	3.07579e-36
0.0125	3.9306e-36
0.013	4.97476e-36
0.0135	6.24209e-36
0.014	7.7658e-36
0.0145	9.59002e-36
0.015	1.17675e-35
0.0155	1.43162e-35
0.016	1.73405e-35
0.0165	2.08635e-35
0.017	2.49567e-35
0.0175	2.97058e-35
0.018	3.5213e-35
0.0185	4.15138e-35
0.019	4.87256e-35
0.0195	5.69996e-35
0.02	6.63594e-35
0.0205	7.70253e-35
0.021	8.91137e-35
0.0215	1.02632e-34
0.022	1.17907e-34
0.0225	1.34929e-34
0.023	1.54113e-34
0.0235	1.7533e-34
0.024	1.99306e-34
0.0245	2.25526e-34
0.025	2.54837e-34
0.0255	2.86943e-34
0.026	3.22701e-34
0.0265	3.62393e-34
0.027	4.05312e-34
0.0275	4.52873e-34
0.028	5.05003e-34
0.0285	5.62046e-34
0.029	6.23648e-34
0.0295	6.91556e-34
0.03	7.66118e-34
0.0305	8.46611e-34
0.031	9.34036e-34
0.0315	1.02886e-33
0.032	1.13158e-33
0.0325	1.2427e-33
0.033	1.36277e-33
0.0335	1.49406e-33
0.034	1.63392e-33
0.0345	1.78453e-33
0.035	1.9465e-33
0.0355	2.12301e-33
0.036	2.30812e-33
0.0365	2.50855e-33
0.037	2.72641e-33
0.0375	2.95639e-33
0.038	3.20235e-33
0.0385	3.46923e-33
0.039	3.74995e-33
0.0395	4.05418e-33
0.04	4.37006e-33
0.0405	4.71545e-33
0.041	5.0836e-33
0.0415	5.46887e-33
0.042	5.8851e-33
0.0425	6.31485e-33
0.043	6.784e-33
0.0435	7.28202e-33
0.044	7.81029e-33
0.0445	8.3533e-33
0.045	8.94534e-33
0.0455	9.57221e-33
0.046	1.02269e-32
0.0465	1.09144e-32
0.047	1.16539e-32
0.0475	1.24248e-32
0.048	1.32488e-32
0.0485	1.41182e-32
0.049	1.50224e-32
0.0495	1.59877e-32
0.05	1.69832e-32
0.0505	1.80372e-32
0.051	1.91611e-32
0.0515	2.03263e-32
0.052	2.15678e-32
0.0525	2.28537e-32
0.053	2.42229e-32
0.0535	2.56599e-32
0.054	2.71453e-32
0.0545	2.87259e-32
0.055	3.03576e-32
0.0555	3.20931e-32
0.056	3.38823e-32
0.0565	3.5784e-32
0.057	3.77428e-32
0.0575	3.98421e-32
0.058	4.20199e-32
0.0585	4.42596e-32
0.059	4.66373e-32
0.0595	4.908e-32
0.06	5.16715e-32
0.0605	5.43329e-32
0.061	5.71549e-32
0.0615	6.00473e-32
0.062	6.30619e-32
0.0625	6.62588e-32
0.063	6.9626e-32
0.0635	7.30372e-32
0.064	7.66528e-32
0.0645	8.03475e-32
0.065	8.42652e-32
0.0655	8.82651e-32
0.066	9.24207e-32
0.0665	9.68253e-32
0.067	1.01458e-31
0.0675	1.06129e-31
0.068	1.11075e-31
0.0685	1.16113e-31
0.069	1.21341e-31
0.0695	1.26763e-31
0.07	1.32505e-31
0.0705	1.38343e-31
0.071	1.44605e-31
0.0715	1.51015e-31
0.072	1.5753e-31
0.0725	1.6428e-31
0.073	1.71266e-31
0.0735	1.78663e-31
0.074	1.86158e-31
0.0745	1.93807e-31
0.075	2.0183e-31
0.0755	2.10317e-31
0.076	2.19245e-31
0.0765	2.28148e-31
0.077	2.37355e-31
0.0775	2.46871e-31
0.078	2.5693e-31
0.0785	2.67103e-31
0.079	2.77617e-31
0.0795	2.88467e-31
0.08	2.99679e-31
0.0805	3.11254e-31
0.081	3.23494e-31
0.0815	3.35839e-31
0.082	3.48577e-31
0.0825	3.61722e-31
0.083	3.75287e-31
0.0835	3.89213e-31
0.084	4.04004e-31
0.0845	4.18826e-31
0.085	4.34173e-31
0.0855	4.49917e-31
0.086	4.66228e-31
0.0865	4.82953e-31
0.087	5.00181e-31
0.0875	5.1839e-31
0.088	5.3668e-31
0.0885	5.55516e-31
0.089	5.74908e-31
0.0895	5.94771e-31
0.09	6.15304e-31
0.0905	6.3634e-31
0.091	6.58091e-31
0.0915	6.80352e-31
0.092	7.03253e-31
0.0925	7.27456e-31
0.093	7.51706e-31
0.0935	7.76619e-31
0.094	8.02235e-31
0.0945	8.28411e-31
0.095	8.55461e-31
0.0955	8.83109e-31
0.096	9.11507e-31
0.0965	9.40849e-31
0.097	9.70797e-31
0.0975	1.00159e-30
0.098	1.03317e-30
0.0985	1.06541e-30
0.099	1.09976e-30
0.0995	1.13395e-30
0.1	1.16885e-30
0.1005	1.20467e-30
0.101	1.24163e-30
0.1015	1.27931e-30
0.102	1.31798e-30
0.1025	1.35762e-30
0.103	1.39801e-30
0.1035	1.4397e-30
0.104	1.48217e-30
0.1045	1.52598e-30
0.105	1.57059e-30
0.1055	1.61632e-30
0.106	1.66315e-30
0.1065	1.71117e-30
0.107	1.76035e-30
0.1075	1.8107e-30
0.108	1.86194e-30
0.1085	1.91479e-30
0.109	1.96852e-30
0.1095	2.02587e-30
0.11	2.08226e-30
0.1105	2.14001e-30
0.111	2.19782e-30
0.1115	2.25777e-30
0.112	2.31961e-30
0.1125	2.38288e-30
0.113	2.44714e-30
0.1135	2.51288e-30
0.114	2.58064e-30
0.1145	2.6494e-30
0.115	2.71971e-30
0.1155	2.79109e-30
0.116	2.86462e-30
0.1165	2.93976e-30
0.117	3.01598e-30
0.1175	3.09456e-30
0.118	3.1742e-30
0.1185	3.25559e-30
0.119	3.33875e-30
0.1195	3.42374e-30
0.12	3.51055e-30
0.1205	3.59925e-30
0.121	3.68902e-30
0.1215	3.78161e-30
0.122	3.87523e-30
0.1225	3.97089e-30
0.123	4.06858e-30
0.1235	4.16829e-30
0.124	4.27017e-30
0.1245	4.37405e-30
0.125	4.48007e-30
0.1255	4.5874e-30
0.126	4.70263e-30
0.1265	4.81453e-30
0.127	4.92862e-30
0.1275	5.04611e-30
0.128	5.16488e-30
0.1285	5.28484e-30
0.129	5.40839e-30
0.1295	5.53445e-30
0.13	5.66165e-30
0.1305	5.79275e-30
0.131	5.92513e-30
0.1315	6.06144e-30
0.132	6.19888e-30
0.1325	6.33908e-30
0.133	6.48199e-30
0.1335	6.62603e-30
0.134	6.77449e-30
0.1345	6.92575e-30
0.135	7.07821e-30
0.1355	7.2352e-30
0.136	7.39346e-30
0.1365	7.55478e-30
0.137	7.7271e-30
0.1375	7.89468e-30
0.138	8.06517e-30
0.1385	8.23895e-30
0.139	8.41375e-30
0.1395	8.59394e-30
0.14	8.77515e-30
0.1405	8.96198e-30
0.141	9.14991e-30
0.1415	9.34116e-30
0.142	9.53569e-30
0.1425	9.7283e-30
0.143	9.9297e-30
0.1435	1.01348e-29
0.144	1.03409e-29
0.1445	1.05647e-29
0.145	1.07783e-29
0.1455	1.09987e-29
0.146	1.12196e-29
0.1465	1.14445e-29
0.147	1.16732e-29
0.1475	1.19057e-29
0.148	1.21423e-29
0.1485	1.23831e-29
0.149	1.26244e-29
0.1495	1.28731e-29
0.15	1.31369e-29
0.1505	1.33946e-29
0.151	1.36527e-29
0.1515	1.39149e-29
0.152	1.41816e-29
0.1525	1.44526e-29
0.153	1.47282e-29
0.1535	1.50083e-29
0.154	1.52928e-29
0.1545	1.55948e-29
0.155	1.58892e-29
0.1555	1.61834e-29
0.156	1.64872e-29
0.1565	1.67911e-29
0.157	1.70995e-29
0.1575	1.74127e-29
0.158	1.77512e-29
0.1585	1.8075e-29
0.159	1.84038e-29
0.1595	1.87379e-29
0.16	1.90713e-29
0.1605	1.94155e-29
0.161	1.97591e-29
0.1615	2.01376e-29
0.162	2.04921e-29
0.1625	2.0852e-29
0.163	2.12176e-29
0.1635	2.15956e-29
0.164	2.19647e-29
0.1645	2.23732e-29
0.165	2.27618e-29
0.1655	2.31559e-29
0.166	2.35485e-29
0.1665	2.39544e-29
0.167	2.43872e-29
0.1675	2.48057e-29
0.168	2.52224e-29
0.1685	2.5645e-29
0.169	2.60733e-29
0.1695	2.65393e-29
0.17	2.69811e-29
0.1705	2.74291e-29
0.171	2.78832e-29
0.1715	2.83443e-29
0.172	2.88363e-29
0.1725	2.93108e-29
0.173	2.97639e-29
0.1735	3.02518e-29
0.174	3.0773e-29
0.1745	3.12639e-29
0.175	3.1762e-29
0.1755	3.22671e-29
0.176	3.27787e-29
0.1765	3.33382e-29
0.177	3.38647e-29
0.1775	3.43983e-29
0.178	3.49272e-29
0.1785	3.55184e-29
0.179	3.60622e-29
0.1795	3.6639e-29
0.18	3.72063e-29
0.1805	3.77859e-29
0.181	3.83876e-29
0.1815	3.8983e-29
0.182	3.95906e-29
0.1825	4.02024e-29
0.183	4.0822e-29
0.1835	4.1435e-29
0.184	4.20717e-29
0.1845	4.27173e-29
0.185	4.33545e-29
0.1855	4.4017e-29
0.186	4.46716e-29
0.1865	4.5352e-29
0.187	4.60232e-29
0.1875	4.67034e-29
0.188	4.73981e-29
0.1885	4.80957e-29
0.189	4.8803e-29
0.1895	4.95189e-29
0.19	5.02506e-29
0.1905	5.09858e-29
0.191	5.17151e-29
0.1915	5.24683e-29
0.192	5.32317e-29
0.1925	5.399e-29
0.193	5.47725e-29
0.1935	5.55498e-29
0.194	5.6336e-29
0.1945	5.71255e-29
0.195	5.79304e-29
0.1955	5.87468e-29
0.196	5.95659e-29
0.1965	6.04028e-29
0.197	6.12494e-29
0.1975	6.21064e-29
0.198	6.29669e-29
0.1985	6.38178e-29
0.199	6.47068e-29
0.1995	6.55786e-29
0.2	6.64886e-29
0.2005	6.73823e-29
0.201	6.82845e-29
0.2015	6.92288e-29
0.202	7.01546e-29
0.2025	7.10904e-29
0.203	7.20017e-29
0.2035	7.29597e-29
0.204	7.39281e-29
0.2045	7.48733e-29
0.205	7.58754e-29
0.2055	7.68784e-29
0.206	7.78567e-29
0.2065	7.88934e-29
0.207	7.98946e-29
0.2075	8.0957e-29
0.208	8.1981e-29
0.2085	8.30265e-29
0.209	8.41154e-29
0.2095	8.51866e-29
0.21	8.62581e-29
0.2105	8.73539e-29
0.211	8.84606e-29
0.2115	8.95691e-29
0.212	9.06563e-29
0.2125	9.18023e-29
0.213	9.29605e-29
0.2135	9.40843e-29
0.214	9.52688e-29
0.2145	9.64035e-29
0.215	9.76151e-29
0.2155	9.87869e-29
0.216	9.99729e-29
0.2165	1.01225e-28
0.217	1.02453e-28
0.2175	1.03677e-28
0.218	1.04916e-28
0.2185	1.06169e-28
0.219	1.07434e-28
0.2195	1.08711e-28
0.22	1.1002e-28
0.2205	1.11267e-28
0.221	1.12588e-28
0.2215	1.13938e-28
0.222	1.15223e-28
0.2225	1.16604e-28
0.223	1.17917e-28
0.2235	1.1924e-28
0.224	1.20664e-28
0.2245	1.22036e-28
0.225	1.23402e-28
0.2255	1.24802e-28
0.226	1.26197e-28
0.2265	1.27624e-28
0.227	1.29065e-28
0.2275	1.30524e-28
0.228	1.31976e-28
0.2285	1.33465e-28
0.229	1.34888e-28
0.2295	1.36403e-28
0.23	1.37938e-28
0.2305	1.39402e-28
0.231	1.40882e-28
0.2315	1.42463e-28
0.232	1.43971e-28
0.2325	1.45585e-28
0.233	1.47122e-28
0.2335	1.48583e-28
0.234	1.50151e-28
0.2345	1.51735e-28
0.235	1.53329e-28
0.2355	1.54965e-28
0.236	1.56595e-28
0.2365	1.58243e-28
0.237	1.59822e-28
0.2375	1.615e-28
0.238	1.63191e-28
0.2385	1.64817e-28
0.239	1.66543e-28
0.2395	1.68199e-28
0.24	1.69961e-28
0.2405	1.71646e-28
0.241	1.73321e-28
0.2415	1.75159e-28
0.242	1.76896e-28
0.2425	1.78619e-28
0.243	1.80385e-28
0.2435	1.82167e-28
0.244	1.8394e-28
0.2445	1.85753e-28
0.245	1.87587e-28
0.2455	1.89439e-28
0.246	1.91303e-28
0.2465	1.93049e-28
0.247	1.94953e-28
0.2475	1.96727e-28
0.248	1.98662e-28
0.2485	2.00466e-28
0.249	2.0244e-28
0.2495	2.04279e-28
0.25	2.06285e-28
0.2505	2.08157e-28
0.251	2.10042e-28
0.2515	2.11945e-28
0.252	2.13867e-28
0.2525	2.16001e-28
0.253	2.17956e-28
0.2535	2.19925e-28
0.254	2.21775e-28
0.2545	2.23779e-28
0.255	2.25799e-28
0.2555	2.27872e-28
0.256	2.29934e-28
0.2565	2.31859e-28
0.257	2.33949e-28
0.2575	2.35905e-28
0.258	2.38038e-28
0.2585	2.40023e-28
0.259	2.42228e-28
0.2595	2.44212e-28
0.26	2.4625e-28
0.2605	2.48508e-28
0.261	2.5054e-28
0.2615	2.52628e-28
0.262	2.54733e-28
0.2625	2.56857e-28
0.263	2.58993e-28
0.2635	2.61108e-28
0.264	2.63283e-28
0.2645	2.65471e-28
0.265	2.67681e-28
0.2655	2.69504e-28
0.266	2.71744e-28
0.2665	2.74009e-28
0.267	2.7629e-28
0.2675	2.78335e-28
0.268	2.807e-28
0.2685	2.82779e-28
0.269	2.85136e-28
0.2695	2.87246e-28
0.27	2.89366e-28
0.2705	2.9184e-28
0.271	2.94048e-28
0.2715	2.96221e-28
0.272	2.98408e-28
0.2725	3.00662e-28
0.273	3.02888e-28
0.2735	3.05176e-28
0.274	3.07428e-28
0.2745	3.09698e-28
0.275	3.12036e-28
0.2755	3.1434e-28
0.276	3.16721e-28
0.2765	3.19115e-28
0.277	3.2115e-28
0.2775	3.23579e-28
0.278	3.25977e-28
0.2785	3.28108e-28
0.279	3.30591e-28
0.2795	3.32703e-28
0.28	3.35222e-28
0.2805	3.3741e-28
0.281	3.39976e-28
0.2815	3.42194e-28
0.282	3.44436e-28
0.2825	3.46994e-28
0.283	3.49265e-28
0.2835	3.51543e-28
0.284	3.53846e-28
0.2845	3.56155e-28
0.285	3.58485e-28
0.2855	3.60826e-28
0.286	3.63187e-28
0.2865	3.65562e-28
0.287	3.67956e-28
0.2875	3.70428e-28
0.288	3.72856e-28
0.2885	3.74874e-28
0.289	3.7733e-28
0.2895	3.79806e-28
0.29	3.81927e-28
0.2905	3.84431e-28
0.291	3.86963e-28
0.2915	3.89053e-28
0.292	3.91215e-28
0.2925	3.93791e-28
0.293	3.95986e-28
0.2935	3.98604e-28
0.294	4.00753e-28
0.2945	4.02988e-28
0.295	4.05657e-28
0.2955	4.07917e-28
0.296	4.10194e-28
0.2965	4.12406e-28
0.297	4.14708e-28
0.2975	4.16945e-28
0.298	4.1927e-28
0.2985	4.21364e-28
0.299	4.23641e-28
0.2995	4.26008e-28
0.3	4.2839e-28
0.3005	4.30717e-28
0.301	4.33129e-28
0.3015	4.34986e-28
0.302	4.37433e-28
0.3025	4.39889e-28
0.303	4.41768e-28
0.3035	4.44259e-28
0.304	4.46688e-28
0.3045	4.48589e-28
0.305	4.51128e-28
0.3055	4.53051e-28
0.306	4.55622e-28
0.3065	4.57573e-28
0.307	4.59523e-28
0.3075	4.62225e-28
0.308	4.64192e-28
0.3085	4.66178e-28
0.309	4.68172e-28
0.3095	4.70855e-28
0.31	4.72873e-28
0.3105	4.74983e-28
0.311	4.77019e-28
0.3115	4.79065e-28
0.312	4.8112e-28
0.3125	4.8327e-28
0.313	4.85346e-28
0.3135	4.87432e-28
0.314	4.89616e-28
0.3145	4.91725e-28
0.315	4.93855e-28
0.3155	4.9531e-28
0.316	4.97449e-28
0.3165	4.9969e-28
0.317	5.01855e-28
0.3175	5.03659e-28
0.318	5.0552e-28
0.3185	5.075e-28
0.319	5.09479e-28
0.3195	5.11375e-28
0.32	5.1329e-28
0.3205	5.15115e-28
0.321	5.16968e-28
0.3215	5.18909e-28
0.322	5.20677e-28
0.3225	5.22471e-28
0.323	5.2435e-28
0.3235	5.26154e-28
0.324	5.2797e-28
0.3245	5.29588e-28
0.325	5.31329e-28
0.3255	5.33073e-28
0.326	5.3482e-28
0.3265	5.36489e-28
0.327	5.3816e-28
0.3275	5.39842e-28
0.328	5.41527e-28
0.3285	5.43223e-28
0.329	5.44719e-28
0.3295	5.46233e-28
0.33	5.47952e-28
0.3305	5.49477e-28
0.331	5.51009e-28
0.3315	5.52438e-28
0.332	5.53877e-28
0.3325	5.55317e-28
0.333	5.56458e-28
0.3335	5.57908e-28
0.334	5.59263e-28
0.3345	5.60737e-28
0.335	5.61993e-28
0.3355	5.63357e-28
0.336	5.6462e-28
0.3365	5.65996e-28
0.337	5.67157e-28
0.3375	5.68439e-28
0.338	5.69722e-28
0.3385	5.70889e-28
0.339	5.7195e-28
0.3395	5.73133e-28
0.34	5.74317e-28
0.3405	5.7538e-28
0.341	5.76464e-28
0.3415	5.77533e-28
0.342	5.78494e-28
0.3425	5.79579e-28
0.343	5.80546e-28
0.3435	5.81515e-28
0.344	5.82364e-28
0.3445	5.83338e-28
0.345	5.84192e-28
0.3455	5.85046e-28
0.346	5.85896e-28
0.3465	5.86635e-28
0.347	5.8749e-28
0.3475	5.88222e-28
0.348	5.88831e-28
0.3485	5.89566e-28
0.349	5.90293e-28
0.3495	5.90917e-28
0.35	5.91524e-28
0.3505	5.92127e-28
0.351	5.92737e-28
0.3515	5.93354e-28
0.352	5.93818e-28
0.3525	5.94177e-28
0.353	5.94653e-28
0.3535	5.95119e-28
0.354	5.95461e-28
0.3545	5.95941e-28
0.355	5.96285e-28
0.3555	5.96612e-28
0.356	5.96812e-28
0.3565	5.97152e-28
0.357	5.97345e-28
0.3575	5.97545e-28
0.358	5.97739e-28
0.3585	5.97929e-28
0.359	5.97975e-28
0.3595	5.9802e-28
0.36	5.9807e-28
0.3605	5.98115e-28
0.361	5.98292e-28
0.3615	5.98183e-28
0.362	5.98073e-28
0.3625	5.97968e-28
0.363	5.97847e-28
0.3635	5.97742e-28
0.364	5.97601e-28
0.3645	5.97331e-28
0.365	5.97066e-28
0.3655	5.96795e-28
0.366	5.96657e-28
0.3665	5.96223e-28
0.367	5.95953e-28
0.3675	5.95651e-28
0.368	5.95216e-28
0.3685	5.94747e-28
0.369	5.94311e-28
0.3695	5.93707e-28
0.37	5.92932e-28
0.3705	5.92328e-28
0.371	5.91861e-28
0.3715	5.91261e-28
0.372	5.90612e-28
0.3725	5.90013e-28
0.373	5.89363e-28
0.3735	5.88584e-28
0.374	5.87764e-28
0.3745	5.86985e-28
0.375	5.86168e-28
0.3755	5.85396e-28
0.376	5.84568e-28
0.3765	5.8374e-28
0.377	5.8261e-28
0.3775	5.81781e-28
0.378	5.80784e-28
0.3785	5.79652e-28
0.379	5.78825e-28
0.3795	5.77638e-28
0.38	5.76502e-28
0.3805	5.75494e-28
0.381	5.74416e-28
0.3815	5.73223e-28
0.382	5.72089e-28
0.3825	5.70715e-28
0.383	5.69533e-28
0.3835	5.68341e-28
0.384	5.66967e-28
0.3845	5.65778e-28
0.385	5.64284e-28
0.3855	5.62912e-28
0.386	5.61536e-28
0.3865	5.59979e-28
0.387	5.5861e-28
0.3875	5.57044e-28
0.388	5.55674e-28
0.3885	5.54126e-28
0.389	5.52565e-28
0.3895	5.51005e-28
0.39	5.49266e-28
0.3905	5.4771e-28
0.391	5.45959e-28
0.3915	5.44225e-28
0.392	5.42677e-28
0.3925	5.40734e-28
0.393	5.39007e-28
0.3935	5.37268e-28
0.394	5.35532e-28
0.3945	5.33613e-28
0.395	5.31804e-28
0.3955	5.29886e-28
0.396	5.27967e-28
0.3965	5.26046e-28
0.397	5.24138e-28
0.3975	5.22224e-28
0.398	5.20236e-28
0.3985	5.18137e-28
0.399	5.16235e-28
0.3995	5.14148e-28
0.4	5.1217e-28
0.4005	5.10078e-28
0.401	5.078e-28
0.4015	5.05836e-28
0.402	5.03562e-28
0.4025	5.01495e-28
0.403	4.99348e-28
0.4035	4.97081e-28
0.404	4.94825e-28
0.4045	4.92694e-28
0.405	4.90238e-28
0.4055	4.88003e-28
0.406	4.85678e-28
0.4065	4.83457e-28
0.407	4.8114e-28
0.4075	4.78729e-28
0.408	4.76424e-28
0.4085	4.73803e-28
0.409	4.71513e-28
0.4095	4.68916e-28
0.41	4.66649e-28
0.4105	4.64064e-28
0.411	4.61816e-28
0.4115	4.59247e-28
0.412	4.56803e-28
0.4125	4.54251e-28
0.413	4.51827e-28
0.4135	4.49192e-28
0.414	4.46674e-28
0.4145	4.44276e-28
0.415	4.41668e-28
0.4155	4.38971e-28
0.416	4.36589e-28
0.4165	4.34021e-28
0.417	4.31347e-28
0.4175	4.28794e-28
0.418	4.26036e-28
0.4185	4.23406e-28
0.419	4.20876e-28
0.4195	4.18159e-28
0.42	4.15448e-28
0.4205	4.12858e-28
0.421	4.10174e-28
0.4215	4.07494e-28
0.422	4.04836e-28
0.4225	4.02179e-28
0.423	3.99444e-28
0.4235	3.96607e-28
0.424	3.93998e-28
0.4245	3.91193e-28
0.425	3.88598e-28
0.4255	3.85819e-28
0.426	3.8305e-28
0.4265	3.80205e-28
0.427	3.77466e-28
0.4275	3.74735e-28
0.428	3.72028e-28
0.4285	3.69324e-28
0.429	3.66641e-28
0.4295	3.63771e-28
0.43	3.61111e-28
0.4305	3.58275e-28
0.431	3.55444e-28
0.4315	3.52635e-28
0.432	3.50093e-28
0.4325	3.47312e-28
0.433	3.44352e-28
0.4335	3.41605e-28
0.434	3.38868e-28
0.4345	3.36156e-28
0.435	3.3334e-28
0.4355	3.30658e-28
0.436	3.27798e-28
0.4365	3.25142e-28
0.437	3.2232e-28
0.4375	3.19511e-28
0.438	3.16715e-28
0.4385	3.13942e-28
0.439	3.11268e-28
0.4395	3.08525e-28
0.44	3.05805e-28
0.4405	3.02915e-28
0.441	3.00226e-28
0.4415	2.97639e-28
0.442	2.94806e-28
0.4425	2.91986e-28
0.443	2.89376e-28
0.4435	2.86673e-28
0.444	2.83914e-28
0.4445	2.81177e-28
0.445	2.7846e-28
0.4455	2.75828e-28
0.446	2.73149e-28
0.4465	2.70493e-28
0.447	2.6774e-28
0.4475	2.65121e-28
0.448	2.62346e-28
0.4485	2.59724e-28
0.449	2.56991e-28
0.4495	2.54519e-28
0.45	2.51827e-28
0.4505	2.49153e-28
0.451	2.46571e-28
0.4515	2.43943e-28
0.452	2.41395e-28
0.4525	2.38809e-28
0.453	2.36307e-28
0.4535	2.33762e-28
0.454	2.3124e-28
0.4545	2.28634e-28
0.455	2.26155e-28
0.4555	2.23588e-28
0.456	2.21154e-28
0.4565	2.18635e-28
0.457	2.16077e-28
0.4575	2.13761e-28
0.458	2.11307e-28
0.4585	2.08818e-28
0.459	2.06408e-28
0.4595	2.03965e-28
0.46	2.01599e-28
0.4605	1.99197e-28
0.461	1.96874e-28
0.4615	1.94423e-28
0.462	1.92089e-28
0.4625	1.89831e-28
0.463	1.87396e-28
0.4635	1.85182e-28
0.464	1.82841e-28
0.4645	1.80477e-28
0.465	1.78328e-28
0.4655	1.76057e-28
0.466	1.73758e-28
0.4665	1.71535e-28
0.467	1.69332e-28
0.4675	1.67148e-28
0.468	1.64945e-28
0.4685	1.62809e-28
0.469	1.60697e-28
0.4695	1.5856e-28
0.47	1.56491e-28
0.4705	1.54311e-28
0.471	1.52286e-28
0.4715	1.50239e-28
0.472	1.4813e-28
0.4725	1.46171e-28
0.473	1.44106e-28
0.4735	1.42062e-28
0.474	1.40129e-28
0.4745	1.38133e-28
0.475	1.36161e-28
0.4755	1.34207e-28
0.476	1.32279e-28
0.4765	1.30373e-28
0.477	1.28488e-28
0.4775	1.26589e-28
0.478	1.24751e-28
0.4785	1.22933e-28
0.479	1.21137e-28
0.4795	1.1936e-28
0.48	1.17495e-28
0.4805	1.15764e-28
0.481	1.14054e-28
0.4815	1.12254e-28
0.482	1.10586e-28
0.4825	1.08833e-28
0.483	1.07103e-28
0.4835	1.05511e-28
0.484	1.03823e-28
0.4845	1.02158e-28
0.485	1.00614e-28
0.4855	9.89889e-29
0.486	9.7387e-29
0.4865	9.58073e-29
0.487	9.42478e-29
0.4875	9.27091e-29
0.488	9.11895e-29
0.4885	8.96921e-29
0.489	8.82158e-29
0.4895	8.66684e-29
0.49	8.51993e-29
0.4905	8.37836e-29
0.491	8.23876e-29
0.4915	8.09247e-29
0.492	7.95675e-29
0.4925	7.8146e-29
0.493	7.68283e-29
0.4935	7.54687e-29
0.494	7.41888e-29
0.4945	7.28459e-29
0.495	7.15249e-29
0.4955	7.03011e-29
0.496	6.9018e-29
0.4965	6.77531e-29
0.497	6.65277e-29
0.4975	6.5302e-29
0.498	6.41687e-29
0.4985	6.29784e-29
0.499	6.18076e-29
0.4995	6.0655e-29
0.5	5.95376e-29
0.5005	5.83519e-29
0.501	5.72535e-29
0.5015	5.61724e-29
0.502	5.51245e-29
0.5025	5.40773e-29
0.503	5.29825e-29
0.5035	5.19701e-29
0.504	5.09885e-29
0.5045	4.99471e-29
0.505	4.89826e-29
0.5055	4.79756e-29
0.506	4.70585e-29
0.5065	4.60849e-29
0.507	4.51839e-29
0.5075	4.42561e-29
0.508	4.33316e-29
0.5085	4.24776e-29
0.509	4.1596e-29
0.5095	4.07186e-29
0.51	3.98569e-29
0.5105	3.90221e-29
0.511	3.82399e-29
0.5115	3.74232e-29
0.512	3.66318e-29
0.5125	3.5844e-29
0.513	3.507e-29
0.5135	3.4321e-29
0.514	3.3576e-29
0.5145	3.28542e-29
0.515	3.20926e-29
0.5155	3.13881e-29
0.516	3.07065e-29
0.5165	3.00286e-29
0.517	2.93726e-29
0.5175	2.86795e-29
0.518	2.80485e-29
0.5185	2.74211e-29
0.519	2.6768e-29
0.5195	2.61729e-29
0.52	2.55452e-29
0.5205	2.49737e-29
0.521	2.43707e-29
0.5215	2.38213e-29
0.522	2.32424e-29
0.5225	2.27154e-29
0.523	2.21594e-29
0.5235	2.16212e-29
0.524	2.11196e-29
0.5245	2.06037e-29
0.525	2.00924e-29
0.5255	1.9598e-29
0.526	1.91368e-29
0.5265	1.86626e-29
0.527	1.81988e-29
0.5275	1.77392e-29
0.528	1.72947e-29
0.5285	1.68575e-29
0.529	1.64324e-29
0.5295	1.60117e-29
0.53	1.56024e-29
0.5305	1.52001e-29
0.531	1.4809e-29
0.5315	1.44266e-29
0.532	1.40458e-29
0.5325	1.36761e-29
0.533	1.33128e-29
0.5335	1.2962e-29
0.534	1.26169e-29
0.5345	1.22762e-29
0.535	1.19473e-29
0.5355	1.16259e-29
0.536	1.13084e-29
0.5365	1.10001e-29
0.537	1.06992e-29
0.5375	1.04023e-29
0.538	1.01139e-29
0.5385	9.83514e-30
0.539	9.55583e-30
0.5395	9.28797e-30
0.54	9.02674e-30
0.5405	8.76739e-30
0.541	8.51739e-30
0.5415	8.27362e-30
0.542	8.03198e-30
0.5425	7.80031e-30
0.543	7.57319e-30
0.5435	7.34952e-30
0.544	7.13262e-30
0.5445	6.92246e-30
0.545	6.71661e-30
0.5455	6.51411e-30
0.546	6.31776e-30
0.5465	6.12774e-30
0.547	5.94151e-30
0.5475	5.75852e-30
0.548	5.58231e-30
0.5485	5.4108e-30
0.549	5.24282e-30
0.5495	5.07789e-30
0.55	4.9191e-30
0.5505	4.76473e-30
0.551	4.6136e-30
0.5515	4.46678e-30
0.552	4.32351e-30
0.5525	4.184e-30
0.553	4.04923e-30
0.5535	3.91832e-30
0.554	3.79039e-30
0.5545	3.66495e-30
0.555	3.54427e-30
0.5555	3.4265e-30
0.556	3.31282e-30
0.5565	3.20183e-30
0.557	3.09412e-30
0.5575	2.98859e-30
0.558	2.88666e-30
0.5585	2.78837e-30
0.559	2.69248e-30
0.5595	2.59946e-30
0.56	2.50933e-30
0.5605	2.42199e-30
0.561	2.33683e-30
0.5615	2.25353e-30
0.562	2.17411e-30
0.5625	2.09671e-30
0.563	2.02133e-30
0.5635	1.94877e-30
0.564	1.87808e-30
0.5645	1.8097e-30
0.565	1.74353e-30
0.5655	1.67951e-30
0.566	1.61706e-30
0.5665	1.55681e-30
0.567	1.49857e-30
0.5675	1.44261e-30
0.568	1.3882e-30
0.5685	1.33529e-30
0.569	1.28448e-30
0.5695	1.23512e-30
0.57	1.18744e-30
0.5705	1.14141e-30
0.571	1.09695e-30
0.5715	1.05406e-30
0.572	1.01267e-30
0.5725	9.72491e-31
0.573	9.33738e-31
0.5735	8.96349e-31
0.574	8.60315e-31
0.5745	8.25584e-31
0.575	7.91905e-31
0.5755	7.59414e-31
0.576	7.28159e-31
0.5765	6.98043e-31
0.577	6.69055e-31
0.5775	6.41152e-31
0.578	6.14132e-31
0.5785	5.88282e-31
0.579	5.63254e-31
0.5795	5.39191e-31
0.58	5.16051e-31
0.5805	4.93803e-31
0.581	4.7242e-31
0.5815	4.51747e-31
0.582	4.31993e-31
0.5825	4.12913e-31
0.583	3.94592e-31
0.5835	3.77001e-31
0.584	3.60116e-31
0.5845	3.43822e-31
0.585	3.28278e-31
0.5855	3.13276e-31
0.586	2.98897e-31
0.5865	2.85112e-31
0.587	2.719e-31
0.5875	2.59241e-31
0.588	2.47044e-31
0.5885	2.3543e-31
0.589	2.24244e-31
0.5895	2.13601e-31
0.59	2.03427e-31
0.5905	1.93622e-31
0.591	1.84191e-31
0.5915	1.75225e-31
0.592	1.66654e-31
0.5925	1.58414e-31
0.593	1.50544e-31
0.5935	1.4307e-31
0.594	1.35893e-31
0.5945	1.29002e-31
0.595	1.22465e-31
0.5955	1.16268e-31
0.596	1.10283e-31
0.5965	1.04609e-31
0.597	9.91688e-32
0.5975	9.39853e-32
0.598	8.90476e-32
0.5985	8.43451e-32
0.599	7.98679e-32
0.5995	7.56102e-32
0.6	7.15609e-32
0.6005	6.76815e-32
0.601	6.39931e-32
0.6015	6.05064e-32
0.602	5.71742e-32
0.6025	5.39916e-32
0.603	5.09864e-32
0.6035	4.81508e-32
0.604	4.54273e-32
0.6045	4.28586e-32
0.605	4.04082e-32
0.6055	3.80854e-32
0.606	3.58841e-32
0.6065	3.38111e-32
0.607	3.18355e-32
0.6075	2.9965e-32
0.608	2.81852e-32
0.6085	2.65108e-32
0.609	2.49186e-32
0.6095	2.34217e-32
0.61	2.20072e-32
0.6105	2.06631e-32
0.611	1.9394e-32
0.6115	1.8196e-32
0.612	1.70656e-32
0.6125	1.6e-32
0.613	1.49946e-32
0.6135	1.4042e-32
0.614	1.31447e-32
0.6145	1.23041e-32
0.615	1.15086e-32
0.6155	1.07645e-32
0.616	1.00603e-32
0.6165	9.3957e-33
0.617	8.77058e-33
0.6175	8.18657e-33
0.618	7.63816e-33
0.6185	7.12354e-33
0.619	6.6381e-33
0.6195	6.18298e-33
0.62	5.75643e-33
0.6205	5.35904e-33
0.621	4.98482e-33
0.6215	4.63457e-33
0.622	4.3069e-33
0.6225	3.999e-33
0.623	3.71413e-33
0.6235	3.44523e-33
0.624	3.19549e-33
0.6245	2.9612e-33
0.625	2.74269e-33
0.6255	2.54002e-33
0.626	2.35016e-33
0.6265	2.17336e-33
0.627	2.00883e-33
0.6275	1.85497e-33
0.628	1.71333e-33
0.6285	1.58105e-33
0.629	1.45755e-33
0.6295	1.34292e-33
0.63	1.23715e-33
0.6305	1.139e-33
0.631	1.0476e-33
0.6315	9.62993e-34
0.632	8.8467e-34
0.6325	8.12215e-34
0.633	7.45228e-34
0.6335	6.83348e-34
0.634	6.25943e-34
0.6345	5.73241e-34
0.635	5.24611e-34
0.6355	4.79808e-34
0.636	4.38352e-34
0.6365	4.00202e-34
0.637	3.65121e-34
0.6375	3.33021e-34
0.638	3.03399e-34
0.6385	2.76217e-34
0.639	2.51293e-34
0.6395	2.28341e-34
0.64	2.07507e-34
0.6405	1.8827e-34
0.641	1.70765e-34
0.6415	1.54694e-34
0.642	1.40024e-34
0.6425	1.26694e-34
0.643	1.14547e-34
0.6435	1.03431e-34
0.644	9.33145e-35
0.6445	8.415e-35
0.645	7.5754e-35
0.6455	6.81672e-35
0.646	6.12854e-35
0.6465	5.50221e-35
0.647	4.93975e-35
0.6475	4.42666e-35
0.648	3.96493e-35
0.6485	3.54631e-35
0.649	3.16873e-35
0.6495	2.82966e-35
0.65	2.52454e-35
0.6505	2.24887e-35
0.651	2.0002e-35
0.6515	1.77804e-35
0.652	1.57947e-35
0.6525	1.40095e-35
0.653	1.24121e-35
0.6535	1.09787e-35
0.654	9.70447e-36
0.6545	8.56132e-36
0.655	7.55279e-36
0.6555	6.64863e-36
0.656	5.84545e-36
0.6565	5.13271e-36
0.657	4.50341e-36
0.6575	3.94406e-36
0.658	3.45093e-36
0.6585	3.01406e-36
0.659	2.6288e-36
0.6595	2.28833e-36
0.66	1.99013e-36
0.6605	1.72821e-36
0.661	1.49917e-36
0.6615	1.2972e-36
0.662	1.1213e-36
0.6625	9.6716e-37
0.663	8.3332e-37
0.6635	7.16386e-37
0.664	6.14818e-37
0.6645	5.2674e-37
0.665	4.50665e-37
0.6655	3.84935e-37
0.666	3.27987e-37
0.6665	2.78943e-37
0.667	2.36768e-37
0.6675	2.00456e-37
0.668	1.69467e-37
0.6685	1.42973e-37
0.669	1.20366e-37
0.6695	1.01051e-37
0.67	8.47349e-38
0.6705	7.08183e-38
0.671	5.90844e-38
0.6715	4.91471e-38
0.672	4.08055e-38
0.6725	3.37742e-38
0.673	2.78827e-38
0.6735	2.29574e-38
0.674	1.88513e-38
0.6745	1.54457e-38
0.675	1.26112e-38
0.6755	1.02669e-38
0.676	8.32768e-39
0.6765	6.73803e-39
0.677	5.4344e-39
0.6775	4.36856e-39
0.678	3.49991e-39
0.6785	2.79241e-39
0.679	2.22131e-39
0.6795	1.75937e-39
0.68	1.38905e-39
0.6805	1.09167e-39
0.681	8.55022e-40
0.6815	6.66419e-40
0.682	5.17508e-40
0.6825	3.99808e-40
0.683	3.07448e-40
0.6835	2.35284e-40
0.684	1.79169e-40
0.6845	1.35731e-40
0.685	1.02231e-40
0.6855	7.6608e-41
0.686	5.70767e-41
0.6865	4.22708e-41
0.687	3.11117e-41
0.6875	2.27443e-41
0.688	1.65217e-41
0.6885	1.19081e-41
0.689	8.52604e-42
0.6895	6.05369e-42
0.69	4.26497e-42
0.6905	2.97905e-42
0.691	2.06412e-42
0.6915	1.41611e-42
0.692	9.62901e-43
0.6925	6.4767e-43
0.693	4.31019e-43
0.6935	2.83497e-43
0.694	1.84492e-43
0.6945	1.18486e-43
0.695	7.50914e-44
0.6955	4.69272e-44
0.696	2.8879e-44
0.6965	1.75008e-44
0.697	1.04279e-44
0.6975	6.10256e-45
0.698	3.50037e-45
0.6985	1.96718e-45
0.699	1.0817e-45
0.6995	5.80677e-46
0.7	3.03342e-46
0.7005	1.54252e-46
0.701	7.60075e-47
0.7015	3.62441e-47
0.702	1.66365e-47
0.7025	7.34183e-48
0.703	3.09483e-48
0.7035	1.24012e-48
0.704	4.70342e-49
0.7045	1.67271e-49
0.705	5.53094e-50
0.7055	1.68395e-50
0.706	4.65359e-51
0.7065	1.14901e-51
0.707	2.47932e-52
0.7075	4.54207e-53
0.708	6.80431e-54
0.7085	7.88906e-55
0.709	6.54747e-56
0.7095	3.4373e-57
0.71	9.29632e-59
0.7105	8.81795e-61
0.711	1.23578e-63
0.7115	1.61778e-68
0.712	0
0.7125	4.29657e-31
0.713	1.68555e-30
0.7135	3.7133e-30
0.714	6.46708e-30
0.7145	9.89249e-30
0.715	1.39295e-29
0.7155	1.85554e-29
0.716	2.37014e-29
0.7165	2.93102e-29
0.717	3.53431e-29
0.7175	4.17531e-29
0.718	4.85204e-29
0.7185	5.55513e-29
0.719	6.28237e-29
0.7195	7.02946e-29
0.72	7.79197e-29
0.7205	8.56582e-29
0.721	9.34327e-29
0.7215	1.01274e-28
0.722	1.0911e-28
0.7225	1.16901e-28
0.723	1.24496e-28
0.7235	1.32088e-28
0.724	1.39396e-28
0.7245	1.46509e-28
0.725	1.53489e-28
0.7255	1.60152e-28
0.726	1.66529e-28
0.7265	1.72573e-28
0.727	1.78298e-28
0.7275	1.83659e-28
0.728	1.88633e-28
0.7285	1.93198e-28
0.729	1.97335e-28
0.7295	2.01024e-28
0.73	2.04249e-28
0.7305	2.06995e-28
0.731	2.09248e-28
0.7315	2.10785e-28
0.732	2.12016e-28
0.7325	2.12726e-28
0.733	2.12907e-28
0.7335	2.12555e-28
0.734	2.11668e-28
0.7345	2.10246e-28
0.735	2.08075e-28
0.7355	2.0559e-28
0.736	2.02511e-28
0.7365	1.98988e-28
0.737	1.9487e-28
0.7375	1.90353e-28
0.738	1.85359e-28
0.7385	1.79715e-28
0.739	1.73828e-28
0.7395	1.67524e-28
0.74	1.60657e-28
0.7405	1.53606e-28
0.741	1.46222e-28
0.7415	1.38471e-28
0.742	1.30527e-28
0.7425	1.22225e-28
0.743	1.13883e-28
0.7435	1.05404e-28
0.744	9.67275e-29
0.7445	8.8129e-29
0.745	7.95061e-29
0.7455	7.10016e-29
0.746	6.25615e-29
0.7465	5.44002e-29
0.747	4.64536e-29
0.7475	3.88869e-29
0.748	3.17585e-29
0.7485	2.50945e-29
0.749	1.90429e-29
0.7495	1.36384e-29
0.75	9.0045e-30
0.7505	5.22623e-30
0.751	2.39313e-30
0.7515	6.16212e-31
0.752	1.64123e-35
0.7525	1.65013e-35
0.753	1.6591e-35
0.7535	1.66814e-35
0.754	1.68033e-35
0.7545	1.68954e-35
0.755	1.69881e-35
0.7555	1.70926e-35
0.756	1.72007e-35
0.7565	1.72959e-35
0.757	1.74031e-35
0.7575	1.74998e-35
0.758	1.75973e-35
0.7585	1.77073e-35
0.759	1.78064e-35
0.7595	1.79289e-35
0.76	1.80418e-35
0.7605	1.81437e-35
0.761	1.82464e-35
0.7615	1.83623e-35
0.762	1.84668e-35
0.7625	1.85721e-35
0.763	1.8691e-35
0.7635	1.87982e-35
0.764	1.89192e-35
0.7645	1.90283e-35
0.765	1.91384e-35
0.7655	1.92626e-35
0.766	1.93747e-35
0.7665	1.95012e-35
0.767	1.9589e-35
0.7675	1.97037e-35
0.768	1.98334e-35
0.7685	1.99503e-35
0.769	2.00824e-35
0.7695	2.02015e-35
0.77	2.0336e-35
0.7705	2.04291e-35
0.771	2.05659e-35
0.7715	2.06893e-35
0.772	2.08287e-35
0.7725	2.09544e-35
0.773	2.10667e-35
0.7735	2.11946e-35
0.774	2.13391e-35
0.7745	2.14387e-35
0.775	2.15753e-35
0.7755	2.17078e-35
0.776	2.18576e-35
0.7765	2.19607e-35
0.777	2.21132e-35
0.7775	2.22179e-35
0.778	2.23731e-35
0.7785	2.2513e-35
0.779	2.26376e-35
0.7795	2.278e-35
0.78	2.29066e-35
0.7805	2.30692e-35
0.781	2.32157e-35
0.7815	2.3346e-35
0.782	2.34952e-35
0.7825	2.36278e-35
0.783	2.37982e-35
0.7835	2.39147e-35
0.784	2.40733e-35
0.7845	2.42107e-35
0.785	2.43646e-35
0.7855	2.45238e-35
0.786	2.46612e-35
0.7865	2.48194e-35
0.787	2.49792e-35
0.7875	2.51205e-35
0.788	2.52831e-35
0.7885	2.5427e-35
0.789	2.55886e-35
0.7895	2.57559e-35
0.79	2.58996e-35
0.7905	2.60657e-35
0.791	2.62335e-35
0.7915	2.64029e-35
0.792	2.65521e-35
0.7925	2.67096e-35
0.793	2.68792e-35
0.7935	2.70325e-35
0.794	2.72051e-35
0.7945	2.73795e-35
0.795	2.75372e-35
0.7955	2.77149e-35
0.796	2.78894e-35
0.7965	2.80706e-35
0.797	2.82294e-35
0.7975	2.8409e-35
0.798	2.85953e-35
0.7985	2.87785e-35
0.799	2.89383e-35
0.7995	2.91301e-35
0.8	2.93186e-35
0.8005	2.95036e-35
0.801	2.96958e-35
0.8015	2.98636e-35
0.802	3.00539e-35
0.8025	3.02517e-35
0.803	3.04458e-35
0.8035	3.06419e-35
0.804	3.08123e-35
0.8045	3.1012e-35
0.805	3.12138e-35
0.8055	3.14177e-35
0.806	3.16237e-35
0.8065	3.17964e-35
0.807	3.2e-35
0.8075	3.2212e-35
0.808	3.24198e-35
0.8085	3.26297e-35
0.809	3.28204e-35
0.8095	3.30344e-35
0.81	3.32192e-35
0.8105	3.34306e-35
0.811	3.36509e-35
0.8115	3.38667e-35
0.812	3.40845e-35
0.8125	3.43117e-35
0.813	3.45342e-35
0.8135	3.47589e-35
0.814	3.4986e-35
0.8145	3.5208e-35
0.815	3.5405e-35
0.8155	3.56388e-35
0.816	3.58675e-35
0.8165	3.61062e-35
0.817	3.63396e-35
0.8175	3.65754e-35
0.818	3.68137e-35
0.8185	3.70545e-35
0.819	3.72978e-35
0.8195	3.75353e-35
0.82	3.77837e-35
0.8205	3.80262e-35
0.821	3.82799e-35
0.8215	3.85275e-35
0.822	3.87777e-35
0.8225	3.90306e-35
0.823	3.92861e-35
0.8235	3.95444e-35
0.824	3.98053e-35
0.8245	4.00294e-35
0.825	4.02956e-35
0.8255	4.0555e-35
0.826	4.08269e-35
0.8265	4.1092e-35
0.827	4.13598e-35
0.8275	4.16305e-35
0.828	4.19041e-35
0.8285	4.21703e-35
0.829	4.24497e-35
0.8295	4.27321e-35
0.83	4.29949e-35
0.8305	4.32833e-35
0.831	4.35639e-35
0.8315	4.38475e-35
0.832	4.41342e-35
0.8325	4.4424e-35
0.833	4.4768e-35
0.8335	4.50647e-35
0.834	4.53646e-35
0.8345	4.56559e-35
0.835	4.59624e-35
0.8355	4.626e-35
0.836	4.65608e-35
0.8365	4.68649e-35
0.837	4.71723e-35
0.8375	4.7483e-35
0.838	4.78544e-35
0.8385	4.81726e-35
0.839	4.84517e-35
0.8395	4.8763e-35
0.84	4.90915e-35
0.8405	4.94097e-35
0.841	4.97314e-35
0.8415	5.01329e-35
0.842	5.04626e-35
0.8425	5.07959e-35
0.843	5.11329e-35
0.8435	5.14717e-35
0.844	5.18295e-35
0.8445	5.21915e-35
0.845	5.25422e-35
0.8455	5.28968e-35
0.846	5.32716e-35
0.8465	5.36347e-35
0.847	5.40019e-35
0.8475	5.43735e-35
0.848	5.47495e-35
0.8485	5.51299e-35
0.849	5.54975e-35
0.8495	5.58868e-35
0.85	5.62884e-35
0.8505	5.66693e-35
0.851	5.70547e-35
0.8515	5.74708e-35
0.852	5.78656e-35
0.8525	5.82135e-35
0.853	5.8617e-35
0.8535	5.90337e-35
0.854	5.94273e-35
0.8545	5.9854e-35
0.855	6.02656e-35
0.8555	6.06942e-35
0.856	6.11159e-35
0.8565	6.15639e-35
0.857	6.19963e-35
0.8575	6.24339e-35
0.858	6.28677e-35
0.8585	6.33162e-35
0.859	6.3757e-35
0.8595	6.42166e-35
0.86	6.46821e-35
0.8605	6.51299e-35
0.861	6.56072e-35
0.8615	6.60663e-35
0.862	6.65311e-35
0.8625	6.7037e-35
0.863	6.7514e-35
0.8635	6.7997e-35
0.864	6.84708e-35
0.8645	6.8966e-35
0.865	6.93965e-35
0.8655	6.99038e-35
0.866	7.04014e-35
0.8665	7.09053e-35
0.867	7.14325e-35
0.8675	7.19498e-35
0.868	7.24737e-35
0.8685	7.30045e-35
0.869	7.35302e-35
0.8695	7.40751e-35
0.87	7.46273e-35
0.8705	7.51556e-35
0.871	7.57224e-35
0.8715	7.62648e-35
0.872	7.6847e-35
0.8725	7.74041e-35
0.873	7.79685e-35
0.8735	7.85404e-35
0.874	7.91687e-35
0.8745	7.97569e-35
0.875	8.03173e-35
0.8755	8.09357e-35
0.876	8.15482e-35
0.8765	8.20198e-35
0.877	8.26627e-35
0.8775	8.3261e-35
0.878	8.39221e-35
0.8785	8.45373e-35
0.879	8.5177e-35
0.8795	8.58256e-35
0.88	8.6467e-35
0.8805	8.71341e-35
0.881	8.78108e-35
0.8815	8.84803e-35
0.882	8.91325e-35
0.8825	8.98386e-35
0.883	9.05097e-35
0.8835	9.11901e-35
0.884	9.19274e-35
0.8845	9.26281e-35
0.885	9.33389e-35
0.8855	9.40601e-35
0.886	9.47919e-35
0.8865	9.55346e-35
0.887	9.61062e-35
0.8875	9.68688e-35
0.888	9.7643e-35
0.8885	9.83747e-35
0.889	9.91936e-35
0.8895	9.99478e-35
0.89	1.00735e-34
0.8905	1.01512e-34
0.891	1.02323e-34
0.8915	1.03124e-34
0.892	1.0396e-34
0.8925	1.04786e-34
0.893	1.05649e-34
0.8935	1.06462e-34
0.894	1.07327e-34
0.8945	1.08165e-34
0.895	1.09015e-34
0.8955	1.09948e-34
0.896	1.10827e-34
0.8965	1.11493e-34
0.897	1.12424e-34
0.8975	1.13314e-34
0.898	1.14247e-34
0.8985	1.15148e-34
0.899	1.16036e-34
0.8995	1.17014e-34
0.9	1.17929e-34
0.9005	1.1894e-34
0.901	1.19885e-34
0.9015	1.20846e-34
0.902	1.21854e-34
0.9025	1.22846e-34
0.903	1.23889e-34
0.9035	1.24915e-34
0.904	1.25959e-34
0.9045	1.27056e-34
0.905	1.28042e-34
0.9055	1.28913e-34
0.906	1.29965e-34
0.9065	1.31098e-34
0.907	1.32187e-34
0.9075	1.33295e-34
0.908	1.3449e-34
0.9085	1.35639e-34
0.909	1.36808e-34
0.9095	1.37885e-34
0.91	1.39095e-34
0.9105	1.40285e-34
0.911	1.4154e-34
0.9115	1.42741e-34
0.912	1.43998e-34
0.9125	1.45198e-34
0.913	1.46466e-34
0.9135	1.4771e-34
0.914	1.48631e-34
0.9145	1.49915e-34
0.915	1.51224e-34
0.9155	1.52609e-34
0.916	1.5397e-34
0.9165	1.55357e-34
0.917	1.56674e-34
0.9175	1.58115e-34
0.918	1.59428e-34
0.9185	1.60983e-34
0.919	1.6235e-34
0.9195	1.63801e-34
0.92	1.65221e-34
0.9205	1.6673e-34
0.921	1.6827e-34
0.9215	1.69332e-34
0.922	1.70929e-34
0.9225	1.7256e-34
0.923	1.74033e-34
0.9235	1.75663e-34
0.924	1.77197e-34
0.9245	1.78761e-34
0.925	1.44679e-58
0.9255	5.39718e-33
0.926	2.14509e-32
0.9265	4.79568e-32
0.927	8.47135e-32
0.9275	1.31523e-31
0.928	1.87954e-31
0.9285	3.40324e-31
0.929	4.43086e-31
0.9295	5.58243e-31
0.93	6.86878e-31
0.9305	8.27424e-31
0.931	9.80622e-31
0.9315	1.14583e-30
0.932	1.32473e-30
0.9325	1.51466e-30
0.933	1.71394e-30
0.9335	1.92731e-30
0.934	2.15177e-30
0.9345	1.71166e-30
0.935	1.87927e-30
0.9355	2.05722e-30
0.936	2.23835e-30
0.9365	2.42535e-30
0.937	2.62087e-30
0.9375	2.81931e-30
0.938	3.02308e-30
0.9385	3.23201e-30
0.939	3.44393e-30
0.9395	3.66253e-30
0.94	3.87885e-30
0.9405	5.81627e-30
0.941	6.163e-30
0.9415	6.51494e-30
0.942	6.87926e-30
0.9425	7.24802e-30
0.943	7.62323e-30
0.9435	8.00459e-30
0.944	8.39323e-30
0.9445	8.78935e-30
0.945	9.18912e-30
0.9455	9.59392e-30
0.946	6.64855e-30
0.9465	6.89396e-30
0.947	7.13389e-30
0.9475	7.37825e-30
0.948	7.6177e-30
0.9485	7.85969e-30
0.949	8.0937e-30
0.9495	8.33389e-30
0.95	8.57193e-30
0.9505	7.01112e-31
0.951	7.13456e-31
0.9515	7.24996e-31
0.952	7.35946e-31
0.9525	7.45432e-31
0.953	7.554e-31
0.9535	7.64457e-31
0.954	7.73146e-31
0.9545	7.81177e-31
0.955	1.06495e-29
0.9555	1.08406e-29
0.956	1.10402e-29
0.9565	1.1219e-29
0.957	1.13947e-29
0.9575	1.15594e-29
0.958	1.17291e-29
0.9585	1.18828e-29
0.959	1.19781e-29
0.9595	1.21145e-29
0.96	1.22566e-29
0.9605	1.23758e-29
0.961	1.25009e-29
0.9615	1.26015e-29
0.962	1.2714e-29
0.9625	1.27388e-29
0.963	1.28258e-29
0.9635	1.29091e-29
0.964	1.29765e-29
0.9645	1.30401e-29
0.965	1.30869e-29
0.9655	1.31299e-29
0.966	1.30947e-29
0.9665	1.31158e-29
0.967	1.31262e-29
0.9675	1.31471e-29
0.968	1.31279e-29
0.9685	1.31278e-29
0.969	1.3003e-29
0.9695	1.29727e-29
0.97	1.29407e-29
0.9705	1.28985e-29
0.971	1.28364e-29
0.9715	1.27735e-29
0.972	1.2629e-29
0.9725	1.25461e-29
0.973	1.24692e-29
0.9735	1.23944e-29
0.974	1.22719e-29
0.9745	1.20688e-29
0.975	1.1956e-29
0.9755	1.18643e-29
0.976	1.1723e-29
0.9765	1.15737e-29
0.977	1.13621e-29
0.9775	1.11991e-29
0.978	1.10149e-29
0.9785	1.08558e-29
0.979	1.05939e-29
0.9795	1.03769e-29
0.98	1.01577e-29
0.9805	9.93022e-30
0.981	9.61842e-30
0.9815	9.34536e-30
0.982	9.08018e-30
0.9825	8.69996e-30
0.983	8.38674e-30
0.9835	8.05668e-30
0.984	7.64616e-30
0.9845	7.28665e-30
