1	0.00215416
1.01	0.00216519
1.0201	0.00217609
1.0303	0.00218689
1.0406	0.00219759
1.05101	0.00220817
1.06152	0.00221866
1.07214	0.002229
1.08286	0.00223923
1.09369	0.00224931
1.10462	0.00225928
1.11567	0.0022691
1.12683	0.00227878
1.13809	0.00228834
1.14947	0.00229772
1.16097	0.00230698
1.17258	0.00231607
1.1843	0.00232499
1.19615	0.00233376
1.20811	0.00234237
1.22019	0.00235081
1.23239	0.00235905
1.24472	0.00236715
1.25716	0.00237504
1.26973	0.00238275
1.28243	0.00239031
1.29526	0.00239764
1.30821	0.00240477
1.32129	0.00241173
1.3345	0.00241848
1.34785	0.00242501
1.36133	0.00243135
1.37494	0.00243747
1.38869	0.00244338
1.40258	0.00244908
1.4166	0.00245455
1.43077	0.0024598
1.44508	0.00246483
1.45953	0.00246964
1.47412	0.0024742
1.48886	0.00247854
1.50375	0.00248264
1.51879	0.00248651
1.53398	0.00249014
1.54932	0.00249352
1.56481	0.00249666
1.58046	0.00249957
1.59626	0.00250222
1.61223	0.00250462
1.62835	0.00250677
1.64463	0.00250868
1.66108	0.00251033
1.67769	0.00251173
1.69447	0.00251288
1.71141	0.00251377
1.72852	0.00251441
1.74581	0.00251479
1.76327	0.00251491
1.7809	0.00251478
1.79871	0.00251439
1.8167	0.00251374
1.83486	0.00251283
1.85321	0.00251167
1.87174	0.00251025
1.89046	0.00250857
1.90937	0.00250664
1.92846	0.00250445
1.94774	0.002502
1.96722	0.00249932
1.98689	0.00249637
2.00676	0.00249317
2.02683	0.00248973
2.0471	0.00248602
2.06757	0.00248209
2.08825	0.00247789
2.10913	0.00247346
2.13022	0.00246879
2.15152	0.00246387
2.17304	0.00245872
2.19477	0.00245332
2.21672	0.0024477
2.23888	0.00244184
2.26127	0.00243575
2.28388	0.00242945
2.30672	0.00242293
2.32979	0.00241617
2.35309	0.0024092
2.37662	0.00240202
2.40038	0.00239463
2.42439	0.00238701
2.44863	0.00237919
2.47312	0.00237119
2.49785	0.00236298
2.52283	0.00235456
2.54806	0.00234597
2.57354	0.00233716
2.59927	0.00232819
2.62527	0.00231902
2.65152	0.00230969
2.67803	0.00230019
2.70481	0.00229051
2.73186	0.00228068
2.75918	0.00227065
2.78677	0.0022605
2.81464	0.00225016
2.84279	0.00223968
2.87121	0.00222906
2.89993	0.00221829
2.92893	0.00220738
2.95822	0.00219633
2.9878	0.00218517
3.01768	0.00217386
3.04785	0.00216242
3.07833	0.00215091
3.10911	0.0021392
3.1402	0.00212743
3.17161	0.00211556
3.20332	0.00210357
3.23536	0.00209147
3.26771	0.00207929
3.30039	0.002067
3.33339	0.00205464
3.36672	0.00204218
3.40039	0.00202963
3.4344	0.00201703
3.46874	0.00200435
3.50343	0.00199158
3.53846	0.00197875
3.57385	0.00196589
3.60958	0.00195292
3.64568	0.00193993
3.68214	0.00192688
3.71896	0.00191378
3.75615	0.00190063
3.79371	0.00188745
3.83165	0.00187421
3.86996	0.00186095
3.90866	0.00184765
3.94775	0.00183434
3.98723	0.00182101
4.0271	0.00180763
4.06737	0.00179423
4.10804	0.00178085
4.14912	0.00176743
4.19062	0.00175399
4.23252	0.00174057
4.27485	0.00172712
4.3176	0.00171369
4.36077	0.00170025
4.40438	0.00168683
4.44842	0.0016734
4.49291	0.00165998
4.53784	0.00164656
4.58321	0.00163316
4.62905	0.00161979
4.67534	0.00160643
4.72209	0.00159308
4.76931	0.00157978
4.817	0.00156649
4.86517	0.00155323
4.91383	0.00154
4.96296	0.00152678
5.01259	0.00151364
5.06272	0.00150048
5.11335	0.00148739
5.16448	0.00147434
5.21613	0.00146133
5.26829	0.00144835
5.32097	0.00143541
5.37418	0.00142253
5.42792	0.00140969
5.4822	0.0013969
5.53702	0.00138417
5.59239	0.00137148
5.64832	0.00135885
5.7048	0.00134627
5.76185	0.00133373
5.81947	0.00132127
5.87766	0.00130885
5.93644	0.00129651
5.9958	0.00128421
6.05576	0.00127199
6.11632	0.00125982
6.17748	0.0012477
6.23926	0.00123565
6.30165	0.00122368
6.36466	0.00121177
6.42831	0.00119992
6.49259	0.00118816
6.55752	0.00117644
6.6231	0.00116481
6.68933	0.00115323
6.75622	0.00114175
6.82378	0.0011303
6.89202	0.00111894
6.96094	0.00110765
7.03055	0.00109644
7.10085	0.00108529
7.17186	0.00107422
7.24358	0.00106323
7.31602	0.00105231
7.38918	0.00104145
7.46307	0.0010307
7.5377	0.00101998
7.61308	0.00100937
7.68921	0.000998821
7.7661	0.000988354
7.84376	0.00097795
7.9222	0.000967637
8.00142	0.000957389
8.08144	0.000947225
8.16225	0.000937127
8.24387	0.000927113
8.32631	0.000917176
8.40957	0.000907323
8.49367	0.000897536
8.57861	0.000887824
8.66439	0.000878205
8.75104	0.000868634
8.83855	0.000859164
8.92693	0.000849767
9.0162	0.000840442
9.10636	0.0008312
9.19743	0.000822026
9.2894	0.000812928
9.3823	0.000803911
9.47612	0.000794968
9.57088	0.000786104
9.66659	0.000777324
9.76325	0.000768602
9.86089	0.000759957
9.9595	0.000751395
10.0591	0.000742907
10.1597	0.000734489
10.2613	0.000726151
10.3639	0.000717885
10.4675	0.000709691
10.5722	0.000701574
10.6779	0.000693535
10.7847	0.000685559
10.8926	0.000677655
11.0015	0.000669827
11.1115	0.000662075
11.2226	0.000654395
11.3348	0.000646783
11.4482	0.000639236
11.5627	0.000631774
11.6783	0.000624372
11.7951	0.000617044
11.913	0.000609788
12.0322	0.000602592
12.1525	0.000595482
12.274	0.000588421
12.3967	0.000581442
12.5207	0.000574526
12.6459	0.000567683
12.7724	0.000560898
12.9001	0.000554184
13.0291	0.00054754
13.1594	0.000540955
13.291	0.000534439
13.4239	0.000527989
13.5581	0.000521605
13.6937	0.000515283
13.8307	0.000509026
13.969	0.000502828
14.1086	0.000496699
14.2497	0.000490626
14.3922	0.000484625
14.5362	0.000478681
14.6815	0.000472795
14.8283	0.000466976
14.9766	0.000461209
15.1264	0.000455506
15.2776	0.000449865
15.4304	0.000444286
15.5847	0.000438757
15.7406	0.000433297
15.898	0.000427888
16.057	0.000422536
16.2175	0.000417242
16.3797	0.000412008
16.5435	0.000406825
16.7089	0.000401699
16.876	0.000396629
17.0448	0.000391614
17.2152	0.000386653
17.3874	0.000381748
17.5613	0.000376892
17.7369	0.000372094
17.9142	0.000367346
18.0934	0.000362652
18.2743	0.000358006
18.4571	0.000353415
18.6416	0.000348875
18.828	0.000344382
19.0163	0.000339942
19.2065	0.000335551
19.3986	0.000331206
19.5925	0.000326917
19.7885	0.000322669
19.9864	0.000318472
20.1862	0.000314323
20.3881	0.000310222
20.592	0.000306164
20.7979	0.000302154
21.0059	0.000298193
21.2159	0.000294268
21.4281	0.000290396
21.6424	0.000286569
21.8588	0.000282784
22.0774	0.000279043
22.2981	0.000275344
22.5211	0.000271689
22.7463	0.000268076
22.9738	0.000264504
23.2035	0.000260977
23.4356	0.00025749
23.6699	0.000254043
23.9066	0.000250636
24.1457	0.000247269
24.3871	0.000243942
24.631	0.000240657
24.8773	0.000237409
25.1261	0.0002342
25.3774	0.000231028
25.6311	0.000227895
25.8874	0.0002248
26.1463	0.000221742
26.4078	0.000218719
26.6719	0.000215733
26.9386	0.000212785
27.208	0.00020987
27.48	0.000206991
27.7548	0.000204146
28.0324	0.000201338
28.3127	0.000198562
28.5958	0.00019582
28.8818	0.000193114
29.1706	0.000190437
29.4623	0.000187797
29.757	0.000185186
30.0545	0.00018261
30.3551	0.000180063
30.6586	0.00017755
30.9652	0.000175066
31.2749	0.000172614
31.5876	0.000170193
31.9035	0.000167801
32.2225	0.000165439
32.5447	0.000163108
32.8702	0.000160804
33.1989	0.00015853
33.5309	0.000156284
33.8662	0.000154066
34.2049	0.000151877
34.5469	0.000149714
34.8924	0.000147581
35.2413	0.000145473
35.5937	0.000143391
35.9496	0.000141338
36.3091	0.000139308
36.6722	0.000137306
37.039	0.000135329
37.4093	0.000133378
37.7834	0.000131451
38.1613	0.00012955
38.5429	0.000127672
38.9283	0.000125818
39.3176	0.000123989
39.7108	0.000122184
40.1079	0.000120402
40.509	0.000118642
40.914	0.000116905
41.3232	0.000115192
41.7364	0.0001135
42.1538	0.000111831
42.5753	0.000110182
43.0011	0.000108557
43.4311	0.000106952
43.8654	0.000105368
44.304	0.000103805
44.7471	0.000102264
45.1946	0.000100742
45.6465	9.92398e-05
46.103	9.77585e-05
46.564	9.62961e-05
47.0296	9.48533e-05
47.4999	9.34298e-05
47.9749	9.20255e-05
48.4547	9.06392e-05
48.9392	8.92717e-05
49.4286	8.7924e-05
49.9229	8.65925e-05
50.4221	8.52796e-05
50.9264	8.39847e-05
51.4356	8.27061e-05
51.95	8.14457e-05
52.4695	8.02027e-05
52.9942	7.89761e-05
53.5241	7.77651e-05
54.0594	7.65724e-05
54.6	7.53949e-05
55.146	7.42341e-05
55.6974	7.30883e-05
56.2544	7.19582e-05
56.8169	7.08443e-05
57.3851	6.97452e-05
57.9589	6.86616e-05
58.5385	6.75924e-05
59.1239	6.65385e-05
59.7152	6.54994e-05
60.3123	6.44741e-05
60.9154	6.34633e-05
61.5246	6.24661e-05
62.1398	6.14835e-05
62.7612	6.05139e-05
63.3888	5.95583e-05
64.0227	5.86157e-05
64.663	5.76866e-05
65.3096	5.67707e-05
65.9627	5.58673e-05
66.6223	5.49772e-05
67.2885	5.40987e-05
67.9614	5.32337e-05
68.641	5.23805e-05
69.3275	5.15388e-05
70.0207	5.071e-05
70.7209	4.98925e-05
71.4281	4.90867e-05
72.1424	4.82926e-05
72.8638	4.75098e-05
73.5925	4.67381e-05
74.3284	4.59778e-05
75.0717	4.52278e-05
75.8224	4.4489e-05
76.5806	4.3761e-05
77.3464	4.30435e-05
78.1199	4.23364e-05
78.9011	4.16394e-05
79.6901	4.09526e-05
80.487	4.0276e-05
81.2919	3.96089e-05
82.1048	3.89518e-05
82.9259	3.83045e-05
83.7551	3.76663e-05
84.5927	3.70378e-05
85.4386	3.64185e-05
86.293	3.58082e-05
87.1559	3.52072e-05
88.0275	3.46148e-05
88.9077	3.40314e-05
89.7968	3.34564e-05
90.6948	3.28904e-05
91.6017	3.23326e-05
92.5178	3.17832e-05
93.4429	3.12419e-05
94.3774	3.0709e-05
95.3211	3.0184e-05
96.2743	2.96667e-05
97.2371	2.91575e-05
98.2095	2.86558e-05
99.1916	2.81618e-05
100.183	2.76753e-05
101.185	2.71961e-05
102.197	2.67244e-05
103.219	2.62597e-05
104.251	2.58024e-05
105.294	2.53518e-05
106.347	2.49083e-05
107.41	2.44716e-05
108.484	2.40417e-05
109.569	2.36185e-05
110.665	2.32016e-05
111.772	2.27915e-05
112.889	2.23876e-05
114.018	2.19899e-05
115.158	2.15985e-05
116.31	2.12133e-05
117.473	2.08341e-05
118.648	2.04609e-05
119.834	2.00936e-05
121.033	1.9732e-05
122.243	1.9376e-05
123.465	1.90259e-05
124.7	1.86812e-05
125.947	1.8342e-05
127.206	1.80084e-05
128.478	1.768e-05
129.763	1.73567e-05
131.061	1.70388e-05
132.372	1.67259e-05
133.695	1.64181e-05
135.032	1.61152e-05
136.383	1.58173e-05
137.746	1.55241e-05
139.124	1.52359e-05
140.515	1.49522e-05
141.92	1.46732e-05
143.339	1.43988e-05
144.773	1.41289e-05
146.221	1.38634e-05
147.683	1.36023e-05
149.16	1.33454e-05
150.651	1.30929e-05
152.158	1.28444e-05
153.679	1.26002e-05
155.216	1.23599e-05
156.768	1.21238e-05
158.336	1.18916e-05
159.919	1.16632e-05
161.518	1.14388e-05
163.134	1.12181e-05
164.765	1.10011e-05
166.413	1.07878e-05
168.077	1.05781e-05
169.757	1.0372e-05
171.455	1.01694e-05
173.17	9.97022e-06
174.901	9.7745e-06
176.65	9.58215e-06
178.417	9.39309e-06
180.201	9.20728e-06
182.003	9.02466e-06
183.823	8.84523e-06
185.661	8.66894e-06
187.518	8.49569e-06
189.393	8.32548e-06
191.287	8.15825e-06
193.2	7.99393e-06
195.132	7.83254e-06
197.083	7.67395e-06
199.054	7.51821e-06
201.045	7.3652e-06
203.055	7.21491e-06
205.086	7.0673e-06
207.136	6.92232e-06
209.208	6.77994e-06
211.3	6.64013e-06
213.413	6.50281e-06
215.547	6.36797e-06
217.702	6.23557e-06
219.879	6.10557e-06
222.078	5.97794e-06
224.299	5.85263e-06
226.542	5.7296e-06
228.807	5.60887e-06
231.095	5.49031e-06
233.406	5.37393e-06
235.741	5.25971e-06
238.098	5.14761e-06
240.479	5.03759e-06
242.884	4.92961e-06
245.313	4.82363e-06
247.766	4.71968e-06
250.243	4.61764e-06
252.746	4.51755e-06
255.273	4.41932e-06
257.826	4.32298e-06
260.404	4.22844e-06
263.008	4.13571e-06
265.638	4.04475e-06
268.295	3.95552e-06
270.978	3.86804e-06
273.687	3.78218e-06
276.424	3.69803e-06
279.189	3.61548e-06
281.98	3.53453e-06
284.8	3.45516e-06
287.648	3.37735e-06
290.525	3.30107e-06
293.43	3.22627e-06
296.364	3.15295e-06
299.328	3.08109e-06
302.321	3.01065e-06
305.344	2.94159e-06
308.398	2.87392e-06
311.482	2.80761e-06
314.597	2.74263e-06
317.743	2.67895e-06
320.92	2.61655e-06
324.129	2.55541e-06
327.37	2.49552e-06
330.644	2.43685e-06
333.951	2.37937e-06
337.29	2.32306e-06
340.663	2.26794e-06
344.07	2.21394e-06
347.51	2.16105e-06
350.985	2.10927e-06
354.495	2.05857e-06
358.04	2.00891e-06
361.621	1.9603e-06
365.237	1.91272e-06
368.889	1.86613e-06
372.578	1.82053e-06
376.304	1.77591e-06
380.067	1.73223e-06
383.868	1.68949e-06
387.706	1.64766e-06
391.583	1.60673e-06
395.499	1.56669e-06
399.454	1.52751e-06
403.449	1.48918e-06
407.483	1.4517e-06
411.558	1.41504e-06
415.674	1.37918e-06
419.83	1.34411e-06
424.029	1.30981e-06
428.269	1.27628e-06
432.552	1.24349e-06
436.877	1.21143e-06
441.246	1.1801e-06
445.658	1.14947e-06
450.115	1.11953e-06
454.616	1.09027e-06
459.162	1.06168e-06
463.754	1.03375e-06
468.391	1.00645e-06
473.075	9.79775e-07
477.806	9.5372e-07
482.584	9.28269e-07
487.41	9.03411e-07
492.284	8.79135e-07
497.207	8.55426e-07
502.179	8.32274e-07
507.201	8.09667e-07
512.273	7.87599e-07
517.396	7.66058e-07
522.57	7.45028e-07
527.795	7.24503e-07
533.073	7.04472e-07
538.404	6.84926e-07
543.788	6.65854e-07
549.226	6.47245e-07
554.718	6.2909e-07
560.265	6.11383e-07
565.868	5.94112e-07
571.527	5.77268e-07
577.242	5.60842e-07
583.014	5.44825e-07
588.844	5.2921e-07
594.733	5.13987e-07
600.68	4.99148e-07
606.687	4.84685e-07
612.754	4.70587e-07
618.881	4.5685e-07
625.07	4.43468e-07
631.321	4.30429e-07
637.634	4.17728e-07
644.011	4.05353e-07
650.451	3.93304e-07
656.955	3.81568e-07
663.525	3.70142e-07
670.16	3.59016e-07
676.862	3.48185e-07
683.63	3.37643e-07
690.466	3.27382e-07
697.371	3.17396e-07
704.345	3.07679e-07
711.388	2.98223e-07
718.502	2.89025e-07
725.687	2.8008e-07
732.944	2.71377e-07
740.273	2.62915e-07
747.676	2.54686e-07
755.153	2.46685e-07
762.705	2.38906e-07
770.332	2.31345e-07
778.035	2.23996e-07
785.815	2.16854e-07
793.673	2.09915e-07
801.61	2.03173e-07
809.626	1.96623e-07
817.722	1.90262e-07
825.9	1.84083e-07
834.159	1.78083e-07
842.5	1.72257e-07
850.925	1.66601e-07
859.435	1.61111e-07
868.029	1.55782e-07
876.709	1.5061e-07
885.476	1.45592e-07
894.331	1.40724e-07
903.274	1.36001e-07
912.307	1.31419e-07
921.43	1.26976e-07
930.644	1.22668e-07
939.951	1.1849e-07
949.35	1.1444e-07
958.844	1.10515e-07
968.432	1.0671e-07
978.117	1.03023e-07
987.898	9.94503e-08
997.777	9.59897e-08
1007.75	9.26368e-08
1017.83	8.93893e-08
1028.01	8.62448e-08
1038.29	8.31999e-08
1048.67	8.02521e-08
1059.16	7.73985e-08
1069.75	7.46368e-08
1080.45	7.19639e-08
1091.25	6.93777e-08
1102.17	6.68754e-08
1113.19	6.44553e-08
1124.32	6.21142e-08
1135.56	5.985e-08
1146.92	5.7661e-08
1158.39	5.55446e-08
1169.97	5.34987e-08
1181.67	5.1521e-08
1193.49	4.961e-08
1205.42	4.77634e-08
1217.48	4.59796e-08
1229.65	4.42562e-08
1241.95	4.25919e-08
1254.37	4.09845e-08
1266.91	3.94325e-08
1279.58	3.79342e-08
1292.38	3.6488e-08
1305.3	3.50921e-08
1318.35	3.37447e-08
1331.54	3.2445e-08
1344.85	3.11911e-08
1358.3	2.99814e-08
1371.88	2.88147e-08
1385.6	2.76897e-08
1399.46	2.66049e-08
1413.45	2.55592e-08
1427.59	2.45512e-08
1441.86	2.35797e-08
1456.28	2.26435e-08
1470.85	2.17415e-08
1485.55	2.08726e-08
1500.41	2.00357e-08
1515.41	1.92296e-08
1530.57	1.84534e-08
1545.87	1.7706e-08
1561.33	1.69867e-08
1576.95	1.62942e-08
1592.71	1.56277e-08
1608.64	1.49864e-08
1624.73	1.43695e-08
1640.98	1.3776e-08
1657.39	1.32052e-08
1673.96	1.26562e-08
1690.7	1.21282e-08
1707.61	1.16208e-08
1724.68	1.11329e-08
1741.93	1.06641e-08
1759.35	1.02135e-08
1776.94	9.78054e-09
1794.71	9.36459e-09
1812.66	8.96504e-09
1830.78	8.58129e-09
1849.09	8.21278e-09
1867.58	7.85895e-09
1886.26	7.5193e-09
1905.12	7.19325e-09
1924.17	6.88034e-09
1943.41	6.58005e-09
1962.85	6.29193e-09
1982.48	6.01558e-09
2002.3	5.75048e-09
2022.32	5.49625e-09
2042.55	5.25247e-09
2062.97	5.01874e-09
2083.6	4.79468e-09
2104.44	4.57992e-09
2125.48	4.37413e-09
2146.74	4.17692e-09
2168.21	3.988e-09
2189.89	3.80703e-09
2211.79	3.6337e-09
2233.9	3.46774e-09
2256.24	3.3088e-09
2278.81	3.15668e-09
2301.59	3.01107e-09
2324.61	2.8717e-09
2347.86	2.73835e-09
2371.34	2.61076e-09
2395.05	2.48872e-09
2419	2.37198e-09
2443.19	2.26034e-09
2467.62	2.15361e-09
2492.3	2.05156e-09
2517.22	1.95402e-09
2542.39	1.86081e-09
2567.82	1.77173e-09
2593.49	1.68663e-09
2619.43	1.60534e-09
2645.62	1.5277e-09
2672.08	1.45356e-09
2698.8	1.38278e-09
2725.79	1.3152e-09
2753.05	1.2507e-09
2780.58	1.18914e-09
2808.38	1.13041e-09
2836.47	1.07438e-09
2864.83	1.02094e-09
2893.48	9.69971e-10
2922.41	9.21367e-10
2951.64	8.75039e-10
2981.15	8.30879e-10
3010.97	7.88792e-10
3041.08	7.48694e-10
3071.49	7.10491e-10
3102.2	6.74106e-10
3133.22	6.39451e-10
3164.56	6.0646e-10
3196.2	5.75045e-10
3228.16	5.45151e-10
3260.45	5.167e-10
3293.05	4.89632e-10
3325.98	4.6388e-10
3359.24	4.3939e-10
3392.83	4.16099e-10
3426.76	3.9396e-10
3461.03	3.72915e-10
3495.64	3.52915e-10
3530.59	3.33912e-10
3565.9	3.15864e-10
3601.56	2.98722e-10
3637.58	2.82442e-10
3673.95	2.66989e-10
3710.69	2.52318e-10
3747.8	2.384e-10
3785.28	2.25193e-10
3823.13	2.12666e-10
3861.36	2.00786e-10
3899.97	1.89521e-10
3938.97	1.78844e-10
3978.36	1.68726e-10
4018.15	1.59138e-10
4058.33	1.50058e-10
4098.91	1.41458e-10
4139.9	1.33316e-10
4181.3	1.2561e-10
4223.11	1.18315e-10
4265.34	1.11415e-10
4308	1.04888e-10
4351.08	9.8716e-11
4394.59	9.28805e-11
4438.53	8.73646e-11
4482.92	8.2153e-11
4527.75	7.72292e-11
4573.03	7.25793e-11
4618.76	6.819e-11
4664.94	6.40462e-11
4711.59	6.0136e-11
4758.71	5.64475e-11
4806.3	5.29689e-11
4854.36	4.96895e-11
4902.9	4.65977e-11
4951.93	4.3685e-11
5001.45	4.09408e-11
5051.46	3.83565e-11
5101.98	3.59235e-11
5153	3.36335e-11
5204.53	3.14785e-11
5256.57	2.94519e-11
5309.14	2.75461e-11
5362.23	2.5755e-11
5415.85	2.40717e-11
5470.01	2.24906e-11
5524.71	2.10059e-11
5579.96	1.96121e-11
5635.76	1.83042e-11
5692.12	1.7077e-11
5749.04	1.59264e-11
5806.53	1.48476e-11
5864.59	1.38367e-11
5923.24	1.28896e-11
5982.47	1.20025e-11
6042.3	1.11721e-11
6102.72	1.0395e-11
6163.75	9.66815e-12
6225.38	8.98856e-12
6287.64	8.35326e-12
6350.51	7.7597e-12
6414.02	7.20535e-12
6478.16	6.68779e-12
6542.94	6.2048e-12
6608.37	5.75418e-12
6674.45	5.33403e-12
6741.2	4.94239e-12
6808.61	4.57743e-12
6876.7	4.23754e-12
6945.46	3.92107e-12
7014.92	3.62658e-12
7085.07	3.35266e-12
7155.92	3.09801e-12
7227.48	2.86138e-12
7299.75	2.64158e-12
7372.75	2.43749e-12
7446.48	2.24811e-12
7520.94	2.07242e-12
7596.15	1.90953e-12
7672.11	1.75856e-12
7748.83	1.61874e-12
7826.32	1.48927e-12
7904.59	1.36945e-12
7983.63	1.25861e-12
8063.47	1.15613e-12
8144.1	1.06142e-12
8225.54	9.73976e-13
8307.8	8.93254e-13
8390.88	8.18786e-13
8474.79	7.5011e-13
8559.53	6.86819e-13
8645.13	6.28522e-13
8731.58	5.74847e-13
8818.9	5.25467e-13
8907.09	4.80053e-13
8996.16	4.38311e-13
9086.12	3.99965e-13
9176.98	3.64755e-13
9268.75	3.32447e-13
9361.44	3.02815e-13
9455.05	2.75654e-13
9549.6	2.50779e-13
9645.1	2.28011e-13
9741.55	2.07181e-13
9838.96	1.88136e-13
9937.35	1.70735e-13
10036.7	1.54843e-13
10137.1	1.40342e-13
10238.5	1.27116e-13
10340.9	1.15062e-13
10444.3	1.04081e-13
10548.7	9.40856e-14
10654.2	8.49917e-14
10760.7	7.67242e-14
10868.3	6.9212e-14
10977	6.23917e-14
11086.8	5.62045e-14
11197.7	5.0596e-14
11309.6	4.55144e-14
11422.7	4.09139e-14
11537	3.67521e-14
11652.3	3.29894e-14
11768.9	2.95901e-14
11886.5	2.65216e-14
12005.4	2.37535e-14
12125.5	2.12579e-14
12246.7	1.90101e-14
12369.2	1.69865e-14
12492.9	1.51663e-14
12617.8	1.35302e-14
12744	1.2061e-14
12871.4	1.07428e-14
13000.1	9.56106e-15
13130.1	8.50232e-15
13261.4	7.5546e-15
13394.1	6.70703e-15
13528	5.9495e-15
13663.3	5.27307e-15
13799.9	4.66957e-15
13937.9	4.13156e-15
14077.3	3.65234e-15
14218.1	3.22587e-15
14360.2	2.84662e-15
14503.8	2.50964e-15
14648.9	2.2105e-15
14795.4	1.94524e-15
14943.3	1.71025e-15
15092.8	1.50225e-15
15243.7	1.31828e-15
15396.1	1.15577e-15
15550.1	1.01231e-15
15705.6	8.85795e-16
15862.6	7.74338e-16
16021.3	6.7623e-16
16181.5	5.89966e-16
16343.3	5.14183e-16
16506.7	4.47675e-16
16671.8	3.89361e-16
16838.5	3.38278e-16
17006.9	2.93585e-16
17177	2.54525e-16
17348.7	2.20425e-16
17522.2	1.90687e-16
17697.4	1.6478e-16
17874.4	1.42234e-16
18053.2	1.22635e-16
18233.7	1.05618e-16
18416	9.08568e-17
18600.2	7.80685e-17
18786.2	6.70016e-17
18974.1	5.74351e-17
19163.8	4.9175e-17
19355.4	4.20511e-17
19549	3.59137e-17
19744.5	3.06339e-17
19941.9	2.60976e-17
20141.3	2.22048e-17
20342.7	1.88685e-17
20546.2	1.60126e-17
20751.6	1.35712e-17
20959.2	1.14867e-17
21168.7	9.70946e-18
21380.4	8.196e-18
21594.2	6.90894e-18
21810.2	5.81589e-18
22028.3	4.88887e-18
22248.6	4.10373e-18
22471.1	3.43966e-18
22695.8	2.87873e-18
22922.7	2.40573e-18
23151.9	2.00743e-18
23383.5	1.67255e-18
23617.3	1.39141e-18
23853.5	1.15574e-18
24092	9.58484e-19
24332.9	7.93637e-19
24576.3	6.56088e-19
24822	5.41503e-19
25070.2	4.46196e-19
25320.9	3.67052e-19
25574.2	3.01439e-19
25829.9	2.47132e-19
26088.2	2.02255e-19
26349.1	1.65235e-19
26612.6	1.34752e-19
26878.7	1.09697e-19
27147.5	8.91396e-20
27419	7.23021e-20
27693.1	5.85369e-20
27970.1	4.73038e-20
28249.8	3.81539e-20
28532.3	3.0715e-20
28817.6	2.46785e-20
29105.8	1.97897e-20
29396.8	1.58378e-20
29690.8	1.26496e-20
29987.7	1.00826e-20
30287.6	8.01983e-21
30590.5	6.36567e-21
30896.4	5.04206e-21
31205.3	3.98516e-21
31517.4	3.14303e-21
31832.6	2.47345e-21
32150.9	1.94222e-21
32472.4	1.52169e-21
32797.1	1.18952e-21
33125.1	9.27744e-22
33456.3	7.21907e-22
33790.9	5.60425e-22
34128.8	4.34039e-22
34470.1	3.35352e-22
34814.8	2.58477e-22
35162.9	1.98732e-22
35514.6	1.52417e-22
35869.7	1.16603e-22
36228.4	8.8979e-23
36590.7	6.77257e-23
36956.6	5.14155e-23
37326.2	3.89313e-23
37699.4	2.94004e-23
38076.4	2.21434e-23
38457.2	1.66326e-23
38841.8	1.24592e-23
39230.2	9.30713e-24
39622.5	6.93309e-24
40018.7	5.15003e-24
40418.9	3.81458e-24
40823.1	2.8172e-24
41231.3	2.07451e-24
41643.6	1.5231e-24
42060.1	1.11492e-24
42480.7	8.13661e-25
42905.5	5.91995e-25
43334.5	4.29388e-25
43767.9	3.10475e-25
44205.6	2.23786e-25
44647.6	1.60788e-25
45094.1	1.15153e-25
45545	8.22018e-26
46000.5	5.84866e-26
46460.5	4.1475e-26
46925.1	2.93125e-26
47394.3	2.06459e-26
47868.3	1.44917e-26
48347	1.01366e-26
48830.4	7.06553e-27
49318.7	4.90742e-27
49811.9	3.39628e-27
50310	2.34196e-27
50813.1	1.60903e-27
51321.3	1.10139e-27
51834.5	7.51095e-28
52352.8	5.10277e-28
52876.4	3.45349e-28
53405.1	2.32829e-28
53939.2	1.56358e-28
54478.6	1.0459e-28
55023.4	6.96824e-29
55573.6	4.62389e-29
56129.3	3.05581e-29
56690.6	2.01122e-29
57257.5	1.31823e-29
57830.1	8.60396e-30
58408.4	5.59198e-30
58992.5	3.61887e-30
59582.4	2.33186e-30
60178.2	1.496e-30
60780	9.55531e-31
61387.8	6.07603e-31
62001.7	3.84625e-31
62621.7	2.4237e-31
63247.9	1.52026e-31
63880.4	9.49149e-32
64519.2	5.89808e-32
65164.4	3.64776e-32
65816	2.24522e-32
66474.2	1.37527e-32
67138.9	8.38287e-33
67810.3	5.08453e-33
68488.4	3.0686e-33
69173.3	1.84263e-33
69865.1	1.10084e-33
70563.7	6.54296e-34
71269.3	3.86871e-34
71982	2.27551e-34
72701.9	1.33133e-34
73428.9	7.74751e-35
74163.2	4.48419e-35
74904.8	2.58125e-35
75653.8	1.47767e-35
76410.4	8.41196e-36
77174.5	4.76178e-36
77946.2	2.6802e-36
78725.7	1.49991e-36
79513	8.34528e-37
80308.1	4.61599e-37
81111.2	2.53813e-37
81922.3	1.38727e-37
82741.5	7.53668e-38
83568.9	4.06954e-38
84404.6	2.18388e-38
85248.6	1.16467e-38
86101.1	6.17215e-39
86962.1	3.25018e-39
87831.8	1.70054e-39
88710.1	8.83988e-40
89597.2	4.56517e-40
90493.2	2.34202e-40
91398.1	1.19348e-40
92312.1	6.04098e-41
93235.2	3.03692e-41
94167.5	1.51623e-41
95109.2	7.51744e-42
96060.3	3.70101e-42
97020.9	1.80919e-42
97991.1	8.78074e-43
98971	4.23085e-43
99960.7	2.02368e-43
