290.985	1.16861e-33
290.989	6.56541e-33
290.995	2.50415e-32
290.905	7.48412e-32
290.916	1.88681e-31
290.831	4.20761e-31
290.844	8.52092e-31
290.762	1.60458e-30
290.778	2.84166e-30
290.699	4.79296e-30
290.718	7.74469e-30
290.642	1.20889e-29
290.567	1.82843e-29
290.495	2.69461e-29
290.423	3.87886e-29
290.352	5.4685e-29
290.284	7.5616e-29
290.217	1.02911e-28
290.152	1.37968e-28
290.087	1.82313e-28
290.024	2.38122e-28
289.866	3.07579e-28
289.805	3.9306e-28
289.746	4.97476e-28
289.592	6.24209e-28
289.536	7.7658e-28
289.384	9.59002e-28
289.233	1.17675e-27
289.182	1.43162e-27
289.033	1.73405e-27
288.886	2.08635e-27
288.838	2.49567e-27
288.694	2.97058e-27
288.55	3.5213e-27
288.408	4.15138e-27
288.269	4.87256e-27
288.127	5.69996e-27
287.989	6.63594e-27
287.853	7.70253e-27
287.616	8.91137e-27
287.48	1.02632e-26
287.348	1.17907e-26
287.213	1.34929e-26
286.983	1.54113e-26
286.852	1.7533e-26
286.621	1.99306e-26
286.493	2.25526e-26
286.266	2.54837e-26
286.139	2.86943e-26
285.912	3.22701e-26
285.688	3.62393e-26
285.562	4.05312e-26
285.339	4.52873e-26
285.116	5.05003e-26
284.893	5.62046e-26
284.774	6.23648e-26
284.551	6.91556e-26
284.333	7.66118e-26
284.113	8.46611e-26
283.894	9.34036e-26
283.676	1.02886e-25
283.458	1.13158e-25
283.241	1.2427e-25
283.024	1.36277e-25
282.707	1.49406e-25
282.49	1.63392e-25
282.275	1.78453e-25
282.06	1.9465e-25
281.743	2.12301e-25
281.531	2.30812e-25
281.316	2.50855e-25
280.999	2.72641e-25
280.788	2.95639e-25
280.575	3.20235e-25
280.258	3.46923e-25
280.047	3.74995e-25
279.732	4.05418e-25
279.52	4.37006e-25
279.205	4.71545e-25
278.888	5.0836e-25
278.677	5.46887e-25
278.363	5.8851e-25
278.152	6.31485e-25
277.836	6.784e-25
277.52	7.28202e-25
277.204	7.81029e-25
276.992	8.3533e-25
276.676	8.94534e-25
276.36	9.57221e-25
276.044	1.02269e-24
275.831	1.09144e-24
275.515	1.16539e-24
275.197	1.24248e-24
274.88	1.32488e-24
274.56	1.41182e-24
274.241	1.50224e-24
273.922	1.59877e-24
273.71	1.69832e-24
273.389	1.80372e-24
273.069	1.91611e-24
272.748	2.03263e-24
272.427	2.15678e-24
272.104	2.28537e-24
271.781	2.42229e-24
271.459	2.56599e-24
271.135	2.71453e-24
270.81	2.87259e-24
270.485	3.03576e-24
270.158	3.20931e-24
269.832	3.38823e-24
269.505	3.5784e-24
269.177	3.77428e-24
268.738	3.98421e-24
268.409	4.20199e-24
268.078	4.42596e-24
267.746	4.66373e-24
267.414	4.908e-24
267.083	5.16715e-24
266.747	5.43329e-24
266.413	5.71549e-24
266.078	6.00473e-24
265.742	6.30619e-24
265.404	6.62588e-24
264.952	6.9626e-24
264.613	7.30372e-24
264.272	7.66528e-24
263.932	8.03475e-24
263.588	8.42652e-24
263.244	8.82651e-24
262.901	9.24207e-24
262.554	9.68253e-24
262.093	1.01458e-23
261.745	1.06129e-23
261.395	1.11075e-23
261.045	1.16113e-23
260.694	1.21341e-23
260.342	1.26763e-23
259.987	1.32505e-23
259.632	1.38343e-23
259.157	1.44605e-23
258.801	1.51015e-23
258.442	1.5753e-23
258.082	1.6428e-23
257.722	1.71266e-23
257.357	1.78663e-23
256.995	1.86158e-23
256.628	1.93807e-23
256.262	2.0183e-23
255.894	2.10317e-23
255.404	2.19245e-23
255.033	2.28148e-23
254.66	2.37355e-23
254.286	2.46871e-23
253.912	2.5693e-23
253.534	2.67103e-23
253.155	2.77617e-23
252.776	2.88467e-23
252.395	2.99679e-23
252.012	3.11254e-23
251.627	3.23494e-23
251.241	3.35839e-23
250.855	3.48577e-23
250.466	3.61722e-23
250.075	3.75287e-23
249.695	3.89213e-23
249.301	4.04004e-23
248.918	4.18826e-23
248.522	4.34174e-23
248.136	4.49917e-23
247.735	4.66228e-23
247.345	4.82953e-23
246.954	5.00181e-23
246.563	5.1839e-23
246.168	5.3668e-23
245.772	5.55516e-23
245.374	5.74908e-23
244.988	5.94771e-23
244.588	6.15304e-23
244.198	6.3634e-23
243.794	6.58091e-23
243.401	6.80352e-23
243.006	7.03253e-23
242.611	7.27456e-23
242.211	7.51706e-23
241.811	7.76619e-23
241.41	8.02235e-23
241.02	8.28411e-23
240.615	8.55461e-23
240.222	8.83109e-23
239.827	9.11507e-23
239.416	9.40849e-23
239.018	9.70797e-23
238.617	1.00159e-22
238.215	1.03317e-22
237.825	1.06541e-22
237.418	1.09976e-22
237.012	1.13395e-22
236.616	1.16885e-22
236.218	1.20467e-22
235.806	1.24163e-22
235.406	1.27931e-22
235.002	1.31798e-22
234.598	1.35762e-22
234.206	1.39801e-22
233.798	1.4397e-22
233.402	1.48217e-22
232.991	1.52598e-22
232.591	1.57059e-22
232.19	1.61632e-22
231.788	1.66315e-22
231.383	1.71117e-22
230.976	1.76035e-22
230.569	1.8107e-22
230.174	1.86194e-22
229.761	1.91479e-22
229.362	1.96852e-22
228.948	2.02587e-22
228.545	2.08226e-22
228.14	2.14001e-22
227.733	2.19782e-22
227.341	2.25777e-22
226.931	2.31961e-22
226.519	2.38288e-22
226.12	2.44714e-22
225.719	2.51288e-22
225.303	2.58064e-22
224.899	2.6494e-22
224.494	2.71971e-22
224.1	2.79109e-22
223.69	2.86462e-22
223.28	2.93976e-22
222.882	3.01598e-22
222.467	3.09456e-22
222.066	3.1742e-22
221.663	3.25559e-22
221.258	3.33875e-22
220.851	3.42374e-22
220.443	3.51055e-22
220.032	3.59925e-22
219.637	3.68902e-22
219.222	3.78161e-22
218.823	3.87523e-22
218.421	3.97089e-22
218.017	4.06858e-22
217.612	4.16829e-22
217.204	4.27017e-22
216.796	4.37405e-22
216.387	4.48007e-22
215.989	4.5874e-22
215.576	4.70263e-22
215.175	4.81453e-22
214.773	4.92862e-22
214.355	5.04611e-22
213.95	5.16488e-22
213.559	5.28484e-22
213.151	5.40839e-22
212.74	5.53445e-22
212.344	5.66165e-22
211.931	5.79275e-22
211.531	5.92513e-22
211.114	6.06144e-22
210.712	6.19888e-22
210.308	6.33908e-22
209.902	6.48199e-22
209.51	6.62603e-22
209.101	6.77449e-22
208.691	6.92575e-22
208.294	7.07821e-22
207.881	7.2352e-22
207.482	7.39346e-22
207.079	7.55478e-22
206.677	7.7271e-22
206.272	7.89468e-22
205.867	8.06517e-22
205.459	8.23895e-22
205.067	8.41375e-22
204.656	8.59394e-22
204.261	8.77515e-22
203.847	8.96198e-22
203.447	9.14991e-22
203.047	9.34116e-22
202.646	9.53569e-22
202.241	9.7283e-22
201.837	9.9297e-22
201.43	1.01348e-21
201.038	1.03409e-21
200.629	1.05647e-21
200.235	1.07783e-21
199.821	1.09987e-21
199.424	1.12196e-21
199.024	1.14445e-21
198.624	1.16732e-21
198.222	1.19057e-21
197.819	1.21423e-21
197.413	1.23831e-21
197.024	1.26244e-21
196.616	1.28731e-21
196.225	1.31369e-21
195.813	1.33946e-21
195.417	1.36527e-21
195.021	1.39149e-21
194.623	1.41816e-21
194.224	1.44526e-21
193.822	1.47282e-21
193.419	1.50083e-21
193.016	1.52928e-21
192.629	1.55948e-21
192.221	1.58892e-21
191.831	1.61834e-21
191.42	1.64872e-21
191.027	1.67911e-21
190.632	1.70995e-21
190.236	1.74127e-21
189.839	1.77512e-21
189.439	1.8075e-21
189.039	1.84038e-21
188.636	1.87379e-21
188.25	1.90713e-21
187.846	1.94155e-21
187.458	1.97591e-21
187.05	2.01376e-21
186.659	2.04921e-21
186.267	2.0852e-21
185.873	2.12176e-21
185.459	2.15956e-21
185.083	2.19647e-21
184.684	2.23732e-21
184.285	2.27618e-21
183.885	2.31559e-21
183.501	2.35485e-21
183.098	2.39544e-21
182.712	2.43872e-21
182.306	2.48057e-21
181.917	2.52224e-21
181.527	2.5645e-21
181.136	2.60733e-21
180.744	2.65393e-21
180.349	2.69811e-21
179.954	2.74291e-21
179.558	2.78832e-21
179.159	2.83443e-21
178.779	2.88363e-21
178.379	2.93108e-21
177.996	2.97639e-21
177.592	3.02518e-21
177.207	3.0773e-21
176.821	3.12639e-21
176.433	3.1762e-21
176.043	3.22671e-21
175.653	3.27787e-21
175.261	3.33382e-21
174.868	3.38647e-21
174.474	3.43983e-21
174.097	3.49272e-21
173.701	3.55184e-21
173.322	3.60622e-21
172.923	3.6639e-21
172.542	3.72063e-21
172.16	3.77859e-21
171.756	3.83876e-21
171.372	3.8983e-21
170.985	3.95906e-21
170.598	4.02024e-21
170.21	4.0822e-21
169.841	4.1435e-21
169.45	4.20717e-21
169.057	4.27173e-21
168.685	4.33545e-21
168.29	4.4017e-21
167.914	4.46716e-21
167.517	4.5352e-21
167.14	4.60232e-21
166.761	4.67034e-21
166.381	4.73981e-21
166	4.80957e-21
165.617	4.8803e-21
165.233	4.95189e-21
164.848	5.02506e-21
164.462	5.09858e-21
164.096	5.17151e-21
163.708	5.24683e-21
163.318	5.32317e-21
162.948	5.399e-21
162.556	5.47725e-21
162.183	5.55498e-21
161.81	5.6336e-21
161.436	5.71255e-21
161.061	5.79304e-21
160.684	5.87468e-21
160.306	5.95659e-21
159.926	6.04028e-21
159.546	6.12494e-21
159.165	6.21064e-21
158.783	6.29669e-21
158.421	6.38178e-21
158.036	6.47068e-21
157.672	6.55786e-21
157.285	6.64886e-21
156.918	6.73823e-21
156.551	6.82845e-21
156.161	6.92288e-21
155.791	7.01546e-21
155.42	7.10904e-21
155.049	7.20017e-21
154.675	7.29597e-21
154.302	7.39281e-21
153.949	7.48733e-21
153.572	7.58754e-21
153.195	7.68784e-21
152.839	7.78567e-21
152.46	7.88934e-21
152.102	7.98946e-21
151.72	8.0957e-21
151.359	8.1981e-21
150.999	8.30265e-21
150.613	8.41154e-21
150.25	8.51866e-21
149.885	8.62581e-21
149.519	8.73539e-21
149.153	8.84606e-21
148.785	8.95691e-21
148.44	9.06563e-21
148.07	9.18023e-21
147.699	9.29605e-21
147.35	9.40843e-21
146.977	9.52688e-21
146.627	9.64035e-21
146.251	9.76151e-21
145.899	9.87869e-21
145.546	9.99729e-21
145.167	1.01225e-20
144.811	1.02453e-20
144.455	1.03677e-20
144.097	1.04916e-20
143.738	1.06169e-20
143.378	1.07434e-20
143.017	1.08711e-20
142.655	1.1002e-20
142.316	1.11267e-20
141.952	1.12588e-20
141.587	1.13938e-20
141.246	1.15223e-20
140.878	1.16604e-20
140.535	1.17917e-20
140.191	1.1924e-20
139.821	1.20664e-20
139.474	1.22036e-20
139.126	1.23402e-20
138.778	1.24802e-20
138.428	1.26197e-20
138.078	1.27624e-20
137.726	1.29065e-20
137.373	1.30524e-20
137.02	1.31976e-20
136.665	1.33465e-20
136.335	1.34888e-20
135.979	1.36403e-20
135.621	1.37938e-20
135.288	1.39402e-20
134.954	1.40882e-20
134.593	1.42463e-20
134.258	1.43971e-20
133.895	1.45585e-20
133.557	1.47122e-20
133.219	1.48583e-20
132.879	1.50151e-20
132.538	1.51735e-20
132.197	1.53329e-20
131.855	1.54965e-20
131.511	1.56595e-20
131.166	1.58243e-20
130.848	1.59822e-20
130.501	1.615e-20
130.154	1.63191e-20
129.832	1.64817e-20
129.483	1.66543e-20
129.159	1.68199e-20
128.807	1.69961e-20
128.483	1.71646e-20
128.157	1.73321e-20
127.802	1.75159e-20
127.474	1.76896e-20
127.145	1.78619e-20
126.815	1.80385e-20
126.484	1.82167e-20
126.152	1.8394e-20
125.82	1.85753e-20
125.486	1.87587e-20
125.151	1.89439e-20
124.816	1.91303e-20
124.507	1.93049e-20
124.169	1.94953e-20
123.86	1.96727e-20
123.52	1.98662e-20
123.209	2.00466e-20
122.867	2.0244e-20
122.553	2.04279e-20
122.21	2.06285e-20
121.895	2.08157e-20
121.579	2.10042e-20
121.261	2.11945e-20
120.942	2.13867e-20
120.594	2.16001e-20
120.274	2.17956e-20
119.954	2.19925e-20
119.661	2.21775e-20
119.338	2.23779e-20
119.015	2.25799e-20
118.69	2.27872e-20
118.364	2.29934e-20
118.068	2.31859e-20
117.74	2.33949e-20
117.442	2.35905e-20
117.112	2.38038e-20
116.813	2.40023e-20
116.481	2.42228e-20
116.18	2.44212e-20
115.877	2.4625e-20
115.543	2.48508e-20
115.239	2.5054e-20
114.934	2.52628e-20
114.627	2.54733e-20
114.32	2.56857e-20
114.012	2.58994e-20
113.704	2.61108e-20
113.394	2.63283e-20
113.083	2.65471e-20
112.772	2.67681e-20
112.491	2.69504e-20
112.178	2.71744e-20
111.864	2.74009e-20
111.549	2.7629e-20
111.265	2.78335e-20
110.948	2.807e-20
110.662	2.82779e-20
110.343	2.85136e-20
110.056	2.87246e-20
109.768	2.89366e-20
109.447	2.9184e-20
109.156	2.94048e-20
108.866	2.96221e-20
108.574	2.98408e-20
108.282	3.00662e-20
107.988	3.02888e-20
107.694	3.05176e-20
107.399	3.07428e-20
107.104	3.09698e-20
106.807	3.12036e-20
106.51	3.1434e-20
106.211	3.16721e-20
105.912	3.19115e-20
105.645	3.2115e-20
105.345	3.23579e-20
105.042	3.25977e-20
104.774	3.28108e-20
104.471	3.30591e-20
104.199	3.32703e-20
103.894	3.35222e-20
103.623	3.3741e-20
103.315	3.39976e-20
103.042	3.42194e-20
102.767	3.44436e-20
102.458	3.46994e-20
102.182	3.49265e-20
101.905	3.51543e-20
101.627	3.53846e-20
101.349	3.56155e-20
101.07	3.58485e-20
100.79	3.60826e-20
100.509	3.63187e-20
100.228	3.65562e-20
99.9456	3.67956e-20
99.6626	3.70428e-20
99.3785	3.72856e-20
99.1293	3.74874e-20
98.844	3.7733e-20
98.5575	3.79806e-20
98.306	3.81927e-20
98.0184	3.84431e-20
97.7292	3.86963e-20
97.4756	3.89053e-20
97.222	3.91215e-20
96.9307	3.93791e-20
96.675	3.95986e-20
96.3817	3.98604e-20
96.1247	4.00753e-20
95.8668	4.02988e-20
95.5713	4.05657e-20
95.312	4.07917e-20
95.0518	4.10194e-20
94.7912	4.12406e-20
94.5295	4.14708e-20
94.2674	4.16945e-20
94.0045	4.1927e-20
93.7406	4.21364e-20
93.4762	4.23641e-20
93.211	4.26008e-20
92.9451	4.2839e-20
92.6779	4.30717e-20
92.4104	4.33129e-20
92.1804	4.34986e-20
91.911	4.37433e-20
91.6412	4.39889e-20
91.4095	4.41768e-20
91.1377	4.44259e-20
90.8651	4.46688e-20
90.6317	4.48589e-20
90.3576	4.51128e-20
90.1226	4.53051e-20
89.8469	4.55622e-20
89.61	4.57573e-20
89.373	4.59523e-20
89.095	4.62225e-20
88.8568	4.64192e-20
88.6173	4.66178e-20
88.3771	4.68172e-20
88.0959	4.70855e-20
87.8543	4.72873e-20
87.6122	4.74983e-20
87.3693	4.77019e-20
87.1256	4.79065e-20
86.8813	4.8112e-20
86.6365	4.8327e-20
86.3908	4.85346e-20
86.1444	4.87432e-20
85.8976	4.89616e-20
85.6497	4.91725e-20
85.4007	4.93855e-20
85.1934	4.9531e-20
84.9434	4.97449e-20
84.693	4.9969e-20
84.4416	5.01855e-20
84.2143	5.03659e-20
83.9787	5.0552e-20
83.7416	5.075e-20
83.5044	5.09479e-20
83.2662	5.11375e-20
83.032	5.1329e-20
82.797	5.15115e-20
82.5653	5.16968e-20
82.329	5.18909e-20
82.0961	5.20677e-20
81.8667	5.22471e-20
81.6327	5.2435e-20
81.4022	5.26154e-20
81.1708	5.2797e-20
80.9438	5.29588e-20
80.7155	5.31329e-20
80.4867	5.33073e-20
80.2575	5.3482e-20
80.0317	5.36489e-20
79.8054	5.3816e-20
79.5783	5.39842e-20
79.3508	5.41527e-20
79.1273	5.43223e-20
78.903	5.44719e-20
78.6823	5.46233e-20
78.4567	5.47952e-20
78.2347	5.49477e-20
78.0122	5.51009e-20
77.7937	5.52438e-20
77.5745	5.53877e-20
77.3548	5.55317e-20
77.1343	5.56458e-20
76.9134	5.57908e-20
76.6962	5.59263e-20
76.4782	5.60737e-20
76.2645	5.61993e-20
76.0457	5.63357e-20
75.8308	5.6462e-20
75.6154	5.65996e-20
75.404	5.67157e-20
75.187	5.68439e-20
74.9743	5.69722e-20
74.7612	5.70889e-20
74.5521	5.7195e-20
74.3422	5.73133e-20
74.1271	5.74317e-20
73.9213	5.7538e-20
73.7093	5.76464e-20
73.5023	5.77533e-20
73.2944	5.78494e-20
73.0857	5.79579e-20
72.8767	5.80546e-20
72.6717	5.81516e-20
72.4664	5.82364e-20
72.2602	5.83338e-20
72.0537	5.84192e-20
71.8513	5.85046e-20
71.6486	5.85896e-20
71.4451	5.86635e-20
71.2412	5.8749e-20
71.0415	5.88222e-20
70.8415	5.88831e-20
70.6407	5.89566e-20
70.4397	5.90293e-20
70.2375	5.90917e-20
70.04	5.91524e-20
69.8422	5.92127e-20
69.6436	5.92737e-20
69.4442	5.93354e-20
69.25	5.93818e-20
69.0547	5.94177e-20
68.859	5.94653e-20
68.6631	5.95119e-20
68.4713	5.95461e-20
68.2739	5.95941e-20
68.081	5.96285e-20
67.8881	5.96612e-20
67.6993	5.96812e-20
67.505	5.97152e-20
67.3153	5.97345e-20
67.1249	5.97545e-20
66.9342	5.97739e-20
66.7431	5.97929e-20
66.5566	5.97975e-20
66.3696	5.9802e-20
66.1819	5.9807e-20
65.9938	5.98115e-20
65.805	5.98292e-20
65.6213	5.98183e-20
65.437	5.98073e-20
65.252	5.97968e-20
65.0671	5.97847e-20
64.8811	5.97742e-20
64.7002	5.97601e-20
64.5188	5.97331e-20
64.3368	5.97066e-20
64.1544	5.96795e-20
63.9712	5.96658e-20
63.7934	5.96223e-20
63.6094	5.95953e-20
63.4303	5.95651e-20
63.2509	5.95216e-20
63.0764	5.94747e-20
62.896	5.94311e-20
62.7207	5.93707e-20
62.5448	5.92932e-20
62.3685	5.92328e-20
62.1914	5.91861e-20
62.014	5.91261e-20
61.8419	5.90612e-20
61.6635	5.90013e-20
61.4905	5.89363e-20
61.317	5.88584e-20
61.1486	5.87764e-20
60.9741	5.86985e-20
60.8046	5.86168e-20
60.629	5.85396e-20
60.4589	5.84568e-20
60.2883	5.8374e-20
60.123	5.8261e-20
59.9514	5.81781e-20
59.785	5.80784e-20
59.6183	5.79652e-20
59.4453	5.78825e-20
59.2836	5.77638e-20
59.1156	5.76502e-20
58.9472	5.75494e-20
58.7838	5.74416e-20
58.6204	5.73223e-20
58.4505	5.72089e-20
58.2922	5.70715e-20
58.1271	5.69533e-20
57.9619	5.68341e-20
57.8022	5.66967e-20
57.6361	5.65778e-20
57.4754	5.64284e-20
57.3143	5.62912e-20
57.153	5.61536e-20
56.9971	5.59979e-20
56.8347	5.5861e-20
56.6783	5.57044e-20
56.5151	5.55674e-20
56.3573	5.54126e-20
56.1995	5.52565e-20
56.0413	5.51005e-20
55.8885	5.49267e-20
55.7295	5.4771e-20
55.5763	5.45959e-20
55.4223	5.44225e-20
55.2618	5.42677e-20
55.1138	5.40735e-20
54.9584	5.39007e-20
54.8031	5.37268e-20
54.6474	5.35532e-20
54.4972	5.33614e-20
54.3471	5.31804e-20
54.1963	5.29886e-20
54.0452	5.27967e-20
53.8938	5.26046e-20
53.7417	5.24138e-20
53.5895	5.22224e-20
53.4433	5.20236e-20
53.2966	5.18137e-20
53.1431	5.16235e-20
52.9955	5.14148e-20
52.8478	5.1217e-20
52.6997	5.10078e-20
52.5576	5.078e-20
52.4087	5.05836e-20
52.2659	5.03563e-20
52.116	5.01495e-20
51.9724	4.99348e-20
51.8287	4.97081e-20
51.6844	4.94825e-20
51.5396	4.92694e-20
51.4016	4.90238e-20
51.256	4.88003e-20
51.117	4.85678e-20
50.9706	4.83457e-20
50.831	4.8114e-20
50.6907	4.78729e-20
50.5503	4.76424e-20
50.4093	4.73803e-20
50.2682	4.71513e-20
50.1336	4.68916e-20
49.9914	4.66649e-20
49.8562	4.64064e-20
49.7131	4.61816e-20
49.5771	4.59247e-20
49.4406	4.56803e-20
49.3038	4.54251e-20
49.1663	4.51827e-20
49.0362	4.49192e-20
48.898	4.46674e-20
48.7594	4.44276e-20
48.6281	4.41668e-20
48.4961	4.38971e-20
48.3568	4.36589e-20
48.2239	4.34021e-20
48.0911	4.31347e-20
47.9577	4.28794e-20
47.8317	4.26036e-20
47.6974	4.23406e-20
47.5631	4.20876e-20
47.4357	4.18159e-20
47.3081	4.15448e-20
47.1725	4.12858e-20
47.044	4.10174e-20
46.9155	4.07494e-20
46.7862	4.04836e-20
46.6569	4.02179e-20
46.527	3.99444e-20
46.4047	3.96607e-20
46.274	3.93998e-20
46.1507	3.91193e-20
46.0197	3.88598e-20
45.8957	3.85819e-20
45.7716	3.8305e-20
45.647	3.80205e-20
45.522	3.77466e-20
45.397	3.74735e-20
45.2712	3.72028e-20
45.1454	3.69324e-20
45.0191	3.66641e-20
44.9003	3.63771e-20
44.7735	3.61111e-20
44.654	3.58275e-20
44.5345	3.55444e-20
44.4144	3.52635e-20
44.286	3.50093e-20
44.1653	3.47312e-20
44.0523	3.44352e-20
43.9309	3.41605e-20
43.8095	3.38868e-20
43.6873	3.36156e-20
43.5733	3.3334e-20
43.4505	3.30658e-20
43.3357	3.27798e-20
43.2125	3.25142e-20
43.0969	3.2232e-20
42.981	3.19512e-20
42.8652	3.16715e-20
42.7487	3.13942e-20
42.6318	3.11268e-20
42.515	3.08525e-20
42.3976	3.05805e-20
42.2883	3.02915e-20
42.1705	3.00226e-20
42.052	2.97639e-20
41.9418	2.94806e-20
41.8315	2.91986e-20
41.7122	2.89376e-20
41.601	2.86673e-20
41.4897	2.83914e-20
41.378	2.81177e-20
41.266	2.7846e-20
41.1539	2.75828e-20
41.0413	2.73149e-20
40.9282	2.70493e-20
40.8239	2.6774e-20
40.7104	2.65121e-20
40.6053	2.62346e-20
40.4912	2.59724e-20
40.3855	2.56991e-20
40.2707	2.54519e-20
40.1645	2.51828e-20
40.0582	2.49153e-20
39.9513	2.46571e-20
39.8442	2.43943e-20
39.737	2.41395e-20
39.6293	2.3881e-20
39.5213	2.36307e-20
39.4132	2.33762e-20
39.3046	2.3124e-20
39.2048	2.28634e-20
39.0957	2.26155e-20
38.9956	2.23588e-20
38.8857	2.21154e-20
38.7848	2.18635e-20
38.6839	2.16077e-20
38.5733	2.13761e-20
38.4716	2.11307e-20
38.3697	2.08818e-20
38.2675	2.06408e-20
38.165	2.03965e-20
38.0622	2.01599e-20
37.9594	1.99197e-20
37.856	1.96874e-20
37.7617	1.94423e-20
37.658	1.92089e-20
37.5539	1.89831e-20
37.4589	1.87396e-20
37.3542	1.85182e-20
37.2588	1.82841e-20
37.1631	1.80477e-20
37.0575	1.78328e-20
36.9613	1.76057e-20
36.865	1.73758e-20
36.7682	1.71535e-20
36.6712	1.69332e-20
36.5742	1.67148e-20
36.4766	1.64945e-20
36.3789	1.62809e-20
36.2807	1.60697e-20
36.1826	1.5856e-20
36.084	1.56491e-20
35.9951	1.54311e-20
35.896	1.52286e-20
35.7968	1.50239e-20
35.7071	1.4813e-20
35.6072	1.46171e-20
35.517	1.44106e-20
35.4269	1.42062e-20
35.3262	1.40129e-20
35.2353	1.38133e-20
35.1441	1.36161e-20
35.053	1.34207e-20
34.9614	1.32279e-20
34.8696	1.30373e-20
34.7775	1.28488e-20
34.6854	1.26589e-20
34.5928	1.24751e-20
34.5	1.22933e-20
34.4069	1.21137e-20
34.3138	1.1936e-20
34.2307	1.17495e-20
34.1368	1.15764e-20
34.0427	1.14054e-20
33.9591	1.12255e-20
33.8645	1.10586e-20
33.7803	1.08833e-20
33.6958	1.07103e-20
33.6006	1.05511e-20
33.5157	1.03823e-20
33.4306	1.02158e-20
33.3345	1.00614e-20
33.2491	9.89889e-21
33.1633	9.7387e-21
33.0771	9.58073e-21
32.9908	9.42478e-21
32.9043	9.27091e-21
32.8178	9.11895e-21
32.7308	8.96921e-21
32.6436	8.82158e-21
32.5671	8.66684e-21
32.4796	8.51993e-21
32.3918	8.37836e-21
32.3036	8.23876e-21
32.2264	8.09247e-21
32.1379	7.95675e-21
32.0602	7.8146e-21
31.9712	7.68284e-21
31.8931	7.54687e-21
31.8036	7.41888e-21
31.7252	7.28459e-21
31.6464	7.1525e-21
31.5562	7.03011e-21
31.4771	6.9018e-21
31.3979	6.77531e-21
31.3184	6.65277e-21
31.2387	6.5302e-21
31.1472	6.41688e-21
31.0672	6.29784e-21
30.9868	6.18076e-21
30.9062	6.0655e-21
30.8254	5.95376e-21
30.7561	5.83519e-21
30.6748	5.72535e-21
30.5934	5.61724e-21
30.5118	5.51245e-21
30.4299	5.40773e-21
30.3598	5.29825e-21
30.2774	5.19701e-21
30.1949	5.09885e-21
30.124	4.99471e-21
30.0413	4.89826e-21
29.97	4.79757e-21
29.8866	4.70585e-21
29.815	4.60849e-21
29.7314	4.51839e-21
29.6594	4.42561e-21
29.5872	4.33316e-21
29.5027	4.24776e-21
29.4303	4.1596e-21
29.3575	4.07186e-21
29.2846	3.98569e-21
29.2115	3.90221e-21
29.1262	3.82399e-21
29.0526	3.74232e-21
28.9789	3.66318e-21
28.905	3.5844e-21
28.8311	3.507e-21
28.7568	3.43211e-21
28.6823	3.3576e-21
28.6077	3.28543e-21
28.5453	3.20926e-21
28.4705	3.13881e-21
28.3953	3.07065e-21
28.3198	3.00286e-21
28.2442	2.93726e-21
28.1812	2.86795e-21
28.1052	2.80485e-21
28.029	2.74211e-21
27.9654	2.6768e-21
27.8888	2.61729e-21
27.8249	2.55452e-21
27.7479	2.49737e-21
27.6836	2.43707e-21
27.6064	2.38213e-21
27.5417	2.32424e-21
27.464	2.27154e-21
27.399	2.21594e-21
27.334	2.16213e-21
27.2557	2.11196e-21
27.1902	2.06037e-21
27.1245	2.00924e-21
27.0587	1.9598e-21
26.9797	1.91368e-21
26.9136	1.86626e-21
26.8472	1.81988e-21
26.7808	1.77392e-21
26.7143	1.72947e-21
26.6462	1.68576e-21
26.5792	1.64324e-21
26.5121	1.60117e-21
26.4462	1.56024e-21
26.3787	1.52001e-21
26.3124	1.4809e-21
26.2459	1.44266e-21
26.1808	1.40458e-21
26.1139	1.36761e-21
26.0483	1.33128e-21
25.9825	1.2962e-21
25.9181	1.26169e-21
25.8534	1.22762e-21
25.7885	1.19473e-21
25.7234	1.16259e-21
25.6583	1.13084e-21
25.5944	1.10001e-21
25.5302	1.06992e-21
25.4658	1.04023e-21
25.4027	1.01139e-21
25.3383	9.83514e-22
25.2763	9.55583e-22
25.2127	9.28797e-22
25.1489	9.02674e-22
25.0866	8.76739e-22
25.024	8.51739e-22
24.9613	8.27362e-22
24.8998	8.03198e-22
24.8368	7.80031e-22
24.775	7.57319e-22
24.713	7.34952e-22
24.6524	7.13262e-22
24.5902	6.92246e-22
24.5293	6.71661e-22
24.4681	6.51412e-22
24.4083	6.31776e-22
24.3468	6.12774e-22
24.2869	5.94151e-22
24.2266	5.75852e-22
24.1661	5.58231e-22
24.1056	5.4108e-22
24.0465	5.24282e-22
23.9871	5.07789e-22
23.9276	4.9191e-22
23.8678	4.76473e-22
23.8096	4.6136e-22
23.7511	4.46678e-22
23.691	4.32351e-22
23.6338	4.18401e-22
23.5749	4.04923e-22
23.5159	3.91832e-22
23.4582	3.79039e-22
23.4003	3.66495e-22
23.3425	3.54427e-22
23.2858	3.4265e-22
23.2276	3.31283e-22
23.1707	3.20183e-22
23.1137	3.09412e-22
23.0567	2.98859e-22
23.0009	2.88666e-22
22.9434	2.78837e-22
22.8874	2.69248e-22
22.8314	2.59946e-22
22.7751	2.50933e-22
22.7186	2.42199e-22
22.6636	2.33683e-22
22.6086	2.25354e-22
22.5517	2.17411e-22
22.4963	2.09671e-22
22.4423	2.02133e-22
22.3866	1.94877e-22
22.3325	1.87808e-22
22.2782	1.8097e-22
22.2237	1.74353e-22
22.169	1.67951e-22
22.1142	1.61706e-22
22.0611	1.55681e-22
22.0077	1.49858e-22
21.9525	1.44262e-22
21.8988	1.3882e-22
21.8467	1.33529e-22
21.7928	1.28448e-22
21.7403	1.23512e-22
21.6878	1.18744e-22
21.6351	1.14141e-22
21.5824	1.09695e-22
21.5294	1.05407e-22
21.4763	1.01267e-22
21.4248	9.72491e-23
21.3731	9.33738e-23
21.3215	8.96349e-23
21.2695	8.60315e-23
21.2174	8.25584e-23
21.167	7.91906e-23
21.1147	7.59414e-23
21.0639	7.28159e-23
21.0132	6.98043e-23
20.9622	6.69056e-23
20.911	6.41153e-23
20.8615	6.14132e-23
20.8102	5.88282e-23
20.7605	5.63254e-23
20.7106	5.39192e-23
20.6606	5.16051e-23
20.6105	4.93803e-23
20.5602	4.7242e-23
20.5116	4.51747e-23
20.4612	4.31993e-23
20.4123	4.12913e-23
20.3633	3.94592e-23
20.3142	3.77001e-23
20.265	3.60116e-23
20.2174	3.43823e-23
20.1679	3.28278e-23
20.1202	3.13276e-23
20.0723	2.98897e-23
20.0243	2.85112e-23
19.9761	2.719e-23
19.9278	2.59241e-23
19.8812	2.47044e-23
19.8327	2.3543e-23
19.786	2.24244e-23
19.7372	2.13601e-23
19.6902	2.03427e-23
19.643	1.93622e-23
19.5976	1.84191e-23
19.5502	1.75226e-23
19.5027	1.66655e-23
19.457	1.58414e-23
19.4111	1.50544e-23
19.3633	1.4307e-23
19.3171	1.35893e-23
19.2728	1.29002e-23
19.2264	1.22465e-23
19.18	1.16268e-23
19.1353	1.10283e-23
19.0886	1.04609e-23
19.0437	9.91688e-24
18.9987	9.39854e-24
18.9536	8.90476e-24
18.9084	8.43451e-24
18.863	7.9868e-24
18.8195	7.56103e-24
18.774	7.15609e-24
18.7303	6.76815e-24
18.6864	6.39931e-24
18.6406	6.05064e-24
18.5965	5.71742e-24
18.5542	5.39916e-24
18.51	5.09864e-24
18.4656	4.81508e-24
18.423	4.54273e-24
18.3783	4.28587e-24
18.3356	4.04082e-24
18.2927	3.80854e-24
18.2497	3.58841e-24
18.2067	3.38111e-24
18.1635	3.18355e-24
18.1203	2.9965e-24
18.0789	2.81852e-24
18.0354	2.65108e-24
17.9938	2.49186e-24
17.9501	2.34217e-24
17.9084	2.20072e-24
17.8665	2.06631e-24
17.8245	1.9394e-24
17.7824	1.8196e-24
17.7403	1.70656e-24
17.6999	1.6e-24
17.6575	1.49946e-24
17.617	1.4042e-24
17.5765	1.31447e-24
17.5339	1.23041e-24
17.4931	1.15087e-24
17.4522	1.07645e-24
17.4112	1.00603e-24
17.3702	9.3957e-25
17.3311	8.77059e-25
17.2899	8.18657e-25
17.2507	7.63817e-25
17.2092	7.12355e-25
17.1698	6.6381e-25
17.1302	6.18299e-25
17.0907	5.75643e-25
17.0508	5.35904e-25
17.011	4.98482e-25
16.9711	4.63457e-25
16.9311	4.3069e-25
16.8931	3.999e-25
16.8529	3.71413e-25
16.8148	3.44523e-25
16.7744	3.19549e-25
16.736	2.9612e-25
16.6976	2.74269e-25
16.659	2.54003e-25
16.6205	2.35016e-25
16.5818	2.17336e-25
16.5429	2.00884e-25
16.5062	1.85497e-25
16.4673	1.71333e-25
16.4281	1.58105e-25
16.3912	1.45755e-25
16.3542	1.34292e-25
16.3148	1.23715e-25
16.2775	1.139e-25
16.2403	1.0476e-25
16.2028	9.62994e-26
16.1653	8.84671e-26
16.1278	8.12215e-26
16.0923	7.45229e-26
16.0545	6.83349e-26
16.0189	6.25943e-26
15.981	5.73242e-26
15.9452	5.24611e-26
15.9071	4.79809e-26
15.8711	4.38352e-26
15.8351	4.00202e-26
15.799	3.65121e-26
15.7628	3.33021e-26
15.7265	3.034e-26
15.6902	2.76218e-26
15.6537	2.51293e-26
15.6195	2.28341e-26
15.5829	2.07507e-26
15.5485	1.8827e-26
15.5117	1.70765e-26
15.4771	1.54694e-26
15.4425	1.40024e-26
15.4078	1.26694e-26
15.3707	1.14547e-26
15.3358	1.03431e-26
15.3009	9.33145e-27
15.2659	8.415e-27
15.2331	7.5754e-27
15.1979	6.81672e-27
15.1626	6.12855e-27
15.1297	5.50222e-27
15.0942	4.93975e-27
15.0611	4.42666e-27
15.0256	3.96494e-27
14.9922	3.54631e-27
14.9589	3.16874e-27
14.9255	2.82966e-27
14.8896	2.52455e-27
14.856	2.24887e-27
14.8248	2.0002e-27
14.791	1.77804e-27
14.7573	1.57947e-27
14.7234	1.40095e-27
14.6895	1.24121e-27
14.6579	1.09787e-27
14.6238	9.70448e-28
14.5921	8.56132e-28
14.5578	7.5528e-28
14.526	6.64863e-28
14.4941	5.84545e-28
14.4621	5.13271e-28
14.4276	4.50342e-28
14.3954	3.94406e-28
14.3632	3.45093e-28
14.331	3.01406e-28
14.2987	2.6288e-28
14.2688	2.28833e-28
14.2363	1.99013e-28
14.2038	1.72821e-28
14.1711	1.49917e-28
14.141	1.2972e-28
14.1083	1.1213e-28
14.078	9.67161e-29
14.0451	8.33321e-29
14.0147	7.16387e-29
13.9843	6.14818e-29
13.9537	5.26741e-29
13.9232	4.50665e-29
13.8899	3.84935e-29
13.8593	3.27987e-29
13.8284	2.78943e-29
13.7976	2.36768e-29
13.7693	2.00456e-29
13.7384	1.69467e-29
13.7073	1.42973e-29
13.6762	1.20366e-29
13.6477	1.01051e-29
13.6164	8.4735e-30
13.5878	7.08184e-30
13.5565	5.90845e-30
13.5277	4.91472e-30
13.4963	4.08056e-30
13.4674	3.37743e-30
13.4384	2.78827e-30
13.4095	2.29574e-30
13.3804	1.88513e-30
13.3486	1.54458e-30
13.3195	1.26112e-30
13.2902	1.02669e-30
13.2637	8.32769e-31
13.2343	6.73803e-31
13.2049	5.4344e-31
13.1755	4.36856e-31
13.1459	3.49991e-31
13.1191	2.79241e-31
13.0895	2.22131e-31
13.0625	1.75937e-31
13.0328	1.38905e-31
13.0057	1.09167e-31
12.9758	8.55023e-32
12.9487	6.6642e-32
12.9187	5.17509e-32
12.8915	3.99808e-32
12.8641	3.07448e-32
12.8368	2.35284e-32
12.8093	1.79169e-32
12.7819	1.35731e-32
12.7543	1.02231e-32
12.7267	7.66081e-33
12.699	5.70768e-33
12.6714	4.22709e-33
12.6436	3.11117e-33
12.6158	2.27443e-33
12.5879	1.65217e-33
12.5628	1.19082e-33
12.5348	8.52604e-34
12.5095	6.0537e-34
12.4815	4.26497e-34
12.4562	2.97906e-34
12.428	2.06412e-34
12.4026	1.41611e-34
12.3742	9.62902e-35
12.3487	6.47671e-35
12.3231	4.31019e-35
12.2975	2.83497e-35
12.2689	1.84493e-35
12.2431	1.18486e-35
12.2174	7.50914e-36
12.1915	4.69273e-36
12.1656	2.88791e-36
12.1397	1.75008e-36
12.1137	1.0428e-36
12.0877	6.10257e-37
12.0645	3.50037e-37
12.0383	1.96718e-37
12.0121	1.0817e-37
11.9858	5.80678e-38
11.9625	3.03342e-38
11.9361	1.54252e-38
11.9127	7.60076e-39
11.8862	3.62442e-39
11.8627	1.66365e-39
11.836	7.34184e-40
11.8124	3.09484e-40
11.7888	1.24012e-40
11.762	4.70342e-41
11.7382	1.67271e-41
11.7144	5.53095e-42
11.6905	1.68395e-42
11.6666	4.6536e-43
11.6426	1.14901e-43
11.6186	2.47933e-44
11.5945	4.54207e-45
11.5703	6.80432e-46
11.5462	7.88907e-47
11.5219	6.54748e-48
11.4977	3.4373e-49
11.4764	9.29633e-51
11.4521	8.81796e-53
11.4276	1.23578e-55
11.4063	1.61778e-60
11.3817	0
11.3603	4.29658e-23
11.3357	1.68556e-22
11.3142	3.71331e-22
11.2894	6.46709e-22
11.2678	9.8925e-22
11.2462	1.39295e-21
11.2212	1.85554e-21
11.1995	2.37014e-21
11.1777	2.93102e-21
11.1559	3.53432e-21
11.1341	4.17532e-21
11.1121	4.85205e-21
11.0902	5.55514e-21
11.0682	6.28237e-21
11.0461	7.02947e-21
11.0241	7.79198e-21
11.002	8.56583e-21
10.9831	9.34328e-21
10.9609	1.01274e-20
10.9386	1.0911e-20
10.9163	1.16901e-20
10.8972	1.24496e-20
10.8747	1.32088e-20
10.8555	1.39396e-20
10.8363	1.46509e-20
10.8128	1.53489e-20
10.7928	1.60152e-20
10.7726	1.66529e-20
10.7525	1.72574e-20
10.7323	1.78298e-20
10.712	1.83659e-20
10.6917	1.88633e-20
10.6714	1.93198e-20
10.651	1.97335e-20
10.6307	2.01024e-20
10.6102	2.04249e-20
10.5897	2.06995e-20
10.5692	2.09248e-20
10.5521	2.10785e-20
10.5315	2.12017e-20
10.5109	2.12726e-20
10.4902	2.12907e-20
10.4695	2.12555e-20
10.4487	2.11668e-20
10.4279	2.10246e-20
10.4106	2.08075e-20
10.3897	2.05591e-20
10.3688	2.02511e-20
10.3479	1.98989e-20
10.3304	1.94871e-20
10.3093	1.90353e-20
10.2883	1.85359e-20
10.2707	1.79715e-20
10.2495	1.73828e-20
10.2283	1.67524e-20
10.2106	1.60658e-20
10.1893	1.53606e-20
10.168	1.46222e-20
10.1502	1.38471e-20
10.1288	1.30527e-20
10.1109	1.22226e-20
10.0894	1.13884e-20
10.0679	1.05404e-20
10.0499	9.67276e-21
10.0283	8.81291e-21
10.0102	7.95062e-21
9.98853	7.10017e-21
9.9704	6.25616e-21
9.94861	5.44003e-21
9.93041	4.64536e-21
9.91218	3.8887e-21
9.89026	3.17585e-21
9.87196	2.50946e-21
9.84994	1.90429e-21
9.83156	1.36384e-21
9.81315	9.00452e-22
9.79101	5.22624e-22
9.77252	2.39314e-22
9.75399	6.16213e-23
9.73171	1.64124e-27
9.71311	1.65014e-27
9.69447	1.6591e-27
9.67579	1.66814e-27
9.65333	1.68034e-27
9.63458	1.68954e-27
9.61579	1.69881e-27
9.59696	1.70926e-27
9.57431	1.72008e-27
9.5554	1.72959e-27
9.53646	1.74031e-27
9.51747	1.74999e-27
9.49845	1.75974e-27
9.47939	1.77073e-27
9.46029	1.78064e-27
9.43731	1.79289e-27
9.41813	1.80418e-27
9.3989	1.81437e-27
9.37964	1.82464e-27
9.36034	1.83623e-27
9.34099	1.84668e-27
9.32161	1.85721e-27
9.30218	1.8691e-27
9.28272	1.87982e-27
9.26321	1.89192e-27
9.24367	1.90284e-27
9.22408	1.91384e-27
9.20445	1.92626e-27
9.18478	1.93747e-27
9.16506	1.95012e-27
9.14926	1.9589e-27
9.12947	1.97038e-27
9.10964	1.98334e-27
9.08976	1.99504e-27
9.06984	2.00824e-27
9.04988	2.02015e-27
9.02987	2.03361e-27
9.01383	2.04292e-27
8.99374	2.0566e-27
8.97361	2.06893e-27
8.95343	2.08287e-27
8.9332	2.09545e-27
8.91699	2.10668e-27
8.89668	2.11946e-27
8.87633	2.13391e-27
8.86001	2.14388e-27
8.83957	2.15754e-27
8.81909	2.17079e-27
8.79855	2.18577e-27
8.78209	2.19608e-27
8.76147	2.21132e-27
8.74494	2.2218e-27
8.72423	2.23731e-27
8.70348	2.25131e-27
8.68683	2.26376e-27
8.66599	2.278e-27
8.64927	2.29067e-27
8.62834	2.30692e-27
8.60735	2.32158e-27
8.59052	2.3346e-27
8.56944	2.34953e-27
8.55254	2.36278e-27
8.53136	2.37982e-27
8.51438	2.39148e-27
8.49482	2.40733e-27
8.47563	2.42108e-27
8.45683	2.43646e-27
8.43756	2.45239e-27
8.41868	2.46613e-27
8.39975	2.48195e-27
8.38078	2.49792e-27
8.36176	2.51205e-27
8.34271	2.52832e-27
8.3236	2.54271e-27
8.3049	2.55886e-27
8.28571	2.57559e-27
8.26691	2.58996e-27
8.24807	2.60658e-27
8.22919	2.62335e-27
8.21027	2.64029e-27
8.1913	2.65521e-27
8.17229	2.67097e-27
8.15368	2.68792e-27
8.13458	2.70325e-27
8.11588	2.72052e-27
8.09714	2.73796e-27
8.0779	2.75373e-27
8.05907	2.77149e-27
8.04065	2.78895e-27
8.02173	2.80706e-27
8.00277	2.82295e-27
7.98421	2.8409e-27
7.96516	2.85954e-27
7.94652	2.87785e-27
7.92783	2.89384e-27
7.90864	2.91302e-27
7.88987	2.93187e-27
7.8715	2.95036e-27
7.85264	2.96958e-27
7.83373	2.98636e-27
7.81524	3.00539e-27
7.79623	3.02517e-27
7.77765	3.04459e-27
7.75902	3.0642e-27
7.74035	3.08123e-27
7.72164	3.10121e-27
7.70287	3.12139e-27
7.68407	3.14178e-27
7.66521	3.16237e-27
7.64678	3.17965e-27
7.62831	3.20001e-27
7.60932	3.22121e-27
7.59076	3.24199e-27
7.57215	3.26298e-27
7.55349	3.28204e-27
7.53479	3.30344e-27
7.51604	3.32193e-27
7.49773	3.34307e-27
7.47889	3.3651e-27
7.46049	3.38667e-27
7.44204	3.40846e-27
7.42306	3.43118e-27
7.40452	3.45343e-27
7.38593	3.4759e-27
7.36729	3.49861e-27
7.3491	3.52081e-27
7.33037	3.54051e-27
7.3116	3.56389e-27
7.29327	3.58675e-27
7.27439	3.61063e-27
7.25597	3.63397e-27
7.2375	3.65755e-27
7.21898	3.68138e-27
7.20042	3.70546e-27
7.18181	3.72979e-27
7.16365	3.75354e-27
7.14494	3.77838e-27
7.12669	3.80263e-27
7.10789	3.828e-27
7.08954	3.85276e-27
7.07115	3.87778e-27
7.05271	3.90307e-27
7.03422	3.92862e-27
7.01568	3.95445e-27
6.99709	3.98055e-27
6.97897	4.00295e-27
6.96029	4.02957e-27
6.94207	4.05551e-27
6.92329	4.0827e-27
6.90497	4.10921e-27
6.88661	4.13599e-27
6.8682	4.16306e-27
6.84974	4.19042e-27
6.83176	4.21704e-27
6.81321	4.24498e-27
6.7946	4.27323e-27
6.77647	4.2995e-27
6.75776	4.32834e-27
6.73954	4.3564e-27
6.72126	4.38477e-27
6.70294	4.41343e-27
6.68456	4.44241e-27
6.66614	4.47682e-27
6.64766	4.50648e-27
6.62913	4.53648e-27
6.6111	4.5656e-27
6.59247	4.59625e-27
6.57434	4.62602e-27
6.55615	4.6561e-27
6.53792	4.68651e-27
6.51964	4.71724e-27
6.5013	4.74831e-27
6.48291	4.78545e-27
6.46447	4.81728e-27
6.44598	4.84519e-27
6.42799	4.87632e-27
6.4094	4.90916e-27
6.39131	4.94099e-27
6.37317	4.97316e-27
6.35441	5.01331e-27
6.33617	5.04627e-27
6.31787	5.07961e-27
6.29952	5.11331e-27
6.2817	5.14719e-27
6.26324	5.18296e-27
6.24473	5.21916e-27
6.22675	5.25423e-27
6.20871	5.2897e-27
6.19004	5.32718e-27
6.1719	5.36349e-27
6.1537	5.40021e-27
6.13545	5.43737e-27
6.11714	5.47497e-27
6.09878	5.51301e-27
6.08096	5.54977e-27
6.06249	5.5887e-27
6.04397	5.62886e-27
6.02598	5.66695e-27
6.00795	5.70549e-27
5.98925	5.74711e-27
5.97111	5.78658e-27
5.9529	5.82137e-27
5.93464	5.86172e-27
5.91633	5.90339e-27
5.89857	5.94275e-27
5.88014	5.98542e-27
5.86227	6.02659e-27
5.84373	6.06944e-27
5.82575	6.11162e-27
5.8071	6.15642e-27
5.789	6.19965e-27
5.77085	6.24341e-27
5.75264	6.2868e-27
5.73438	6.33164e-27
5.71669	6.37573e-27
5.69831	6.42169e-27
5.67987	6.46824e-27
5.66201	6.51302e-27
5.64345	6.56074e-27
5.62547	6.60666e-27
5.60743	6.65314e-27
5.58869	6.70373e-27
5.57054	6.75143e-27
5.55233	6.79973e-27
5.53471	6.84711e-27
5.51638	6.89663e-27
5.49799	6.93968e-27
5.47953	6.99041e-27
5.46168	7.04017e-27
5.44376	7.09057e-27
5.42513	7.14328e-27
5.40709	7.19501e-27
5.389	7.2474e-27
5.37084	7.30049e-27
5.35263	7.35305e-27
5.33435	7.40754e-27
5.31601	7.46276e-27
5.29828	7.51559e-27
5.27982	7.57228e-27
5.26197	7.62652e-27
5.24338	7.68473e-27
5.22541	7.74044e-27
5.20738	7.79688e-27
5.18929	7.85408e-27
5.17043	7.91691e-27
5.15221	7.97573e-27
5.13462	8.03177e-27
5.11627	8.09361e-27
5.09786	8.15486e-27
5.08008	8.20203e-27
5.06154	8.26631e-27
5.04364	8.32614e-27
5.02495	8.39225e-27
5.00692	8.45378e-27
4.98883	8.51774e-27
4.97067	8.58261e-27
4.95244	8.64675e-27
4.93415	8.71346e-27
4.91578	8.78113e-27
4.89735	8.84808e-27
4.87959	8.91329e-27
4.86102	8.98391e-27
4.84313	9.05101e-27
4.82517	9.11906e-27
4.80639	9.19279e-27
4.78829	9.26286e-27
4.77012	9.33394e-27
4.75189	9.40606e-27
4.73358	9.47924e-27
4.71521	9.55352e-27
4.69753	9.61068e-27
4.67901	9.68693e-27
4.66042	9.76436e-27
4.64253	9.83753e-27
4.62379	9.91942e-27
4.60576	9.99484e-27
4.58766	1.00736e-26
4.56949	1.01513e-26
4.55124	1.02324e-26
4.53293	1.03124e-26
4.51453	1.03961e-26
4.49607	1.04787e-26
4.47752	1.0565e-26
4.45971	1.06462e-26
4.44102	1.07327e-26
4.42306	1.08165e-26
4.40503	1.09016e-26
4.3861	1.09949e-26
4.36792	1.10827e-26
4.34966	1.11494e-26
4.33132	1.12424e-26
4.31291	1.13315e-26
4.29442	1.14248e-26
4.27669	1.15149e-26
4.25804	1.16037e-26
4.23931	1.17015e-26
4.22135	1.1793e-26
4.20246	1.18941e-26
4.18434	1.19886e-26
4.16615	1.20846e-26
4.14787	1.21855e-26
4.12952	1.22847e-26
4.11108	1.2389e-26
4.09256	1.24916e-26
4.07395	1.2596e-26
4.05526	1.27057e-26
4.03738	1.28043e-26
4.01852	1.28914e-26
4.00048	1.29966e-26
3.98144	1.31099e-26
3.96323	1.32188e-26
3.94493	1.33296e-26
3.92563	1.34491e-26
3.90715	1.3564e-26
3.88859	1.36809e-26
3.87088	1.37886e-26
3.85214	1.39096e-26
3.83331	1.40286e-26
3.81439	1.41541e-26
3.79633	1.42742e-26
3.77722	1.43999e-26
3.75898	1.45199e-26
3.74065	1.46467e-26
3.72223	1.47711e-26
3.70372	1.48632e-26
3.68512	1.49917e-26
3.66642	1.51225e-26
3.64763	1.5261e-26
3.62873	1.53971e-26
3.60974	1.55358e-26
3.59166	1.56676e-26
3.57247	1.58117e-26
3.5542	1.5943e-26
3.53481	1.60985e-26
3.51634	1.62351e-26
3.49777	1.63802e-26
3.4791	1.65222e-26
3.46034	1.66732e-26
3.44147	1.68272e-26
3.42249	1.69334e-26
3.40342	1.70931e-26
3.38423	1.72562e-26
3.36601	1.74035e-26
3.34661	1.75664e-26
3.32818	1.77198e-26
3.30965	1.78763e-26
3.28992	1.4468e-50
3.27117	5.39723e-25
3.25232	2.14511e-24
3.23335	4.79572e-24
3.21428	8.47143e-24
3.19509	1.31525e-23
3.17692	1.87956e-23
3.1575	3.40329e-23
3.13797	4.43092e-23
3.11947	5.58251e-23
3.09969	6.86888e-23
3.08096	8.27437e-23
3.06212	9.80637e-23
3.04316	1.14585e-22
3.02288	1.32475e-22
3.00367	1.51468e-22
2.98555	1.71397e-22
2.9661	1.92734e-22
2.94652	2.15181e-22
2.92681	1.71167e-22
2.90822	1.87929e-22
2.88825	2.05724e-22
2.8694	2.23838e-22
2.85042	2.42538e-22
2.83004	2.6209e-22
2.8108	2.81934e-22
2.79143	3.02312e-22
2.77193	3.23204e-22
2.75228	3.44397e-22
2.73249	3.66257e-22
2.7139	3.87889e-22
2.69383	5.81639e-22
2.67429	6.16312e-22
2.6546	6.51507e-22
2.6349	6.8794e-22
2.6152	7.24817e-22
2.59548	7.62339e-22
2.57575	8.00477e-22
2.55587	8.39341e-22
2.53612	8.78955e-22
2.51622	9.18933e-22
2.4963	9.59413e-22
2.47637	6.64863e-22
2.45642	6.89405e-22
2.43646	7.13398e-22
2.41648	7.37834e-22
2.39634	7.6178e-22
2.37632	7.85979e-22
2.3563	8.09381e-22
2.3361	8.334e-22
2.31588	8.57204e-22
2.29564	7.01106e-23
2.27522	7.13451e-23
2.25494	7.24991e-23
2.23464	7.3594e-23
2.21415	7.45425e-23
2.19363	7.55394e-23
2.17325	7.6445e-23
2.15268	7.73139e-23
2.13208	7.8117e-23
2.11145	1.06497e-21
2.09079	1.08408e-21
2.06992	1.10404e-21
2.04919	1.12191e-21
2.02826	1.13949e-21
2.00746	1.15595e-21
1.98663	1.17292e-21
1.96558	1.1883e-21
1.94448	1.19783e-21
1.92335	1.21147e-21
1.90216	1.22568e-21
1.88094	1.2376e-21
1.85966	1.25011e-21
1.83833	1.26017e-21
1.81676	1.27142e-21
1.79533	1.2739e-21
1.77384	1.2826e-21
1.75209	1.29093e-21
1.73048	1.29767e-21
1.7086	1.30403e-21
1.68687	1.30871e-21
1.66485	1.31301e-21
1.64298	1.30949e-21
1.62081	1.3116e-21
1.59856	1.31264e-21
1.57623	1.31473e-21
1.55404	1.31281e-21
1.53153	1.3128e-21
1.50893	1.30032e-21
1.48646	1.29728e-21
1.46365	1.29409e-21
1.44074	1.28987e-21
1.41796	1.28366e-21
1.39481	1.27737e-21
1.3718	1.26292e-21
1.34839	1.25462e-21
1.32512	1.24694e-21
1.30143	1.23946e-21
1.27787	1.2272e-21
1.25444	1.2069e-21
1.23056	1.19561e-21
1.20652	1.18644e-21
1.18259	1.17231e-21
1.15849	1.15738e-21
1.13419	1.13622e-21
1.10968	1.11992e-21
1.08529	1.1015e-21
1.06068	1.08559e-21
1.03618	1.05939e-21
1.01145	1.03769e-21
0.986829	1.01577e-21
0.961955	9.93025e-22
0.936806	9.61843e-22
0.912154	9.34536e-22
0.886817	9.08017e-22
0.861995	8.69993e-22
0.836868	8.38669e-22
0.811677	8.05661e-22
0.786415	7.64607e-22
0.761075	7.28654e-22
