1	2.15416e-11
1.01	2.16519e-11
1.0201	2.17609e-11
1.0303	2.18689e-11
1.0406	2.19759e-11
1.05101	2.20817e-11
1.06152	2.21866e-11
1.07214	2.229e-11
1.08286	2.23923e-11
1.09369	2.24932e-11
1.10462	2.25928e-11
1.11567	2.2691e-11
1.12683	2.27878e-11
1.13809	2.28834e-11
1.14947	2.29772e-11
1.16097	2.30698e-11
1.17258	2.31607e-11
1.1843	2.32499e-11
1.19615	2.33376e-11
1.20811	2.34237e-11
1.22019	2.35081e-11
1.23239	2.35905e-11
1.24472	2.36715e-11
1.25716	2.37504e-11
1.26973	2.38275e-11
1.28243	2.39031e-11
1.29526	2.39764e-11
1.30821	2.40477e-11
1.32129	2.41173e-11
1.3345	2.41848e-11
1.34785	2.42501e-11
1.36133	2.43135e-11
1.37494	2.43747e-11
1.38869	2.44338e-11
1.40258	2.44908e-11
1.4166	2.45455e-11
1.43077	2.4598e-11
1.44508	2.46483e-11
1.45953	2.46964e-11
1.47412	2.4742e-11
1.48886	2.47854e-11
1.50375	2.48264e-11
1.51879	2.48651e-11
1.53398	2.49014e-11
1.54932	2.49352e-11
1.56481	2.49666e-11
1.58046	2.49957e-11
1.59626	2.50222e-11
1.61223	2.50462e-11
1.62835	2.50677e-11
1.64463	2.50868e-11
1.66108	2.51033e-11
1.67769	2.51173e-11
1.69447	2.51288e-11
1.71141	2.51377e-11
1.72852	2.51441e-11
1.74581	2.51479e-11
1.76327	2.51491e-11
1.7809	2.51478e-11
1.79871	2.51439e-11
1.8167	2.51374e-11
1.83486	2.51283e-11
1.85321	2.51167e-11
1.87174	2.51025e-11
1.89046	2.50857e-11
1.90937	2.50664e-11
1.92846	2.50445e-11
1.94774	2.502e-11
1.96722	2.49932e-11
1.98689	2.49637e-11
2.00676	2.49317e-11
2.02683	2.48973e-11
2.0471	2.48602e-11
2.06757	2.48209e-11
2.08825	2.47789e-11
2.10913	2.47346e-11
2.13022	2.46878e-11
2.15152	2.46387e-11
2.17304	2.45871e-11
2.19477	2.45332e-11
2.21672	2.4477e-11
2.23888	2.44184e-11
2.26127	2.43575e-11
2.28388	2.42945e-11
2.30672	2.42292e-11
2.32979	2.41617e-11
2.35309	2.4092e-11
2.37662	2.40202e-11
2.40038	2.39463e-11
2.42439	2.38701e-11
2.44863	2.37919e-11
2.47312	2.37119e-11
2.49785	2.36298e-11
2.52283	2.35456e-11
2.54806	2.34597e-11
2.57354	2.33716e-11
2.59927	2.32819e-11
2.62527	2.31902e-11
2.65152	2.30969e-11
2.67803	2.30019e-11
2.70481	2.29051e-11
2.73186	2.28068e-11
2.75918	2.27065e-11
2.78677	2.2605e-11
2.81464	2.25016e-11
2.84279	2.23968e-11
2.87121	2.22906e-11
2.89993	2.21829e-11
2.92893	2.20738e-11
2.95822	2.19633e-11
2.9878	2.18517e-11
3.01768	2.17386e-11
3.04785	2.16242e-11
3.07833	2.15091e-11
3.10911	2.1392e-11
3.1402	2.12743e-11
3.17161	2.11556e-11
3.20332	2.10357e-11
3.23536	2.09147e-11
3.26771	2.07929e-11
3.30039	2.067e-11
3.33339	2.05464e-11
3.36672	2.04218e-11
3.40039	2.02963e-11
3.4344	2.01703e-11
3.46874	2.00435e-11
3.50343	1.99158e-11
3.53846	1.97875e-11
3.57385	1.96589e-11
3.60958	1.95292e-11
3.64568	1.93993e-11
3.68214	1.92688e-11
3.71896	1.91378e-11
3.75615	1.90063e-11
3.79371	1.88745e-11
3.83165	1.87421e-11
3.86996	1.86094e-11
3.90866	1.84765e-11
3.94775	1.83434e-11
3.98723	1.82101e-11
4.0271	1.80763e-11
4.06737	1.79423e-11
4.10804	1.78085e-11
4.14912	1.76743e-11
4.19062	1.75399e-11
4.23252	1.74057e-11
4.27485	1.72712e-11
4.3176	1.71369e-11
4.36077	1.70025e-11
4.40438	1.68683e-11
4.44842	1.6734e-11
4.49291	1.65998e-11
4.53784	1.64656e-11
4.58321	1.63316e-11
4.62905	1.61979e-11
4.67534	1.60643e-11
4.72209	1.59308e-11
4.76931	1.57978e-11
4.817	1.56649e-11
4.86517	1.55323e-11
4.91383	1.54e-11
4.96296	1.52678e-11
5.01259	1.51364e-11
5.06272	1.50048e-11
5.11335	1.48739e-11
5.16448	1.47434e-11
5.21613	1.46133e-11
5.26829	1.44835e-11
5.32097	1.43541e-11
5.37418	1.42253e-11
5.42792	1.40969e-11
5.4822	1.3969e-11
5.53702	1.38417e-11
5.59239	1.37148e-11
5.64832	1.35885e-11
5.7048	1.34627e-11
5.76185	1.33373e-11
5.81947	1.32127e-11
5.87766	1.30885e-11
5.93644	1.2965e-11
5.9958	1.28421e-11
6.05576	1.27199e-11
6.11632	1.25982e-11
6.17748	1.2477e-11
6.23926	1.23565e-11
6.30165	1.22368e-11
6.36466	1.21177e-11
6.42831	1.19992e-11
6.49259	1.18815e-11
6.55752	1.17644e-11
6.6231	1.16481e-11
6.68933	1.15323e-11
6.75622	1.14175e-11
6.82378	1.1303e-11
6.89202	1.11894e-11
6.96094	1.10765e-11
7.03055	1.09644e-11
7.10085	1.08529e-11
7.17186	1.07422e-11
7.24358	1.06323e-11
7.31602	1.05231e-11
7.38918	1.04145e-11
7.46307	1.0307e-11
7.5377	1.01998e-11
7.61308	1.00937e-11
7.68921	9.9882e-12
7.7661	9.88354e-12
7.84376	9.7795e-12
7.9222	9.67637e-12
8.00142	9.57389e-12
8.08144	9.47224e-12
8.16225	9.37127e-12
8.24387	9.27112e-12
8.32631	9.17176e-12
8.40957	9.07323e-12
8.49367	8.97535e-12
8.57861	8.87824e-12
8.66439	8.78205e-12
8.75104	8.68634e-12
8.83855	8.59163e-12
8.92693	8.49767e-12
9.0162	8.40442e-12
9.10636	8.31199e-12
9.19743	8.22025e-12
9.2894	8.12928e-12
9.3823	8.03911e-12
9.47612	7.94968e-12
9.57088	7.86104e-12
9.66659	7.77324e-12
9.76325	7.68602e-12
9.86089	7.59957e-12
9.9595	7.51394e-12
10.0591	7.42906e-12
10.1597	7.34489e-12
10.2613	7.26151e-12
10.3639	7.17885e-12
10.4675	7.09691e-12
10.5722	7.01573e-12
10.6779	6.93535e-12
10.7847	6.85559e-12
10.8926	6.77654e-12
11.0015	6.69827e-12
11.1115	6.62075e-12
11.2226	6.54395e-12
11.3348	6.46783e-12
11.4482	6.39236e-12
11.5627	6.31774e-12
11.6783	6.24372e-12
11.7951	6.17044e-12
11.913	6.09787e-12
12.0322	6.02592e-12
12.1525	5.95482e-12
12.274	5.8842e-12
12.3967	5.81442e-12
12.5207	5.74526e-12
12.6459	5.67682e-12
12.7724	5.60898e-12
12.9001	5.54184e-12
13.0291	5.4754e-12
13.1594	5.40955e-12
13.291	5.34439e-12
13.4239	5.27989e-12
13.5581	5.21605e-12
13.6937	5.15283e-12
13.8307	5.09026e-12
13.969	5.02828e-12
14.1086	4.96699e-12
14.2497	4.90625e-12
14.3922	4.84625e-12
14.5362	4.78681e-12
14.6815	4.72794e-12
14.8283	4.66976e-12
14.9766	4.61209e-12
15.1264	4.55506e-12
15.2776	4.49865e-12
15.4304	4.44286e-12
15.5847	4.38757e-12
15.7406	4.33297e-12
15.898	4.27888e-12
16.057	4.22536e-12
16.2175	4.17242e-12
16.3797	4.12008e-12
16.5435	4.06825e-12
16.7089	4.01699e-12
16.876	3.96628e-12
17.0448	3.91614e-12
17.2152	3.86653e-12
17.3874	3.81748e-12
17.5613	3.76892e-12
17.7369	3.72094e-12
17.9142	3.67346e-12
18.0934	3.62652e-12
18.2743	3.58006e-12
18.4571	3.53415e-12
18.6416	3.48875e-12
18.828	3.44382e-12
19.0163	3.39942e-12
19.2065	3.35551e-12
19.3986	3.31206e-12
19.5925	3.26917e-12
19.7885	3.22669e-12
19.9864	3.18472e-12
20.1862	3.14323e-12
20.3881	3.10222e-12
20.592	3.06164e-12
20.7979	3.02154e-12
21.0059	2.98193e-12
21.2159	2.94268e-12
21.4281	2.90396e-12
21.6424	2.86569e-12
21.8588	2.82784e-12
22.0774	2.79042e-12
22.2981	2.75344e-12
22.5211	2.71689e-12
22.7463	2.68076e-12
22.9738	2.64504e-12
23.2035	2.60977e-12
23.4356	2.5749e-12
23.6699	2.54043e-12
23.9066	2.50636e-12
24.1457	2.47269e-12
24.3871	2.43942e-12
24.631	2.40657e-12
24.8773	2.37409e-12
25.1261	2.342e-12
25.3774	2.31028e-12
25.6311	2.27895e-12
25.8874	2.248e-12
26.1463	2.21742e-12
26.4078	2.18718e-12
26.6719	2.15733e-12
26.9386	2.12785e-12
27.208	2.0987e-12
27.48	2.06991e-12
27.7548	2.04146e-12
28.0324	2.01338e-12
28.3127	1.98562e-12
28.5958	1.9582e-12
28.8818	1.93114e-12
29.1706	1.90437e-12
29.4623	1.87797e-12
29.757	1.85186e-12
30.0545	1.8261e-12
30.3551	1.80063e-12
30.6586	1.7755e-12
30.9652	1.75066e-12
31.2749	1.72614e-12
31.5876	1.70193e-12
31.9035	1.67801e-12
32.2225	1.65439e-12
32.5447	1.63108e-12
32.8702	1.60804e-12
33.1989	1.5853e-12
33.5309	1.56283e-12
33.8662	1.54066e-12
34.2049	1.51877e-12
34.5469	1.49714e-12
34.8924	1.4758e-12
35.2413	1.45473e-12
35.5937	1.43391e-12
35.9496	1.41338e-12
36.3091	1.39308e-12
36.6722	1.37306e-12
37.039	1.35329e-12
37.4093	1.33377e-12
37.7834	1.31451e-12
38.1613	1.2955e-12
38.5429	1.27672e-12
38.9283	1.25818e-12
39.3176	1.23989e-12
39.7108	1.22184e-12
40.1079	1.20402e-12
40.509	1.18642e-12
40.914	1.16905e-12
41.3232	1.15192e-12
41.7364	1.135e-12
42.1538	1.11831e-12
42.5753	1.10182e-12
43.0011	1.08557e-12
43.4311	1.06952e-12
43.8654	1.05368e-12
44.304	1.03805e-12
44.7471	1.02264e-12
45.1946	1.00742e-12
45.6465	9.92398e-13
46.103	9.77584e-13
46.564	9.62961e-13
47.0296	9.48533e-13
47.4999	9.34298e-13
47.9749	9.20255e-13
48.4547	9.06392e-13
48.9392	8.92717e-13
49.4286	8.7924e-13
49.9229	8.65924e-13
50.4221	8.52796e-13
50.9264	8.39847e-13
51.4356	8.27061e-13
51.95	8.14457e-13
52.4695	8.02027e-13
52.9942	7.89761e-13
53.5241	7.77651e-13
54.0594	7.65724e-13
54.6	7.53949e-13
55.146	7.42341e-13
55.6974	7.30883e-13
56.2544	7.19582e-13
56.8169	7.08443e-13
57.3851	6.97452e-13
57.9589	6.86616e-13
58.5385	6.75924e-13
59.1239	6.65385e-13
59.7152	6.54994e-13
60.3123	6.44741e-13
60.9154	6.34633e-13
61.5246	6.24661e-13
62.1398	6.14835e-13
62.7612	6.05139e-13
63.3888	5.95583e-13
64.0227	5.86157e-13
64.663	5.76866e-13
65.3096	5.67707e-13
65.9627	5.58673e-13
66.6223	5.49772e-13
67.2885	5.40987e-13
67.9614	5.32337e-13
68.641	5.23805e-13
69.3275	5.15388e-13
70.0207	5.071e-13
70.7209	4.98925e-13
71.4281	4.90867e-13
72.1424	4.82926e-13
72.8638	4.75098e-13
73.5925	4.67381e-13
74.3284	4.59778e-13
75.0717	4.52278e-13
75.8224	4.4489e-13
76.5806	4.3761e-13
77.3464	4.30435e-13
78.1199	4.23364e-13
78.9011	4.16394e-13
79.6901	4.09526e-13
80.487	4.0276e-13
81.2919	3.96089e-13
82.1048	3.89518e-13
82.9259	3.83045e-13
83.7551	3.76663e-13
84.5927	3.70378e-13
85.4386	3.64185e-13
86.293	3.58082e-13
87.1559	3.52072e-13
88.0275	3.46148e-13
88.9077	3.40314e-13
89.7968	3.34564e-13
90.6948	3.28904e-13
91.6017	3.23326e-13
92.5178	3.17832e-13
93.4429	3.12419e-13
94.3774	3.0709e-13
95.3211	3.0184e-13
96.2743	2.96667e-13
97.2371	2.91575e-13
98.2095	2.86558e-13
99.1916	2.81618e-13
100.183	2.76753e-13
101.185	2.71961e-13
102.197	2.67244e-13
103.219	2.62597e-13
104.251	2.58024e-13
105.294	2.53518e-13
106.347	2.49083e-13
107.41	2.44716e-13
108.484	2.40417e-13
109.569	2.36185e-13
110.665	2.32016e-13
111.772	2.27915e-13
112.889	2.23876e-13
114.018	2.19899e-13
115.158	2.15985e-13
116.31	2.12133e-13
117.473	2.08341e-13
118.648	2.04609e-13
119.834	2.00936e-13
121.033	1.9732e-13
122.243	1.9376e-13
123.465	1.90259e-13
124.7	1.86812e-13
125.947	1.8342e-13
127.206	1.80084e-13
128.478	1.768e-13
129.763	1.73567e-13
131.061	1.70388e-13
132.372	1.67259e-13
133.695	1.64181e-13
135.032	1.61152e-13
136.383	1.58173e-13
137.746	1.55241e-13
139.124	1.52359e-13
140.515	1.49522e-13
141.92	1.46732e-13
143.339	1.43988e-13
144.773	1.41288e-13
146.221	1.38634e-13
147.683	1.36023e-13
149.16	1.33454e-13
150.651	1.30929e-13
152.158	1.28444e-13
153.679	1.26002e-13
155.216	1.23599e-13
156.768	1.21238e-13
158.336	1.18916e-13
159.919	1.16632e-13
161.518	1.14388e-13
163.134	1.12181e-13
164.765	1.10011e-13
166.413	1.07878e-13
168.077	1.05781e-13
169.757	1.0372e-13
171.455	1.01694e-13
173.17	9.97022e-14
174.901	9.7745e-14
176.65	9.58215e-14
178.417	9.39309e-14
180.201	9.20728e-14
182.003	9.02466e-14
183.823	8.84523e-14
185.661	8.66894e-14
187.518	8.49569e-14
189.393	8.32548e-14
191.287	8.15825e-14
193.2	7.99393e-14
195.132	7.83254e-14
197.083	7.67395e-14
199.054	7.51821e-14
201.045	7.3652e-14
203.055	7.21491e-14
205.086	7.0673e-14
207.136	6.92232e-14
209.208	6.77994e-14
211.3	6.64013e-14
213.413	6.50281e-14
215.547	6.36797e-14
217.702	6.23557e-14
219.879	6.10557e-14
222.078	5.97794e-14
224.299	5.85263e-14
226.542	5.7296e-14
228.807	5.60887e-14
231.095	5.49031e-14
233.406	5.37393e-14
235.741	5.25971e-14
238.098	5.14761e-14
240.479	5.03759e-14
242.884	4.92961e-14
245.313	4.82363e-14
247.766	4.71968e-14
250.243	4.61764e-14
252.746	4.51755e-14
255.273	4.41932e-14
257.826	4.32298e-14
260.404	4.22844e-14
263.008	4.13571e-14
265.638	4.04475e-14
268.295	3.95552e-14
270.978	3.86804e-14
273.687	3.78218e-14
276.424	3.69803e-14
279.189	3.61548e-14
281.98	3.53453e-14
284.8	3.45516e-14
287.648	3.37735e-14
290.525	3.30107e-14
293.43	3.22627e-14
296.364	3.15295e-14
299.328	3.08109e-14
302.321	3.01065e-14
305.344	2.94159e-14
308.398	2.87392e-14
311.482	2.80761e-14
314.597	2.74263e-14
317.743	2.67895e-14
320.92	2.61655e-14
324.129	2.55541e-14
327.37	2.49552e-14
330.644	2.43685e-14
333.951	2.37937e-14
337.29	2.32306e-14
340.663	2.26794e-14
344.07	2.21394e-14
347.51	2.16105e-14
350.985	2.10927e-14
354.495	2.05857e-14
358.04	2.00891e-14
361.621	1.9603e-14
365.237	1.91272e-14
368.889	1.86613e-14
372.578	1.82053e-14
376.304	1.77591e-14
380.067	1.73223e-14
383.868	1.68949e-14
387.706	1.64766e-14
391.583	1.60673e-14
395.499	1.56669e-14
399.454	1.52751e-14
403.449	1.48918e-14
407.483	1.4517e-14
411.558	1.41504e-14
415.674	1.37918e-14
419.83	1.34411e-14
424.029	1.30981e-14
428.269	1.27628e-14
432.552	1.24349e-14
436.877	1.21143e-14
441.246	1.1801e-14
445.658	1.14947e-14
450.115	1.11953e-14
454.616	1.09027e-14
459.162	1.06168e-14
463.754	1.03375e-14
468.391	1.00645e-14
473.075	9.79775e-15
477.806	9.5372e-15
482.584	9.28269e-15
487.41	9.03411e-15
492.284	8.79135e-15
497.207	8.55426e-15
502.179	8.32274e-15
507.201	8.09667e-15
512.273	7.87599e-15
517.396	7.66058e-15
522.57	7.45028e-15
527.795	7.24503e-15
533.073	7.04472e-15
538.404	6.84926e-15
543.788	6.65854e-15
549.226	6.47245e-15
554.718	6.2909e-15
560.265	6.11383e-15
565.868	5.94112e-15
571.527	5.77268e-15
577.242	5.60842e-15
583.014	5.44825e-15
588.844	5.2921e-15
594.733	5.13987e-15
600.68	4.99148e-15
606.687	4.84685e-15
612.754	4.70587e-15
618.881	4.5685e-15
625.07	4.43468e-15
631.321	4.30429e-15
637.634	4.17728e-15
644.011	4.05353e-15
650.451	3.93304e-15
656.955	3.81568e-15
663.525	3.70142e-15
670.16	3.59016e-15
676.862	3.48185e-15
683.63	3.37643e-15
690.466	3.27382e-15
697.371	3.17396e-15
704.345	3.07679e-15
711.388	2.98223e-15
718.502	2.89025e-15
725.687	2.8008e-15
732.944	2.71377e-15
740.273	2.62915e-15
747.676	2.54686e-15
755.153	2.46685e-15
762.705	2.38906e-15
770.332	2.31345e-15
778.035	2.23996e-15
785.815	2.16854e-15
793.673	2.09915e-15
801.61	2.03173e-15
809.626	1.96623e-15
817.722	1.90262e-15
825.9	1.84083e-15
834.159	1.78083e-15
842.5	1.72257e-15
850.925	1.66601e-15
859.435	1.61111e-15
868.029	1.55782e-15
876.709	1.5061e-15
885.476	1.45592e-15
894.331	1.40724e-15
903.274	1.36001e-15
912.307	1.31419e-15
921.43	1.26976e-15
930.644	1.22668e-15
939.951	1.1849e-15
949.35	1.1444e-15
958.844	1.10515e-15
968.432	1.0671e-15
978.117	1.03023e-15
987.898	9.94503e-16
997.777	9.59897e-16
1007.75	9.26368e-16
1017.83	8.93893e-16
1028.01	8.62448e-16
1038.29	8.31999e-16
1048.67	8.02521e-16
1059.16	7.73985e-16
1069.75	7.46368e-16
1080.45	7.19639e-16
1091.25	6.93777e-16
1102.17	6.68754e-16
1113.19	6.44553e-16
1124.32	6.21142e-16
1135.56	5.985e-16
1146.92	5.7661e-16
1158.39	5.55446e-16
1169.97	5.34987e-16
1181.67	5.1521e-16
1193.49	4.961e-16
1205.42	4.77634e-16
1217.48	4.59796e-16
1229.65	4.42562e-16
1241.95	4.25919e-16
1254.37	4.09845e-16
1266.91	3.94325e-16
1279.58	3.79342e-16
1292.38	3.6488e-16
1305.3	3.50921e-16
1318.35	3.37447e-16
1331.54	3.2445e-16
1344.85	3.11911e-16
1358.3	2.99814e-16
1371.88	2.88147e-16
1385.6	2.76897e-16
1399.46	2.66049e-16
1413.45	2.55592e-16
1427.59	2.45512e-16
1441.86	2.35797e-16
1456.28	2.26435e-16
1470.85	2.17415e-16
1485.55	2.08726e-16
1500.41	2.00357e-16
1515.41	1.92296e-16
1530.57	1.84534e-16
1545.87	1.7706e-16
1561.33	1.69867e-16
1576.95	1.62942e-16
1592.71	1.56277e-16
1608.64	1.49864e-16
1624.73	1.43695e-16
1640.98	1.3776e-16
1657.39	1.32052e-16
1673.96	1.26562e-16
1690.7	1.21282e-16
1707.61	1.16208e-16
1724.68	1.11329e-16
1741.93	1.06641e-16
1759.35	1.02135e-16
1776.94	9.78054e-17
1794.71	9.36459e-17
1812.66	8.96504e-17
1830.78	8.58129e-17
1849.09	8.21278e-17
1867.58	7.85895e-17
1886.26	7.5193e-17
1905.12	7.19325e-17
1924.17	6.88034e-17
1943.41	6.58005e-17
1962.85	6.29193e-17
1982.48	6.01558e-17
2002.3	5.75048e-17
2022.32	5.49625e-17
2042.55	5.25247e-17
2062.97	5.01874e-17
2083.6	4.79468e-17
2104.44	4.57992e-17
2125.48	4.37413e-17
2146.74	4.17692e-17
2168.21	3.988e-17
2189.89	3.80703e-17
2211.79	3.6337e-17
2233.9	3.46774e-17
2256.24	3.3088e-17
2278.81	3.15668e-17
2301.59	3.01107e-17
2324.61	2.8717e-17
2347.86	2.73835e-17
2371.34	2.61076e-17
2395.05	2.48872e-17
2419	2.37198e-17
2443.19	2.26034e-17
2467.62	2.15361e-17
2492.3	2.05156e-17
2517.22	1.95402e-17
2542.39	1.86081e-17
2567.82	1.77173e-17
2593.49	1.68663e-17
2619.43	1.60534e-17
2645.62	1.5277e-17
2672.08	1.45356e-17
2698.8	1.38278e-17
2725.79	1.3152e-17
2753.05	1.2507e-17
2780.58	1.18914e-17
2808.38	1.13041e-17
2836.47	1.07438e-17
2864.83	1.02094e-17
2893.48	9.69971e-18
2922.41	9.21367e-18
2951.64	8.75039e-18
2981.15	8.30879e-18
3010.97	7.88792e-18
3041.08	7.48694e-18
3071.49	7.10491e-18
3102.2	6.74106e-18
3133.22	6.39451e-18
3164.56	6.0646e-18
3196.2	5.75045e-18
3228.16	5.45151e-18
3260.45	5.167e-18
3293.05	4.89632e-18
3325.98	4.6388e-18
3359.24	4.3939e-18
3392.83	4.16099e-18
3426.76	3.9396e-18
3461.03	3.72915e-18
3495.64	3.52915e-18
3530.59	3.33912e-18
3565.9	3.15864e-18
3601.56	2.98722e-18
3637.58	2.82442e-18
3673.95	2.66989e-18
3710.69	2.52318e-18
3747.8	2.384e-18
3785.28	2.25193e-18
3823.13	2.12666e-18
3861.36	2.00786e-18
3899.97	1.89521e-18
3938.97	1.78844e-18
3978.36	1.68726e-18
4018.15	1.59138e-18
4058.33	1.50058e-18
4098.91	1.41458e-18
4139.9	1.33316e-18
4181.3	1.2561e-18
4223.11	1.18315e-18
4265.34	1.11415e-18
4308	1.04888e-18
4351.08	9.8716e-19
4394.59	9.28805e-19
4438.53	8.73646e-19
4482.92	8.2153e-19
4527.75	7.72292e-19
4573.03	7.25793e-19
4618.76	6.819e-19
4664.94	6.40462e-19
4711.59	6.0136e-19
4758.71	5.64475e-19
4806.3	5.29689e-19
4854.36	4.96895e-19
4902.9	4.65977e-19
4951.93	4.3685e-19
5001.45	4.09408e-19
5051.46	3.83565e-19
5101.98	3.59235e-19
5153	3.36335e-19
5204.53	3.14785e-19
5256.57	2.94519e-19
5309.14	2.75461e-19
5362.23	2.5755e-19
5415.85	2.40717e-19
5470.01	2.24906e-19
5524.71	2.10059e-19
5579.96	1.96121e-19
5635.76	1.83042e-19
5692.12	1.7077e-19
5749.04	1.59264e-19
5806.53	1.48476e-19
5864.59	1.38367e-19
5923.24	1.28896e-19
5982.47	1.20025e-19
6042.3	1.11721e-19
6102.72	1.0395e-19
6163.75	9.66815e-20
6225.38	8.98856e-20
6287.64	8.35326e-20
6350.51	7.7597e-20
6414.02	7.20535e-20
6478.16	6.68779e-20
6542.94	6.2048e-20
6608.37	5.75418e-20
6674.45	5.33403e-20
6741.2	4.94239e-20
6808.61	4.57743e-20
6876.7	4.23754e-20
6945.46	3.92107e-20
7014.92	3.62658e-20
7085.07	3.35266e-20
7155.92	3.09801e-20
7227.48	2.86138e-20
7299.75	2.64158e-20
7372.75	2.43749e-20
7446.48	2.24811e-20
7520.94	2.07242e-20
7596.15	1.90953e-20
7672.11	1.75856e-20
7748.83	1.61874e-20
7826.32	1.48927e-20
7904.59	1.36945e-20
7983.63	1.25861e-20
8063.47	1.15613e-20
8144.1	1.06142e-20
8225.54	9.73976e-21
8307.8	8.93254e-21
8390.88	8.18786e-21
8474.79	7.5011e-21
8559.53	6.86819e-21
8645.13	6.28522e-21
8731.58	5.74847e-21
8818.9	5.25467e-21
8907.09	4.80053e-21
8996.16	4.38311e-21
9086.12	3.99965e-21
9176.98	3.64755e-21
9268.75	3.32447e-21
9361.44	3.02815e-21
9455.05	2.75654e-21
9549.6	2.50779e-21
9645.1	2.28011e-21
9741.55	2.07181e-21
9838.96	1.88136e-21
9937.35	1.70735e-21
10036.7	1.54843e-21
10137.1	1.40342e-21
10238.5	1.27116e-21
10340.9	1.15062e-21
10444.3	1.04081e-21
10548.7	9.40856e-22
10654.2	8.49917e-22
10760.7	7.67242e-22
10868.3	6.9212e-22
10977	6.23917e-22
11086.8	5.62045e-22
11197.7	5.0596e-22
11309.6	4.55144e-22
11422.7	4.09139e-22
11537	3.67521e-22
11652.3	3.29894e-22
11768.9	2.95901e-22
11886.5	2.65216e-22
12005.4	2.37535e-22
12125.5	2.12579e-22
12246.7	1.90101e-22
12369.2	1.69865e-22
12492.9	1.51663e-22
12617.8	1.35302e-22
12744	1.2061e-22
12871.4	1.07428e-22
13000.1	9.56106e-23
13130.1	8.50232e-23
13261.4	7.5546e-23
13394.1	6.70703e-23
13528	5.9495e-23
13663.3	5.27307e-23
13799.9	4.66957e-23
13937.9	4.13156e-23
14077.3	3.65234e-23
14218.1	3.22587e-23
14360.2	2.84662e-23
14503.8	2.50964e-23
14648.9	2.2105e-23
14795.4	1.94524e-23
14943.3	1.71025e-23
15092.8	1.50225e-23
15243.7	1.31828e-23
15396.1	1.15577e-23
15550.1	1.01231e-23
15705.6	8.85795e-24
15862.6	7.74338e-24
16021.3	6.7623e-24
16181.5	5.89966e-24
16343.3	5.14183e-24
16506.7	4.47675e-24
16671.8	3.89361e-24
16838.5	3.38278e-24
17006.9	2.93585e-24
17177	2.54525e-24
17348.7	2.20425e-24
17522.2	1.90687e-24
17697.4	1.6478e-24
17874.4	1.42234e-24
18053.2	1.22635e-24
18233.7	1.05618e-24
18416	9.08568e-25
18600.2	7.80685e-25
18786.2	6.70016e-25
18974.1	5.74351e-25
19163.8	4.9175e-25
19355.4	4.20511e-25
19549	3.59137e-25
19744.5	3.06339e-25
19941.9	2.60976e-25
20141.3	2.22048e-25
20342.7	1.88685e-25
20546.2	1.60126e-25
20751.6	1.35712e-25
20959.2	1.14867e-25
21168.7	9.70946e-26
21380.4	8.196e-26
21594.2	6.90894e-26
21810.2	5.81589e-26
22028.3	4.88887e-26
22248.6	4.10373e-26
22471.1	3.43966e-26
22695.8	2.87873e-26
22922.7	2.40573e-26
23151.9	2.00743e-26
23383.5	1.67255e-26
23617.3	1.39141e-26
23853.5	1.15574e-26
24092	9.58484e-27
24332.9	7.93637e-27
24576.3	6.56088e-27
24822	5.41503e-27
25070.2	4.46196e-27
25320.9	3.67052e-27
25574.2	3.01439e-27
25829.9	2.47132e-27
26088.2	2.02255e-27
26349.1	1.65235e-27
26612.6	1.34752e-27
26878.7	1.09697e-27
27147.5	8.91396e-28
27419	7.23021e-28
27693.1	5.85369e-28
27970.1	4.73038e-28
28249.8	3.81539e-28
28532.3	3.0715e-28
28817.6	2.46785e-28
29105.8	1.97897e-28
29396.8	1.58378e-28
29690.8	1.26496e-28
29987.7	1.00826e-28
30287.6	8.01983e-29
30590.5	6.36567e-29
30896.4	5.04206e-29
31205.3	3.98516e-29
31517.4	3.14303e-29
31832.6	2.47345e-29
32150.9	1.94222e-29
32472.4	1.52169e-29
32797.1	1.18952e-29
33125.1	9.27744e-30
33456.3	7.21907e-30
33790.9	5.60425e-30
34128.8	4.34039e-30
34470.1	3.35352e-30
34814.8	2.58477e-30
35162.9	1.98732e-30
35514.6	1.52417e-30
35869.7	1.16603e-30
36228.4	8.8979e-31
36590.7	6.77257e-31
36956.6	5.14155e-31
37326.2	3.89313e-31
37699.4	2.94004e-31
38076.4	2.21434e-31
38457.2	1.66326e-31
38841.8	1.24592e-31
39230.2	9.30713e-32
39622.5	6.93309e-32
40018.7	5.15003e-32
40418.9	3.81458e-32
40823.1	2.8172e-32
41231.3	2.07451e-32
41643.6	1.5231e-32
42060.1	1.11492e-32
42480.7	8.13661e-33
42905.5	5.91995e-33
43334.5	4.29388e-33
43767.9	3.10475e-33
44205.6	2.23786e-33
44647.6	1.60788e-33
45094.1	1.15153e-33
45545	8.22018e-34
46000.5	5.84866e-34
46460.5	4.1475e-34
46925.1	2.93125e-34
47394.3	2.06459e-34
47868.3	1.44917e-34
48347	1.01366e-34
48830.4	7.06553e-35
49318.7	4.90742e-35
49811.9	3.39628e-35
50310	2.34196e-35
50813.1	1.60903e-35
51321.3	1.10139e-35
51834.5	7.51095e-36
52352.8	5.10277e-36
52876.4	3.45349e-36
53405.1	2.32829e-36
53939.2	1.56358e-36
54478.6	1.0459e-36
55023.4	6.96824e-37
55573.6	4.62389e-37
56129.3	3.05581e-37
56690.6	2.01122e-37
57257.5	1.31823e-37
57830.1	8.60396e-38
58408.4	5.59198e-38
58992.5	3.61887e-38
59582.4	2.33186e-38
60178.2	1.496e-38
60780	9.55531e-39
61387.8	6.07603e-39
62001.7	3.84625e-39
62621.7	2.4237e-39
63247.9	1.52026e-39
63880.4	9.49149e-40
64519.2	5.89808e-40
65164.4	3.64776e-40
65816	2.24522e-40
66474.2	1.37527e-40
67138.9	8.38287e-41
67810.3	5.08453e-41
68488.4	3.0686e-41
69173.3	1.84263e-41
69865.1	1.10084e-41
70563.7	6.54296e-42
71269.3	3.86871e-42
71982	2.27551e-42
72701.9	1.33133e-42
73428.9	7.74751e-43
74163.2	4.48419e-43
74904.8	2.58125e-43
75653.8	1.47767e-43
76410.4	8.41196e-44
77174.5	4.76178e-44
77946.2	2.6802e-44
78725.7	1.49991e-44
79513	8.34528e-45
80308.1	4.61599e-45
81111.2	2.53813e-45
81922.3	1.38727e-45
82741.5	7.53668e-46
83568.9	4.06954e-46
84404.6	2.18388e-46
85248.6	1.16467e-46
86101.1	6.17215e-47
86962.1	3.25018e-47
87831.8	1.70054e-47
88710.1	8.83988e-48
89597.2	4.56517e-48
90493.2	2.34202e-48
91398.1	1.19348e-48
92312.1	6.04098e-49
93235.2	3.03692e-49
94167.5	1.51623e-49
95109.2	7.51744e-50
96060.3	3.70101e-50
97020.9	1.80919e-50
97991.1	8.78074e-51
98971	4.23085e-51
99960.7	2.02368e-51
