1007.75	2.59565e+12
1017.83	3.82719e+12
1028.01	4.66353e+12
1038.29	5.30077e+12
1048.67	5.80952e+12
1059.16	6.22544e+12
1069.75	6.56992e+12
1080.45	6.85684e+12
1091.25	7.0964e+12
1102.17	7.29577e+12
1113.19	7.46081e+12
1124.32	7.5959e+12
1135.56	7.70476e+12
1146.92	7.79053e+12
1158.39	7.85568e+12
1169.97	7.90242e+12
1181.67	7.93257e+12
1193.49	7.94793e+12
1205.42	7.94998e+12
1217.48	7.93989e+12
1229.65	7.91895e+12
1241.95	7.88812e+12
1254.37	7.84833e+12
1266.91	7.8004e+12
1279.58	7.74511e+12
1292.38	7.68324e+12
1305.3	7.61519e+12
1318.35	7.54162e+12
1331.54	7.46326e+12
1344.85	7.38035e+12
1358.3	7.29335e+12
1371.88	7.20267e+12
1385.6	7.10882e+12
1399.46	7.01214e+12
1413.45	6.91295e+12
1427.59	6.81159e+12
1441.86	6.7083e+12
1456.28	6.60336e+12
1470.85	6.49703e+12
1485.55	6.38949e+12
1500.41	6.28104e+12
1515.41	6.17173e+12
1530.57	6.06183e+12
1545.87	5.95154e+12
1561.33	5.84098e+12
1576.95	5.7302e+12
1592.71	5.61941e+12
1608.64	5.50878e+12
1624.73	5.39847e+12
1640.98	5.28851e+12
1657.39	5.17909e+12
1673.96	5.07027e+12
1690.7	4.96209e+12
1707.61	4.85475e+12
1724.68	4.74822e+12
1741.93	4.64262e+12
1759.35	4.53794e+12
1776.94	4.43428e+12
1794.71	4.33174e+12
1812.66	4.2303e+12
1830.78	4.12999e+12
1849.09	4.03087e+12
1867.58	3.93303e+12
1886.26	3.8365e+12
1905.12	3.7413e+12
1924.17	3.64747e+12
1943.41	3.55501e+12
1962.85	3.46395e+12
1982.48	3.37438e+12
2002.3	3.2862e+12
2022.32	3.19951e+12
2042.55	3.11424e+12
2062.97	3.03043e+12
2083.6	2.94814e+12
2104.44	2.86728e+12
2125.48	2.78788e+12
2146.74	2.70996e+12
2168.21	2.63355e+12
2189.89	2.5586e+12
2211.79	2.48517e+12
2233.9	2.41322e+12
2256.24	2.34274e+12
2278.81	2.27376e+12
2301.59	2.20625e+12
2324.61	2.14018e+12
2347.86	2.07554e+12
2371.34	2.01235e+12
2395.05	1.95058e+12
2419	1.8902e+12
2443.19	1.83121e+12
2467.62	1.77355e+12
2492.3	1.71726e+12
2517.22	1.66234e+12
2542.39	1.60875e+12
2567.82	1.55647e+12
2593.49	1.50551e+12
2619.43	1.45583e+12
2645.62	1.40742e+12
2672.08	1.36028e+12
2698.8	1.31436e+12
2725.79	1.26965e+12
2753.05	1.22613e+12
2780.58	1.18378e+12
2808.38	1.14259e+12
2836.47	1.10252e+12
2864.83	1.06353e+12
2893.48	1.02565e+12
2922.41	9.8884e+11
2951.64	9.53099e+11
2981.15	9.18395e+11
3010.97	8.84706e+11
3041.08	8.52015e+11
3071.49	8.20302e+11
3102.2	7.89553e+11
3133.22	7.59735e+11
3164.56	7.30842e+11
3196.2	7.02832e+11
3228.16	6.75708e+11
3260.45	6.49437e+11
3293.05	6.23996e+11
3325.98	5.99356e+11
3359.24	5.75528e+11
3392.83	5.52476e+11
3426.76	5.30195e+11
3461.03	5.08658e+11
3495.64	4.87847e+11
3530.59	4.67743e+11
3565.9	4.48337e+11
3601.56	4.29602e+11
3637.58	4.11519e+11
3673.95	3.94077e+11
3710.69	3.77248e+11
3747.8	3.61027e+11
3785.28	3.45389e+11
3823.13	3.30319e+11
3861.36	3.15795e+11
3899.97	3.0181e+11
3938.97	2.88353e+11
3978.36	2.75402e+11
4018.15	2.62947e+11
4058.33	2.50972e+11
4098.91	2.39461e+11
4139.9	2.28401e+11
4181.3	2.17777e+11
4223.11	2.07575e+11
4265.34	1.97783e+11
4308	1.88386e+11
4351.08	1.79372e+11
4394.59	1.70726e+11
4438.53	1.62434e+11
4482.92	1.54488e+11
4527.75	1.46876e+11
4573.03	1.39589e+11
4618.76	1.32616e+11
4664.94	1.25943e+11
4711.59	1.19561e+11
4758.71	1.13459e+11
4806.3	1.07629e+11
4854.36	1.0206e+11
4902.9	9.67399e+10
4951.93	9.16632e+10
5001.45	8.68175e+10
5051.46	8.21953e+10
5101.98	7.77874e+10
5153	7.35844e+10
5204.53	6.95789e+10
5256.57	6.57649e+10
5309.14	6.21343e+10
5362.23	5.86806e+10
5415.85	5.53953e+10
5470.01	5.2272e+10
5524.71	4.93042e+10
5579.96	4.64848e+10
5635.76	4.38083e+10
5692.12	4.12673e+10
5749.04	3.8857e+10
5806.53	3.65711e+10
5864.59	3.44045e+10
5923.24	3.23512e+10
5982.47	3.04056e+10
6042.3	2.85637e+10
6102.72	2.68211e+10
6163.75	2.51731e+10
6225.38	2.36157e+10
6287.64	2.2144e+10
6350.51	2.07543e+10
6414.02	1.94426e+10
6478.16	1.8205e+10
6542.94	1.70381e+10
6608.37	1.59381e+10
6674.45	1.49019e+10
6741.2	1.3926e+10
6808.61	1.30073e+10
6876.7	1.2143e+10
6945.46	1.13298e+10
7014.92	1.05657e+10
7085.07	9.84798e+09
7155.92	9.17422e+09
7227.48	8.54219e+09
7299.75	7.94947e+09
7372.75	7.3939e+09
7446.48	6.8736e+09
7520.94	6.38636e+09
7596.15	5.93047e+09
7672.11	5.50403e+09
7748.83	5.10549e+09
7826.32	4.73313e+09
7904.59	4.38538e+09
7983.63	4.06081e+09
8063.47	3.75794e+09
8144.1	3.47562e+09
8225.54	3.21268e+09
8307.8	2.96789e+09
8390.88	2.74015e+09
8474.79	2.52836e+09
8559.53	2.33154e+09
8645.13	2.14875e+09
8731.58	1.97908e+09
8818.9	1.8217e+09
8907.09	1.67581e+09
8996.16	1.54063e+09
9086.12	1.41545e+09
9176.98	1.2996e+09
9268.75	1.19245e+09
9361.44	1.09337e+09
9455.05	1.00186e+09
9549.6	9.17414e+08
9645.1	8.39542e+08
9741.55	7.67766e+08
9838.96	7.01655e+08
9937.35	6.40809e+08
10036.7	5.84833e+08
10137.1	5.33388e+08
10238.5	4.86132e+08
10340.9	4.42754e+08
10444.3	4.02962e+08
10548.7	3.66483e+08
10654.2	3.33062e+08
10760.7	3.02464e+08
10868.3	2.74464e+08
10977	2.48872e+08
11086.8	2.25501e+08
11197.7	2.04174e+08
11309.6	1.84725e+08
11422.7	1.67002e+08
11537	1.50866e+08
11652.3	1.36183e+08
11768.9	1.22834e+08
11886.5	1.10709e+08
12005.4	9.97021e+07
12125.5	8.97164e+07
12246.7	8.06669e+07
12369.2	7.24697e+07
12492.9	6.50497e+07
12617.8	5.83393e+07
12744	5.22777e+07
12871.4	4.68068e+07
13000.1	4.18735e+07
13130.1	3.74283e+07
13261.4	3.34262e+07
13394.1	2.98268e+07
13528	2.65915e+07
13663.3	2.36863e+07
13799.9	2.10799e+07
13937.9	1.87435e+07
14077.3	1.66509e+07
14218.1	1.47785e+07
14360.2	1.31043e+07
14503.8	1.16083e+07
14648.9	1.02732e+07
14795.4	9.08308e+06
14943.3	8.02321e+06
15092.8	7.0802e+06
15243.7	6.2419e+06
15396.1	5.49754e+06
15550.1	4.83717e+06
15705.6	4.25186e+06
15862.6	3.73363e+06
16021.3	3.27521e+06
16181.5	2.87016e+06
16343.3	2.51257e+06
16506.7	2.19722e+06
16671.8	1.91937e+06
16838.5	1.67476e+06
17006.9	1.45972e+06
17177	1.27091e+06
17348.7	1.1053e+06
17522.2	960205
17697.4	833218
17874.4	722204
18053.2	625266
18233.7	540717
18416	467048
18600.2	402943
18786.2	347221
18974.1	298843
19163.8	256888
19355.4	220545
19549	189096
19744.5	161925
19941.9	138482
20141.3	118279
20342.7	100892
20546.2	85947.2
20751.6	73118.9
20959.2	62121
21168.7	52705.9
21380.4	44656
21594.2	37782.9
21810.2	31922.6
22028.3	26932.7
22248.6	22689.8
22471.1	19086.9
22695.8	16031.4
22922.7	13444.9
23151.9	11258.6
23383.5	9413.41
23617.3	7858.44
23853.5	6550.05
24092	5450.87
24332.9	4528.88
24576.3	3756.73
24822	3111.14
25070.2	2572.22
25320.9	2123.07
25574.2	1749.38
25829.9	1438.97
26088.2	1181.55
26349.1	968.426
26612.6	792.328
26878.7	647.081
27147.5	527.497
27419	429.218
27693.1	348.598
27970.1	282.586
28249.8	228.636
28532.3	184.629
28817.6	148.8
29105.8	119.688
29396.8	96.0784
29690.8	76.9697
29987.7	61.5346
30287.6	49.0912
30590.5	39.0807
30896.4	31.0454
31205.3	24.6092
31517.4	19.4649
31832.6	15.3621
32150.9	12.0972
32472.4	9.50469
32797.1	7.45081
33125.1	5.82733
33456.3	4.547
33790.9	3.53961
34128.8	2.74886
34470.1	2.12963
34814.8	1.64587
35162.9	1.26882
35514.6	0.975698
35869.7	0.748399
36228.4	0.572589
36590.7	0.436951
36956.6	0.332574
37326.2	0.252464
37699.4	0.19114
38076.4	0.144322
38457.2	0.108675
38841.8	0.0816078
39230.2	0.0611116
39622.5	0.0456344
40018.7	0.0339802
40418.9	0.0252293
40823.1	0.0186771
41231.3	0.0137857
41643.6	0.0101451
42060.1	0.00744349
42480.7	0.00544472
42905.5	0.00397045
43334.5	0.00288639
43767.9	0.00209173
44205.6	0.00151104
44647.6	0.00108807
45094.1	0.000780957
45545	0.000558696
46000.5	0.00039837
46460.5	0.000283103
46925.1	0.000200508
47394.3	0.000141522
47868.3	9.95433e-05
48347	6.97724e-05
48830.4	4.87328e-05
49318.7	3.39164e-05
49811.9	2.35198e-05
50310	1.62508e-05
50813.1	1.11871e-05
51321.3	7.67264e-06
51834.5	5.24253e-06
52352.8	3.56852e-06
52876.4	2.41974e-06
53405.1	1.63444e-06
53939.2	1.09968e-06
54478.6	7.36962e-07
55023.4	4.91901e-07
55573.6	3.27006e-07
56129.3	2.16501e-07
56690.6	1.42749e-07
57257.5	9.37291e-08
57830.1	6.12841e-08
58408.4	3.99e-08
58992.5	2.58662e-08
59582.4	1.66957e-08
60178.2	1.07293e-08
60780	6.86463e-09
61387.8	4.37237e-09
62001.7	2.77238e-09
62621.7	1.74987e-09
63247.9	1.09939e-09
63880.4	6.87492e-10
64519.2	4.27894e-10
65164.4	2.65056e-10
65816	1.63399e-10
66474.2	1.00243e-10
67138.9	6.11965e-11
67810.3	3.71745e-11
68488.4	2.24693e-11
69173.3	1.35126e-11
69865.1	8.08477e-12
70563.7	4.81233e-12
71269.3	2.84957e-12
71982	1.67848e-12
72701.9	9.83432e-13
73428.9	5.73107e-13
74163.2	3.32175e-13
74904.8	1.91477e-13
75653.8	1.09764e-13
76410.4	6.25709e-14
77174.5	3.54675e-14
77946.2	1.99899e-14
78725.7	1.12017e-14
79513	6.24064e-15
80308.1	3.45636e-15
81111.2	1.90295e-15
81922.3	1.04143e-15
82741.5	5.66495e-16
83568.9	3.06271e-16
84404.6	1.64561e-16
85248.6	8.78689e-17
86101.1	4.66229e-17
86962.1	2.45807e-17
87831.8	1.28764e-17
88710.1	6.70141e-18
89597.2	3.46486e-18
90493.2	1.7796e-18
91398.1	9.07925e-19
92312.1	4.60083e-19
93235.2	2.31554e-19
94167.5	1.15736e-19
95109.2	5.74454e-20
96060.3	2.83128e-20
97020.9	1.38554e-20
97991.1	6.73183e-21
98971	3.24708e-21
99960.7	1.55477e-21
