290.985	1.16863e-25
290.989	6.56552e-25
290.995	2.50419e-24
290.905	7.48425e-24
290.916	1.88684e-23
290.831	4.20768e-23
290.844	8.52107e-23
290.762	1.6046e-22
290.778	2.84171e-22
290.699	4.79304e-22
290.718	7.74482e-22
290.642	1.20891e-21
290.567	1.82846e-21
290.495	2.69466e-21
290.423	3.87893e-21
290.352	5.46859e-21
290.284	7.56172e-21
290.217	1.02913e-20
290.152	1.3797e-20
290.087	1.82316e-20
290.024	2.38126e-20
289.866	3.07585e-20
289.805	3.93067e-20
289.746	4.97485e-20
289.592	6.2422e-20
289.536	7.76593e-20
289.384	9.59018e-20
289.233	1.17677e-19
289.182	1.43164e-19
289.033	1.73408e-19
288.886	2.08639e-19
288.838	2.49571e-19
288.694	2.97063e-19
288.55	3.52136e-19
288.408	4.15145e-19
288.269	4.87265e-19
288.127	5.70006e-19
287.989	6.63605e-19
287.853	7.70267e-19
287.616	8.91152e-19
287.48	1.02634e-18
287.348	1.17909e-18
287.213	1.34932e-18
286.983	1.54115e-18
286.852	1.75333e-18
286.621	1.99309e-18
286.493	2.25529e-18
286.266	2.54842e-18
286.139	2.86948e-18
285.912	3.22707e-18
285.688	3.62399e-18
285.562	4.05319e-18
285.339	4.52881e-18
285.116	5.05012e-18
284.893	5.62056e-18
284.774	6.23658e-18
284.551	6.91568e-18
284.333	7.66131e-18
284.113	8.46625e-18
283.894	9.34052e-18
283.676	1.02888e-17
283.458	1.1316e-17
283.241	1.24272e-17
283.024	1.3628e-17
282.707	1.49409e-17
282.49	1.63395e-17
282.275	1.78456e-17
282.06	1.94653e-17
281.743	2.12305e-17
281.531	2.30816e-17
281.316	2.50859e-17
280.999	2.72646e-17
280.788	2.95644e-17
280.575	3.20241e-17
280.258	3.46929e-17
280.047	3.75001e-17
279.732	4.05426e-17
279.52	4.37014e-17
279.205	4.71554e-17
278.888	5.08369e-17
278.677	5.46897e-17
278.363	5.8852e-17
278.152	6.31497e-17
277.836	6.78412e-17
277.52	7.28215e-17
277.204	7.81043e-17
276.992	8.35345e-17
276.676	8.9455e-17
276.36	9.57239e-17
276.044	1.02271e-16
275.831	1.09146e-16
275.515	1.16541e-16
275.197	1.24251e-16
274.88	1.32491e-16
274.56	1.41185e-16
274.241	1.50227e-16
273.922	1.5988e-16
273.71	1.69835e-16
273.389	1.80375e-16
273.069	1.91615e-16
272.748	2.03267e-16
272.427	2.15682e-16
272.104	2.28541e-16
271.781	2.42234e-16
271.459	2.56604e-16
271.135	2.71459e-16
270.81	2.87265e-16
270.485	3.03581e-16
270.158	3.20937e-16
269.832	3.38829e-16
269.505	3.57847e-16
269.177	3.77436e-16
268.738	3.98428e-16
268.409	4.20208e-16
268.078	4.42605e-16
267.746	4.66383e-16
267.414	4.9081e-16
267.083	5.16725e-16
266.747	5.43339e-16
266.413	5.7156e-16
266.078	6.00485e-16
265.742	6.30632e-16
265.404	6.62602e-16
264.952	6.96274e-16
264.613	7.30387e-16
264.272	7.66543e-16
263.932	8.03492e-16
263.588	8.42669e-16
263.244	8.82669e-16
262.901	9.24226e-16
262.554	9.68273e-16
262.093	1.0146e-15
261.745	1.06131e-15
261.395	1.11077e-15
261.045	1.16116e-15
260.694	1.21343e-15
260.342	1.26765e-15
259.987	1.32508e-15
259.632	1.38346e-15
259.157	1.44608e-15
258.801	1.51018e-15
258.442	1.57534e-15
258.082	1.64283e-15
257.722	1.7127e-15
257.357	1.78666e-15
256.995	1.86162e-15
256.628	1.93811e-15
256.262	2.01834e-15
255.894	2.10322e-15
255.404	2.1925e-15
255.033	2.28153e-15
254.66	2.37361e-15
254.286	2.46876e-15
253.912	2.56936e-15
253.534	2.67109e-15
253.155	2.77623e-15
252.776	2.88474e-15
252.395	2.99685e-15
252.012	3.11261e-15
251.627	3.23501e-15
251.241	3.35847e-15
250.855	3.48584e-15
250.466	3.6173e-15
250.075	3.75296e-15
249.695	3.89222e-15
249.301	4.04013e-15
248.918	4.18836e-15
248.522	4.34183e-15
248.136	4.49927e-15
247.735	4.66239e-15
247.345	4.82964e-15
246.954	5.00193e-15
246.563	5.18402e-15
246.168	5.36692e-15
245.772	5.55529e-15
245.374	5.74922e-15
244.988	5.94785e-15
244.588	6.15319e-15
244.198	6.36355e-15
243.794	6.58107e-15
243.401	6.80369e-15
243.006	7.0327e-15
242.611	7.27474e-15
242.211	7.51724e-15
241.811	7.76638e-15
241.41	8.02255e-15
241.02	8.28431e-15
240.615	8.55482e-15
240.222	8.8313e-15
239.827	9.1153e-15
239.416	9.40872e-15
239.018	9.70821e-15
238.617	1.00161e-14
238.215	1.03319e-14
237.825	1.06544e-14
237.418	1.09979e-14
237.012	1.13398e-14
236.616	1.16888e-14
236.218	1.2047e-14
235.806	1.24166e-14
235.406	1.27934e-14
235.002	1.31802e-14
234.598	1.35766e-14
234.206	1.39805e-14
233.798	1.43974e-14
233.402	1.48221e-14
232.991	1.52602e-14
232.591	1.57064e-14
232.19	1.61636e-14
231.788	1.66319e-14
231.383	1.71122e-14
230.976	1.7604e-14
230.569	1.81074e-14
230.174	1.86199e-14
229.761	1.91484e-14
229.362	1.96858e-14
228.948	2.02592e-14
228.545	2.08231e-14
228.14	2.14007e-14
227.733	2.19788e-14
227.341	2.25784e-14
226.931	2.31968e-14
226.519	2.38295e-14
226.12	2.44721e-14
225.719	2.51295e-14
225.303	2.58071e-14
224.899	2.64948e-14
224.494	2.71978e-14
224.1	2.79117e-14
223.69	2.8647e-14
223.28	2.93984e-14
222.882	3.01607e-14
222.467	3.09465e-14
222.066	3.17429e-14
221.663	3.25568e-14
221.258	3.33885e-14
220.851	3.42384e-14
220.443	3.51065e-14
220.032	3.59936e-14
219.637	3.68912e-14
219.222	3.78172e-14
218.823	3.87535e-14
218.421	3.97101e-14
218.017	4.0687e-14
217.612	4.16842e-14
217.204	4.27029e-14
216.796	4.37418e-14
216.387	4.4802e-14
215.989	4.58754e-14
215.576	4.70277e-14
215.175	4.81468e-14
214.773	4.92878e-14
214.355	5.04626e-14
213.95	5.16504e-14
213.559	5.285e-14
213.151	5.40856e-14
212.74	5.53463e-14
212.344	5.66183e-14
211.931	5.79293e-14
211.531	5.92532e-14
211.114	6.06164e-14
210.712	6.19908e-14
210.308	6.33928e-14
209.902	6.4822e-14
209.51	6.62625e-14
209.101	6.77471e-14
208.691	6.92597e-14
208.294	7.07844e-14
207.881	7.23543e-14
207.482	7.3937e-14
207.079	7.55503e-14
206.677	7.72736e-14
206.272	7.89495e-14
205.867	8.06544e-14
205.459	8.23923e-14
205.067	8.41403e-14
204.656	8.59423e-14
204.261	8.77545e-14
203.847	8.96228e-14
203.447	9.15022e-14
203.047	9.34148e-14
202.646	9.53602e-14
202.241	9.72864e-14
201.837	9.93004e-14
201.43	1.01352e-13
201.038	1.03413e-13
200.629	1.05651e-13
200.235	1.07787e-13
199.821	1.09991e-13
199.424	1.122e-13
199.024	1.14449e-13
198.624	1.16736e-13
198.222	1.19061e-13
197.819	1.21428e-13
197.413	1.23835e-13
197.024	1.26248e-13
196.616	1.28735e-13
196.225	1.31374e-13
195.813	1.33951e-13
195.417	1.36532e-13
195.021	1.39154e-13
194.623	1.41821e-13
194.224	1.44532e-13
193.822	1.47287e-13
193.419	1.50089e-13
193.016	1.52934e-13
192.629	1.55954e-13
192.221	1.58898e-13
191.831	1.6184e-13
191.42	1.64879e-13
191.027	1.67918e-13
190.632	1.71002e-13
190.236	1.74134e-13
189.839	1.77519e-13
189.439	1.80758e-13
189.039	1.84045e-13
188.636	1.87387e-13
188.25	1.90721e-13
187.846	1.94163e-13
187.458	1.97599e-13
187.05	2.01384e-13
186.659	2.0493e-13
186.267	2.08528e-13
185.873	2.12184e-13
185.459	2.15965e-13
185.083	2.19656e-13
184.684	2.23742e-13
184.285	2.27627e-13
183.885	2.31568e-13
183.501	2.35495e-13
183.098	2.39554e-13
182.712	2.43882e-13
182.306	2.48067e-13
181.917	2.52235e-13
181.527	2.56461e-13
181.136	2.60744e-13
180.744	2.65405e-13
180.349	2.69823e-13
179.954	2.74303e-13
179.558	2.78845e-13
179.159	2.83455e-13
178.779	2.88375e-13
178.379	2.93121e-13
177.996	2.97652e-13
177.592	3.02532e-13
177.207	3.07744e-13
176.821	3.12653e-13
176.433	3.17634e-13
176.043	3.22686e-13
175.653	3.27802e-13
175.261	3.33398e-13
174.868	3.38663e-13
174.474	3.43999e-13
174.097	3.49288e-13
173.701	3.552e-13
173.322	3.60639e-13
172.923	3.66408e-13
172.542	3.7208e-13
172.16	3.77877e-13
171.756	3.83894e-13
171.372	3.89849e-13
170.985	3.95925e-13
170.598	4.02043e-13
170.21	4.08239e-13
169.841	4.1437e-13
169.45	4.20737e-13
169.057	4.27194e-13
168.685	4.33566e-13
168.29	4.40192e-13
167.914	4.46739e-13
167.517	4.53543e-13
167.14	4.60256e-13
166.761	4.67057e-13
166.381	4.74006e-13
166	4.80982e-13
165.617	4.88055e-13
165.233	4.95214e-13
164.848	5.02532e-13
164.462	5.09885e-13
164.096	5.17178e-13
163.708	5.24711e-13
163.318	5.32345e-13
162.948	5.39929e-13
162.556	5.47754e-13
162.183	5.55528e-13
161.81	5.63391e-13
161.436	5.71286e-13
161.061	5.79336e-13
160.684	5.875e-13
160.306	5.95692e-13
159.926	6.04061e-13
159.546	6.12528e-13
159.165	6.21099e-13
158.783	6.29704e-13
158.421	6.38214e-13
158.036	6.47105e-13
157.672	6.55823e-13
157.285	6.64924e-13
156.918	6.73862e-13
156.551	6.82885e-13
156.161	6.92328e-13
155.791	7.01587e-13
155.42	7.10945e-13
155.049	7.20059e-13
154.675	7.2964e-13
154.302	7.39325e-13
153.949	7.48778e-13
153.572	7.588e-13
153.195	7.6883e-13
152.839	7.78614e-13
152.46	7.88982e-13
152.102	7.98994e-13
151.72	8.09619e-13
151.359	8.1986e-13
150.999	8.30317e-13
150.613	8.41207e-13
150.25	8.51919e-13
149.885	8.62635e-13
149.519	8.73595e-13
149.153	8.84662e-13
148.785	8.95748e-13
148.44	9.06621e-13
148.07	9.18082e-13
147.699	9.29665e-13
147.35	9.40904e-13
146.977	9.52751e-13
146.627	9.64098e-13
146.251	9.76215e-13
145.899	9.87935e-13
145.546	9.99795e-13
145.167	1.01232e-12
144.811	1.0246e-12
144.455	1.03684e-12
144.097	1.04923e-12
143.738	1.06176e-12
143.378	1.07441e-12
143.017	1.08719e-12
142.655	1.10028e-12
142.316	1.11275e-12
141.952	1.12595e-12
141.587	1.13946e-12
141.246	1.15231e-12
140.878	1.16612e-12
140.535	1.17925e-12
140.191	1.19248e-12
139.821	1.20673e-12
139.474	1.22045e-12
139.126	1.23411e-12
138.778	1.24811e-12
138.428	1.26206e-12
138.078	1.27633e-12
137.726	1.29075e-12
137.373	1.30534e-12
137.02	1.31986e-12
136.665	1.33475e-12
136.335	1.34898e-12
135.979	1.36413e-12
135.621	1.37949e-12
135.288	1.39413e-12
134.954	1.40893e-12
134.593	1.42474e-12
134.258	1.43982e-12
133.895	1.45596e-12
133.557	1.47134e-12
133.219	1.48595e-12
132.879	1.50163e-12
132.538	1.51747e-12
132.197	1.53341e-12
131.855	1.54978e-12
131.511	1.56608e-12
131.166	1.58256e-12
130.848	1.59835e-12
130.501	1.61513e-12
130.154	1.63205e-12
129.832	1.6483e-12
129.483	1.66557e-12
129.159	1.68213e-12
128.807	1.69976e-12
128.483	1.71661e-12
128.157	1.73336e-12
127.802	1.75174e-12
127.474	1.76911e-12
127.145	1.78634e-12
126.815	1.804e-12
126.484	1.82183e-12
126.152	1.83956e-12
125.82	1.85769e-12
125.486	1.87604e-12
125.151	1.89456e-12
124.816	1.9132e-12
124.507	1.93067e-12
124.169	1.94971e-12
123.86	1.96745e-12
123.52	1.9868e-12
123.209	2.00485e-12
122.867	2.02458e-12
122.553	2.04298e-12
122.21	2.06304e-12
121.895	2.08177e-12
121.579	2.10062e-12
121.261	2.11965e-12
120.942	2.13888e-12
120.594	2.16022e-12
120.274	2.17978e-12
119.954	2.19946e-12
119.661	2.21797e-12
119.338	2.23801e-12
119.015	2.25821e-12
118.69	2.27895e-12
118.364	2.29957e-12
118.068	2.31883e-12
117.74	2.33973e-12
117.442	2.35929e-12
117.112	2.38062e-12
116.813	2.40048e-12
116.481	2.42253e-12
116.18	2.44238e-12
115.877	2.46276e-12
115.543	2.48534e-12
115.239	2.50567e-12
114.934	2.52655e-12
114.627	2.5476e-12
114.32	2.56885e-12
114.012	2.59022e-12
113.704	2.61136e-12
113.394	2.63312e-12
113.083	2.65501e-12
112.772	2.6771e-12
112.491	2.69534e-12
112.178	2.71775e-12
111.864	2.7404e-12
111.549	2.76321e-12
111.265	2.78367e-12
110.948	2.80732e-12
110.662	2.82812e-12
110.343	2.85169e-12
110.056	2.8728e-12
109.768	2.894e-12
109.447	2.91874e-12
109.156	2.94083e-12
108.866	2.96256e-12
108.574	2.98444e-12
108.282	3.00698e-12
107.988	3.02925e-12
107.694	3.05213e-12
107.399	3.07465e-12
107.104	3.09736e-12
106.807	3.12074e-12
106.51	3.14379e-12
106.211	3.1676e-12
105.912	3.19155e-12
105.645	3.21191e-12
105.345	3.23621e-12
105.042	3.26019e-12
104.774	3.2815e-12
104.471	3.30634e-12
104.199	3.32746e-12
103.894	3.35266e-12
103.623	3.37455e-12
103.315	3.40021e-12
103.042	3.4224e-12
102.767	3.44482e-12
102.458	3.47041e-12
102.182	3.49312e-12
101.905	3.51591e-12
101.627	3.53895e-12
101.349	3.56204e-12
101.07	3.58535e-12
100.79	3.60876e-12
100.509	3.63238e-12
100.228	3.65613e-12
99.9456	3.68008e-12
99.6626	3.70481e-12
99.3785	3.7291e-12
99.1293	3.74928e-12
98.844	3.77384e-12
98.5575	3.79862e-12
98.306	3.81983e-12
98.0184	3.84488e-12
97.7292	3.8702e-12
97.4756	3.89111e-12
97.222	3.91273e-12
96.9307	3.93851e-12
96.675	3.96046e-12
96.3817	3.98665e-12
96.1247	4.00815e-12
95.8668	4.0305e-12
95.5713	4.05719e-12
95.312	4.0798e-12
95.0518	4.10258e-12
94.7912	4.1247e-12
94.5295	4.14773e-12
94.2674	4.17011e-12
94.0045	4.19337e-12
93.7406	4.21432e-12
93.4762	4.2371e-12
93.211	4.26077e-12
92.9451	4.2846e-12
92.6779	4.30788e-12
92.4104	4.33201e-12
92.1804	4.35059e-12
91.911	4.37507e-12
91.6412	4.39963e-12
91.4095	4.41843e-12
91.1377	4.44335e-12
90.8651	4.46764e-12
90.6317	4.48666e-12
90.3576	4.51206e-12
90.1226	4.5313e-12
89.8469	4.55702e-12
89.61	4.57654e-12
89.373	4.59604e-12
89.095	4.62308e-12
88.8568	4.64275e-12
88.6173	4.66262e-12
88.3771	4.68256e-12
88.0959	4.7094e-12
87.8543	4.72959e-12
87.6122	4.7507e-12
87.3693	4.77107e-12
87.1256	4.79154e-12
86.8813	4.8121e-12
86.6365	4.83361e-12
86.3908	4.85438e-12
86.1444	4.87525e-12
85.8976	4.8971e-12
85.6497	4.9182e-12
85.4007	4.93951e-12
85.1934	4.95407e-12
84.9434	4.97547e-12
84.693	4.99789e-12
84.4416	5.01955e-12
84.2143	5.0376e-12
83.9787	5.05622e-12
83.7416	5.07602e-12
83.5044	5.09582e-12
83.2662	5.1148e-12
83.032	5.13395e-12
82.797	5.15222e-12
82.5653	5.17075e-12
82.329	5.19017e-12
82.0961	5.20787e-12
81.8667	5.22581e-12
81.6327	5.24461e-12
81.4022	5.26266e-12
81.1708	5.28083e-12
80.9438	5.29703e-12
80.7155	5.31445e-12
80.4867	5.33189e-12
80.2575	5.34938e-12
80.0317	5.36608e-12
79.8054	5.3828e-12
79.5783	5.39963e-12
79.3508	5.41649e-12
79.1273	5.43346e-12
78.903	5.44843e-12
78.6823	5.46358e-12
78.4567	5.48079e-12
78.2347	5.49605e-12
78.0122	5.51137e-12
77.7937	5.52568e-12
77.5745	5.54008e-12
77.3548	5.55448e-12
77.1343	5.56591e-12
76.9134	5.58042e-12
76.6962	5.59398e-12
76.4782	5.60873e-12
76.2645	5.62131e-12
76.0457	5.63495e-12
75.8308	5.6476e-12
75.6154	5.66137e-12
75.404	5.67299e-12
75.187	5.68582e-12
74.9743	5.69866e-12
74.7612	5.71034e-12
74.5521	5.72096e-12
74.3422	5.7328e-12
74.1271	5.74466e-12
73.9213	5.75529e-12
73.7093	5.76614e-12
73.5023	5.77684e-12
73.2944	5.78647e-12
73.0857	5.79733e-12
72.8767	5.80702e-12
72.6717	5.81672e-12
72.4664	5.82522e-12
72.2602	5.83497e-12
72.0537	5.84352e-12
71.8513	5.85207e-12
71.6486	5.86058e-12
71.4451	5.86798e-12
71.2412	5.87654e-12
71.0415	5.88388e-12
70.8415	5.88997e-12
70.6407	5.89734e-12
70.4397	5.90462e-12
70.2375	5.91087e-12
70.04	5.91695e-12
69.8422	5.923e-12
69.6436	5.9291e-12
69.4442	5.93529e-12
69.25	5.93994e-12
69.0547	5.94354e-12
68.859	5.94831e-12
68.6631	5.95298e-12
68.4713	5.95642e-12
68.2739	5.96123e-12
68.081	5.96468e-12
67.8881	5.96797e-12
67.6993	5.96998e-12
67.505	5.97338e-12
67.3153	5.97533e-12
67.1249	5.97733e-12
66.9342	5.97929e-12
66.7431	5.9812e-12
66.5566	5.98167e-12
66.3696	5.98213e-12
66.1819	5.98265e-12
65.9938	5.98311e-12
65.805	5.98489e-12
65.6213	5.9838e-12
65.437	5.98272e-12
65.252	5.98168e-12
65.0671	5.98048e-12
64.8811	5.97944e-12
64.7002	5.97804e-12
64.5188	5.97535e-12
64.3368	5.97271e-12
64.1544	5.97002e-12
63.9712	5.96865e-12
63.7934	5.96432e-12
63.6094	5.96163e-12
63.4303	5.95862e-12
63.2509	5.95428e-12
63.0764	5.9496e-12
62.896	5.94525e-12
62.7207	5.93922e-12
62.5448	5.93148e-12
62.3685	5.92545e-12
62.1914	5.92079e-12
62.014	5.9148e-12
61.8419	5.90832e-12
61.6635	5.90234e-12
61.4905	5.89585e-12
61.317	5.88807e-12
61.1486	5.87988e-12
60.9741	5.8721e-12
60.8046	5.86394e-12
60.629	5.85623e-12
60.4589	5.84796e-12
60.2883	5.83969e-12
60.123	5.8284e-12
59.9514	5.82012e-12
59.785	5.81015e-12
59.6183	5.79885e-12
59.4453	5.79059e-12
59.2836	5.77873e-12
59.1156	5.76738e-12
58.9472	5.7573e-12
58.7838	5.74653e-12
58.6204	5.73461e-12
58.4505	5.72328e-12
58.2922	5.70955e-12
58.1271	5.69774e-12
57.9619	5.68583e-12
57.8022	5.6721e-12
57.6361	5.66021e-12
57.4754	5.64528e-12
57.3143	5.63156e-12
57.153	5.61782e-12
56.9971	5.60225e-12
56.8347	5.58857e-12
56.6783	5.57292e-12
56.5151	5.55923e-12
56.3573	5.54376e-12
56.1995	5.52815e-12
56.0413	5.51255e-12
55.8885	5.49518e-12
55.7295	5.47962e-12
55.5763	5.46212e-12
55.4223	5.44478e-12
55.2618	5.42931e-12
55.1138	5.40989e-12
54.9584	5.39262e-12
54.8031	5.37524e-12
54.6474	5.35789e-12
54.4972	5.3387e-12
54.3471	5.32062e-12
54.1963	5.30144e-12
54.0452	5.28225e-12
53.8938	5.26305e-12
53.7417	5.24397e-12
53.5895	5.22484e-12
53.4433	5.20497e-12
53.2966	5.18397e-12
53.1431	5.16496e-12
52.9955	5.1441e-12
52.8478	5.12433e-12
52.6997	5.10341e-12
52.5576	5.08063e-12
52.4087	5.06099e-12
52.2659	5.03826e-12
52.116	5.0176e-12
51.9724	4.99613e-12
51.8287	4.97346e-12
51.6844	4.9509e-12
51.5396	4.92959e-12
51.4016	4.90504e-12
51.256	4.88269e-12
51.117	4.85944e-12
50.9706	4.83724e-12
50.831	4.81406e-12
50.6907	4.78995e-12
50.5503	4.76691e-12
50.4093	4.7407e-12
50.2682	4.7178e-12
50.1336	4.69183e-12
49.9914	4.66917e-12
49.8562	4.64331e-12
49.7131	4.62084e-12
49.5771	4.59514e-12
49.4406	4.5707e-12
49.3038	4.54518e-12
49.1663	4.52095e-12
49.0362	4.49459e-12
48.898	4.46942e-12
48.7594	4.44544e-12
48.6281	4.41936e-12
48.4961	4.39239e-12
48.3568	4.36857e-12
48.2239	4.34288e-12
48.0911	4.31614e-12
47.9577	4.29061e-12
47.8317	4.26303e-12
47.6974	4.23673e-12
47.5631	4.21143e-12
47.4357	4.18425e-12
47.3081	4.15714e-12
47.1725	4.13124e-12
47.044	4.1044e-12
46.9155	4.0776e-12
46.7862	4.05102e-12
46.6569	4.02444e-12
46.527	3.99709e-12
46.4047	3.96871e-12
46.274	3.94262e-12
46.1507	3.91457e-12
46.0197	3.88862e-12
45.8957	3.86082e-12
45.7716	3.83313e-12
45.647	3.80467e-12
45.522	3.77728e-12
45.397	3.74996e-12
45.2712	3.72288e-12
45.1454	3.69584e-12
45.0191	3.66901e-12
44.9003	3.6403e-12
44.7735	3.61369e-12
44.654	3.58533e-12
44.5345	3.55701e-12
44.4144	3.52892e-12
44.286	3.5035e-12
44.1653	3.47567e-12
44.0523	3.44607e-12
43.9309	3.41859e-12
43.8095	3.39122e-12
43.6873	3.36409e-12
43.5733	3.33593e-12
43.4505	3.30909e-12
43.3357	3.28048e-12
43.2125	3.25392e-12
43.0969	3.22569e-12
42.981	3.1976e-12
42.8652	3.16963e-12
42.7487	3.14189e-12
42.6318	3.11515e-12
42.515	3.08771e-12
42.3976	3.0605e-12
42.2883	3.03159e-12
42.1705	3.00469e-12
42.052	2.97881e-12
41.9418	2.95047e-12
41.8315	2.92226e-12
41.7122	2.89615e-12
41.601	2.86911e-12
41.4897	2.84151e-12
41.378	2.81413e-12
41.266	2.78695e-12
41.1539	2.76062e-12
41.0413	2.73382e-12
40.9282	2.70725e-12
40.8239	2.67971e-12
40.7104	2.65351e-12
40.6053	2.62575e-12
40.4912	2.59952e-12
40.3855	2.57217e-12
40.2707	2.54745e-12
40.1645	2.52052e-12
40.0582	2.49376e-12
39.9513	2.46793e-12
39.8442	2.44164e-12
39.737	2.41615e-12
39.6293	2.39028e-12
39.5213	2.36525e-12
39.4132	2.33978e-12
39.3046	2.31455e-12
39.2048	2.28848e-12
39.0957	2.26368e-12
38.9956	2.238e-12
38.8857	2.21364e-12
38.7848	2.18844e-12
38.6839	2.16285e-12
38.5733	2.13968e-12
38.4716	2.11513e-12
38.3697	2.09022e-12
38.2675	2.06611e-12
38.165	2.04167e-12
38.0622	2.01799e-12
37.9594	1.99397e-12
37.856	1.97072e-12
37.7617	1.9462e-12
37.658	1.92284e-12
37.5539	1.90025e-12
37.4589	1.87589e-12
37.3542	1.85373e-12
37.2588	1.83031e-12
37.1631	1.80665e-12
37.0575	1.78515e-12
36.9613	1.76242e-12
36.865	1.73943e-12
36.7682	1.71718e-12
36.6712	1.69513e-12
36.5742	1.67328e-12
36.4766	1.65124e-12
36.3789	1.62987e-12
36.2807	1.60873e-12
36.1826	1.58735e-12
36.084	1.56664e-12
35.9951	1.54483e-12
35.896	1.52457e-12
35.7968	1.50408e-12
35.7071	1.48298e-12
35.6072	1.46337e-12
35.517	1.44271e-12
35.4269	1.42225e-12
35.3262	1.40291e-12
35.2353	1.38294e-12
35.1441	1.3632e-12
35.053	1.34365e-12
34.9614	1.32435e-12
34.8696	1.30527e-12
34.7775	1.28642e-12
34.6854	1.26741e-12
34.5928	1.24901e-12
34.5	1.23082e-12
34.4069	1.21284e-12
34.3138	1.19506e-12
34.2307	1.1764e-12
34.1368	1.15908e-12
34.0427	1.14196e-12
33.9591	1.12395e-12
33.8645	1.10726e-12
33.7803	1.08971e-12
33.6958	1.07239e-12
33.6006	1.05646e-12
33.5157	1.03957e-12
33.4306	1.0229e-12
33.3345	1.00745e-12
33.2491	9.91183e-13
33.1633	9.7515e-13
33.0771	9.59339e-13
32.9908	9.4373e-13
32.9043	9.28329e-13
32.8178	9.13119e-13
32.7308	8.98132e-13
32.6436	8.83356e-13
32.5671	8.67866e-13
32.4796	8.5316e-13
32.3918	8.38991e-13
32.3036	8.25017e-13
32.2264	8.10373e-13
32.1379	7.96789e-13
32.0602	7.82559e-13
31.9712	7.6937e-13
31.8931	7.5576e-13
31.8036	7.42949e-13
31.7252	7.29506e-13
31.6464	7.16283e-13
31.5562	7.04033e-13
31.4771	6.91187e-13
31.3979	6.78525e-13
31.3184	6.66258e-13
31.2387	6.53988e-13
31.1472	6.42645e-13
31.0672	6.30728e-13
30.9868	6.19007e-13
30.9062	6.07469e-13
30.8254	5.96283e-13
30.7561	5.84412e-13
30.6748	5.73415e-13
30.5934	5.62592e-13
30.5118	5.52102e-13
30.4299	5.41619e-13
30.3598	5.30657e-13
30.2774	5.20522e-13
30.1949	5.10695e-13
30.124	5.00268e-13
30.0413	4.90612e-13
29.97	4.8053e-13
29.8866	4.71348e-13
29.815	4.616e-13
29.7314	4.5258e-13
29.6594	4.4329e-13
29.5872	4.34033e-13
29.5027	4.25483e-13
29.4303	4.16656e-13
29.3575	4.07871e-13
29.2846	3.99242e-13
29.2115	3.90884e-13
29.1262	3.83052e-13
29.0526	3.74875e-13
28.9789	3.66951e-13
28.905	3.59062e-13
28.8311	3.51312e-13
28.7568	3.43812e-13
28.6823	3.36352e-13
28.6077	3.29125e-13
28.5453	3.21497e-13
28.4705	3.14442e-13
28.3953	3.07617e-13
28.3198	3.00829e-13
28.2442	2.9426e-13
28.1812	2.87319e-13
28.1052	2.81e-13
28.029	2.74717e-13
27.9654	2.68176e-13
27.8888	2.62217e-13
27.8249	2.55931e-13
27.7479	2.50208e-13
27.6836	2.44168e-13
27.6064	2.38667e-13
27.5417	2.32869e-13
27.464	2.27591e-13
27.399	2.22022e-13
27.334	2.16632e-13
27.2557	2.11609e-13
27.1902	2.06442e-13
27.1245	2.01321e-13
27.0587	1.96368e-13
26.9797	1.91749e-13
26.9136	1.87e-13
26.8472	1.82354e-13
26.7808	1.77751e-13
26.7143	1.73299e-13
26.6462	1.6892e-13
26.5792	1.64662e-13
26.5121	1.60447e-13
26.4462	1.56348e-13
26.3787	1.52318e-13
26.3124	1.484e-13
26.2459	1.4457e-13
26.1808	1.40756e-13
26.1139	1.37052e-13
26.0483	1.33413e-13
25.9825	1.29899e-13
25.9181	1.26442e-13
25.8534	1.23028e-13
25.7885	1.19734e-13
25.7234	1.16514e-13
25.6583	1.13333e-13
25.5944	1.10245e-13
25.5302	1.07231e-13
25.4658	1.04256e-13
25.4027	1.01367e-13
25.3383	9.8574e-14
25.2763	9.57757e-14
25.2127	9.3092e-14
25.1489	9.04748e-14
25.0866	8.78764e-14
25.024	8.53716e-14
24.9613	8.29292e-14
24.8998	8.05081e-14
24.8368	7.81869e-14
24.775	7.59113e-14
24.713	7.36701e-14
24.6524	7.14969e-14
24.5902	6.9391e-14
24.5293	6.73284e-14
24.4681	6.52994e-14
24.4083	6.33318e-14
24.3468	6.14277e-14
24.2869	5.95616e-14
24.2266	5.77279e-14
24.1661	5.59622e-14
24.1056	5.42435e-14
24.0465	5.25601e-14
23.9871	5.09072e-14
23.9276	4.9316e-14
23.8678	4.7769e-14
23.8096	4.62544e-14
23.7511	4.4783e-14
23.691	4.33472e-14
23.6338	4.1949e-14
23.5749	4.05984e-14
23.5159	3.92864e-14
23.4582	3.80041e-14
23.4003	3.67469e-14
23.3425	3.55374e-14
23.2858	3.43569e-14
23.2276	3.32176e-14
23.1707	3.21051e-14
23.1137	3.10255e-14
23.0567	2.99677e-14
23.0009	2.89461e-14
22.9434	2.79608e-14
22.8874	2.69996e-14
22.8314	2.60672e-14
22.7751	2.51637e-14
22.7186	2.42883e-14
22.6636	2.34345e-14
22.6086	2.25996e-14
22.5517	2.18033e-14
22.4963	2.10274e-14
22.4423	2.02718e-14
22.3866	1.95444e-14
22.3325	1.88357e-14
22.2782	1.81501e-14
22.2237	1.74867e-14
22.169	1.68449e-14
22.1142	1.62188e-14
22.0611	1.56147e-14
22.0077	1.50308e-14
21.9525	1.44698e-14
21.8988	1.39241e-14
21.8467	1.33936e-14
21.7928	1.28843e-14
21.7403	1.23893e-14
21.6878	1.19112e-14
21.6351	1.14496e-14
21.5824	1.10038e-14
21.5294	1.05738e-14
21.4763	1.01587e-14
21.4248	9.7558e-15
21.3731	9.36718e-15
21.3215	8.99224e-15
21.2695	8.63088e-15
21.2174	8.28258e-15
21.167	7.94483e-15
21.1147	7.61897e-15
21.0639	7.30551e-15
21.0132	7.00348e-15
20.9622	6.71275e-15
20.911	6.4329e-15
20.8615	6.16189e-15
20.8102	5.90262e-15
20.7605	5.65159e-15
20.7106	5.41025e-15
20.6606	5.17814e-15
20.6105	4.95498e-15
20.5602	4.7405e-15
20.5116	4.53313e-15
20.4612	4.33498e-15
20.4123	4.14359e-15
20.3633	3.9598e-15
20.3142	3.78334e-15
20.265	3.61396e-15
20.2174	3.4505e-15
20.1679	3.29456e-15
20.1202	3.14405e-15
20.0723	2.99979e-15
20.0243	2.8615e-15
19.9761	2.72895e-15
19.9278	2.60193e-15
19.8812	2.47956e-15
19.8327	2.36304e-15
19.786	2.2508e-15
19.7372	2.14401e-15
19.6902	2.04193e-15
19.643	1.94354e-15
19.5976	1.84891e-15
19.5502	1.75895e-15
19.5027	1.67294e-15
19.457	1.59025e-15
19.4111	1.51127e-15
19.3633	1.43627e-15
19.3171	1.36425e-15
19.2728	1.29509e-15
19.2264	1.22948e-15
19.18	1.1673e-15
19.1353	1.10723e-15
19.0886	1.05028e-15
19.0437	9.95682e-16
18.9987	9.43656e-16
18.9536	8.94096e-16
18.9084	8.46897e-16
18.863	8.01958e-16
18.8195	7.59221e-16
18.774	7.18575e-16
18.7303	6.79633e-16
18.6864	6.42608e-16
18.6406	6.07609e-16
18.5965	5.74158e-16
18.5542	5.42208e-16
18.51	5.12039e-16
18.4656	4.83572e-16
18.423	4.56229e-16
18.3783	4.30441e-16
18.3356	4.05839e-16
18.2927	3.82517e-16
18.2497	3.60416e-16
18.2067	3.39602e-16
18.1635	3.19765e-16
18.1203	3.00984e-16
18.0789	2.83113e-16
18.0354	2.663e-16
17.9938	2.50312e-16
17.9501	2.3528e-16
17.9084	2.21075e-16
17.8665	2.07577e-16
17.8245	1.94832e-16
17.7824	1.82802e-16
17.7403	1.71449e-16
17.6999	1.60747e-16
17.6575	1.5065e-16
17.617	1.41081e-16
17.5765	1.32069e-16
17.5339	1.23626e-16
17.4931	1.15637e-16
17.4522	1.08162e-16
17.4112	1.01089e-16
17.3702	9.44124e-17
17.3311	8.81329e-17
17.2899	8.22662e-17
17.2507	7.67571e-17
17.2092	7.15873e-17
17.1698	6.67104e-17
17.1302	6.21381e-17
17.0907	5.78526e-17
17.0508	5.38601e-17
17.011	5.01002e-17
16.9711	4.65811e-17
16.9311	4.32888e-17
16.8931	4.0195e-17
16.8529	3.73327e-17
16.8148	3.46306e-17
16.7744	3.21211e-17
16.736	2.97667e-17
16.6976	2.75708e-17
16.659	2.55342e-17
16.6205	2.36261e-17
16.5818	2.18493e-17
16.5429	2.01958e-17
16.5062	1.86494e-17
16.4673	1.72258e-17
16.4281	1.58962e-17
16.3912	1.46549e-17
16.3542	1.35027e-17
16.3148	1.24395e-17
16.2775	1.14529e-17
16.2403	1.05342e-17
16.2028	9.68364e-18
16.1653	8.89627e-18
16.1278	8.16787e-18
16.0923	7.49442e-18
16.0545	6.87231e-18
16.0189	6.29515e-18
15.981	5.76528e-18
15.9452	5.27633e-18
15.9071	4.82585e-18
15.8711	4.40901e-18
15.8351	4.0254e-18
15.799	3.67264e-18
15.7628	3.34984e-18
15.7265	3.05196e-18
15.6902	2.77861e-18
15.6537	2.52795e-18
15.6195	2.29712e-18
15.5829	2.08759e-18
15.5485	1.89411e-18
15.5117	1.71804e-18
15.4771	1.5564e-18
15.4425	1.40884e-18
15.4078	1.27476e-18
15.3707	1.15257e-18
15.3358	1.04075e-18
15.3009	9.38985e-19
15.2659	8.46791e-19
15.2331	7.62324e-19
15.1979	6.85997e-19
15.1626	6.16761e-19
15.1297	5.53744e-19
15.0942	4.97153e-19
15.0611	4.45526e-19
15.0256	3.99068e-19
14.9922	3.56944e-19
14.9589	3.18949e-19
14.9255	2.84828e-19
14.8896	2.54124e-19
14.856	2.26381e-19
14.8248	2.01354e-19
14.791	1.78996e-19
14.7573	1.5901e-19
14.7234	1.41042e-19
14.6895	1.24964e-19
14.6579	1.10536e-19
14.6238	9.77101e-20
14.5921	8.62025e-20
14.5578	7.60503e-20
14.526	6.69482e-20
14.4941	5.88623e-20
14.4621	5.16868e-20
14.4276	4.53513e-20
14.3954	3.97196e-20
14.3632	3.47545e-20
14.331	3.03557e-20
14.2987	2.64765e-20
14.2688	2.30481e-20
14.2363	2.00452e-20
14.2038	1.74077e-20
14.1711	1.51011e-20
14.141	1.30671e-20
14.1083	1.12956e-20
14.078	9.74317e-21
14.0451	8.39515e-21
14.0147	7.21735e-21
13.9843	6.19428e-21
13.9537	5.30708e-21
13.9232	4.54074e-21
13.8899	3.87861e-21
13.8593	3.30492e-21
13.8284	2.81082e-21
13.7976	2.38592e-21
13.7693	2.02007e-21
13.7384	1.70784e-21
13.7073	1.44089e-21
13.6762	1.2131e-21
13.6477	1.01846e-21
13.6164	8.54053e-22
13.5878	7.1381e-22
13.5565	5.95561e-22
13.5277	4.95411e-22
13.4963	4.11342e-22
13.4674	3.40474e-22
13.4384	2.81092e-22
13.4095	2.31447e-22
13.3804	1.90058e-22
13.3486	1.55729e-22
13.3195	1.27155e-22
13.2902	1.03522e-22
13.2637	8.39714e-23
13.2343	6.79447e-23
13.2049	5.48013e-23
13.1755	4.40548e-23
13.1459	3.52963e-23
13.1191	2.81622e-23
13.0895	2.24033e-23
13.0625	1.7745e-23
13.0328	1.40105e-23
13.0057	1.10114e-23
12.9758	8.62475e-24
12.9487	6.72253e-24
12.9187	5.22059e-24
12.8915	4.03339e-24
12.8641	3.10175e-24
12.8368	2.3738e-24
12.8093	1.80772e-24
12.7819	1.3695e-24
12.7543	1.03154e-24
12.7267	7.73022e-25
12.699	5.75962e-25
12.6714	4.26572e-25
12.6436	3.13974e-25
12.6158	2.2954e-25
12.5879	1.66747e-25
12.5628	1.20189e-25
12.5348	8.60567e-26
12.5095	6.11046e-26
12.4815	4.30514e-26
12.4562	3.00723e-26
12.428	2.08373e-26
12.4026	1.42962e-26
12.3742	9.7213e-27
12.3487	6.53903e-27
12.3231	4.35184e-27
12.2975	2.86248e-27
12.2689	1.86291e-27
12.2431	1.19646e-27
12.2174	7.58297e-28
12.1915	4.73906e-28
12.1656	2.91654e-28
12.1397	1.76751e-28
12.1137	1.05322e-28
12.0877	6.16386e-29
12.0645	3.53566e-29
12.0383	1.9871e-29
12.0121	1.09271e-29
11.9858	5.86609e-30
11.9625	3.06452e-30
11.9361	1.55841e-30
11.9127	7.67936e-31
11.8862	3.66206e-31
11.8627	1.681e-31
11.836	7.41874e-32
11.8124	3.12739e-32
11.7888	1.25321e-32
11.762	4.75331e-33
11.7382	1.69053e-33
11.7144	5.59009e-34
11.6905	1.70203e-34
11.6666	4.70376e-35
11.6426	1.16145e-35
11.6186	2.50627e-36
11.5945	4.59165e-37
11.5703	6.87889e-38
11.5462	7.97589e-39
11.5219	6.61984e-40
11.4977	3.47545e-41
11.4764	9.39988e-43
11.4521	8.9166e-45
11.4276	1.24966e-47
11.4063	1.63602e-52
11.3817	0
11.3603	4.34541e-15
11.3357	1.7048e-14
11.3142	3.75586e-14
11.2894	6.54152e-14
11.2678	1.00068e-13
11.2462	1.4091e-13
11.2212	1.87714e-13
11.1995	2.39784e-13
11.1777	2.96541e-13
11.1559	3.57595e-13
11.1341	4.22469e-13
11.1121	4.90965e-13
11.0902	5.62133e-13
11.0682	6.35753e-13
11.0461	7.1139e-13
11.0241	7.88593e-13
11.002	8.66952e-13
10.9831	9.45678e-13
10.9609	1.02509e-12
10.9386	1.10446e-12
10.9163	1.18339e-12
10.8972	1.26032e-12
10.8747	1.33724e-12
10.8555	1.41129e-12
10.8363	1.48337e-12
10.8128	1.55412e-12
10.7928	1.62165e-12
10.7726	1.6863e-12
10.7525	1.74759e-12
10.7323	1.80564e-12
10.712	1.86002e-12
10.6917	1.91048e-12
10.6714	1.95681e-12
10.651	1.9988e-12
10.6307	2.03627e-12
10.6102	2.06903e-12
10.5897	2.09695e-12
10.5692	2.11988e-12
10.5521	2.13554e-12
10.5315	2.14812e-12
10.5109	2.15542e-12
10.4902	2.15736e-12
10.4695	2.1539e-12
10.4487	2.14502e-12
10.4279	2.13072e-12
10.4106	2.10881e-12
10.3897	2.08374e-12
10.3688	2.05262e-12
10.3479	2.01702e-12
10.3304	1.97537e-12
10.3093	1.92968e-12
10.2883	1.87916e-12
10.2707	1.82202e-12
10.2495	1.76243e-12
10.2283	1.69862e-12
10.2106	1.62906e-12
10.1893	1.55765e-12
10.168	1.48286e-12
10.1502	1.40432e-12
10.1288	1.32383e-12
10.1109	1.2397e-12
10.0894	1.15515e-12
10.0679	1.0692e-12
10.0499	9.8124e-13
10.0283	8.94068e-13
10.0102	8.0663e-13
9.98853	7.20391e-13
9.9704	6.34788e-13
9.94861	5.52013e-13
9.93041	4.71401e-13
9.91218	3.94636e-13
9.89026	3.22315e-13
9.87196	2.54697e-13
9.84994	1.93288e-13
9.83156	1.38439e-13
9.81315	9.14068e-14
9.79101	5.30562e-14
9.77252	2.42962e-14
9.75399	6.2564e-15
9.73171	1.66646e-19
9.71311	1.67559e-19
9.69447	1.68479e-19
9.67579	1.69406e-19
9.65333	1.70657e-19
9.63458	1.71602e-19
9.61579	1.72553e-19
9.59696	1.73625e-19
9.57431	1.74735e-19
9.5554	1.75712e-19
9.53646	1.76812e-19
9.51747	1.77805e-19
9.49845	1.78807e-19
9.47939	1.79935e-19
9.46029	1.80954e-19
9.43731	1.82212e-19
9.41813	1.83372e-19
9.3989	1.84419e-19
9.37964	1.85474e-19
9.36034	1.86664e-19
9.34099	1.87739e-19
9.32161	1.88822e-19
9.30218	1.90044e-19
9.28272	1.91147e-19
9.26321	1.9239e-19
9.24367	1.93513e-19
9.22408	1.94645e-19
9.20445	1.95923e-19
9.18478	1.97076e-19
9.16506	1.98377e-19
9.14926	1.99281e-19
9.12947	2.00463e-19
9.10964	2.01797e-19
9.08976	2.03001e-19
9.06984	2.0436e-19
9.04988	2.05587e-19
9.02987	2.06972e-19
9.01383	2.07931e-19
8.99374	2.0934e-19
8.97361	2.10611e-19
8.95343	2.12047e-19
8.9332	2.13344e-19
8.91699	2.145e-19
8.89668	2.15819e-19
8.87633	2.17308e-19
8.86001	2.18336e-19
8.83957	2.19743e-19
8.81909	2.2111e-19
8.79855	2.22655e-19
8.78209	2.23719e-19
8.76147	2.25291e-19
8.74494	2.26374e-19
8.72423	2.27974e-19
8.70348	2.29419e-19
8.68683	2.30704e-19
8.66599	2.32176e-19
8.64927	2.33483e-19
8.62834	2.35161e-19
8.60735	2.36676e-19
8.59052	2.38021e-19
8.56944	2.39564e-19
8.55254	2.40934e-19
8.53136	2.42694e-19
8.51438	2.439e-19
8.49482	2.45538e-19
8.47563	2.46961e-19
8.45683	2.48552e-19
8.43756	2.50198e-19
8.41868	2.51621e-19
8.39975	2.53257e-19
8.38078	2.5491e-19
8.36176	2.56373e-19
8.34271	2.58057e-19
8.3236	2.59548e-19
8.3049	2.6122e-19
8.28571	2.62953e-19
8.26691	2.64443e-19
8.24807	2.66163e-19
8.22919	2.67901e-19
8.21027	2.69656e-19
8.1913	2.71204e-19
8.17229	2.72835e-19
8.15368	2.74592e-19
8.13458	2.76184e-19
8.11588	2.77974e-19
8.09714	2.79783e-19
8.0779	2.81421e-19
8.05907	2.83264e-19
8.04065	2.85075e-19
8.02173	2.86955e-19
8.00277	2.88607e-19
7.98421	2.90471e-19
7.96516	2.92406e-19
7.94652	2.94308e-19
7.92783	2.95972e-19
7.90864	2.97965e-19
7.88987	2.99923e-19
7.8715	3.01845e-19
7.85264	3.03843e-19
7.83373	3.05591e-19
7.81524	3.07571e-19
7.79623	3.09628e-19
7.77765	3.11648e-19
7.75902	3.13689e-19
7.74035	3.15465e-19
7.72164	3.17545e-19
7.70287	3.19646e-19
7.68407	3.21769e-19
7.66521	3.23915e-19
7.64678	3.25719e-19
7.62831	3.27841e-19
7.60932	3.3005e-19
7.59076	3.32217e-19
7.57215	3.34406e-19
7.55349	3.3639e-19
7.53479	3.38623e-19
7.51604	3.40556e-19
7.49773	3.42762e-19
7.47889	3.45062e-19
7.46049	3.47314e-19
7.44204	3.4959e-19
7.42306	3.51963e-19
7.40452	3.54287e-19
7.38593	3.56636e-19
7.36729	3.5901e-19
7.3491	3.61331e-19
7.33037	3.63397e-19
7.3116	3.65842e-19
7.29327	3.68235e-19
7.27439	3.70733e-19
7.25597	3.73176e-19
7.2375	3.75646e-19
7.21898	3.78141e-19
7.20042	3.80664e-19
7.18181	3.83213e-19
7.16365	3.85703e-19
7.14494	3.88307e-19
7.12669	3.9085e-19
7.10789	3.93511e-19
7.08954	3.96109e-19
7.07115	3.98736e-19
7.05271	4.0139e-19
7.03422	4.04073e-19
7.01568	4.06785e-19
6.99709	4.09527e-19
6.97897	4.11876e-19
6.96029	4.14674e-19
6.94207	4.17402e-19
6.92329	4.20261e-19
6.90497	4.2305e-19
6.88661	4.25868e-19
6.8682	4.28718e-19
6.84974	4.31598e-19
6.83176	4.34402e-19
6.81321	4.37345e-19
6.7946	4.40322e-19
6.77647	4.43089e-19
6.75776	4.4613e-19
6.73954	4.4909e-19
6.72126	4.52082e-19
6.70294	4.55108e-19
6.68456	4.58166e-19
6.66614	4.61791e-19
6.64766	4.64925e-19
6.62913	4.68094e-19
6.6111	4.71173e-19
6.59247	4.74413e-19
6.57434	4.77561e-19
6.55615	4.80744e-19
6.53792	4.83962e-19
6.51964	4.87216e-19
6.5013	4.90507e-19
6.48291	4.9443e-19
6.46447	4.97803e-19
6.44598	5.00752e-19
6.42799	5.04054e-19
6.4094	5.07537e-19
6.39131	5.10914e-19
6.37317	5.14329e-19
6.35441	5.1858e-19
6.33617	5.22082e-19
6.31787	5.25624e-19
6.29952	5.29207e-19
6.2817	5.32807e-19
6.26324	5.3661e-19
6.24473	5.40459e-19
6.22675	5.4419e-19
6.20871	5.47965e-19
6.19004	5.51954e-19
6.1719	5.55821e-19
6.1537	5.59734e-19
6.13545	5.63694e-19
6.11714	5.67702e-19
6.09878	5.71759e-19
6.08096	5.75682e-19
6.06249	5.79838e-19
6.04397	5.84125e-19
6.02598	5.88194e-19
6.00795	5.92312e-19
5.98925	5.96759e-19
5.97111	6.00982e-19
5.9529	6.04688e-19
5.93464	6.09007e-19
5.91633	6.13466e-19
5.89857	6.17683e-19
5.88014	6.22254e-19
5.86227	6.26666e-19
5.84373	6.31262e-19
5.82575	6.35786e-19
5.8071	6.40593e-19
5.789	6.45234e-19
5.77085	6.49934e-19
5.75264	6.54598e-19
5.73438	6.59418e-19
5.71669	6.64158e-19
5.69831	6.69103e-19
5.67987	6.74113e-19
5.66201	6.78936e-19
5.64345	6.84078e-19
5.62547	6.89027e-19
5.60743	6.9404e-19
5.58869	6.99495e-19
5.57054	7.04644e-19
5.55233	7.09861e-19
5.53471	7.14979e-19
5.51638	7.20333e-19
5.49799	7.24963e-19
5.47953	7.30451e-19
5.46168	7.35836e-19
5.44376	7.41291e-19
5.42513	7.47003e-19
5.40709	7.52609e-19
5.389	7.5829e-19
5.37084	7.64048e-19
5.35263	7.69756e-19
5.33435	7.75673e-19
5.31601	7.81672e-19
5.29828	7.87417e-19
5.27982	7.93582e-19
5.26197	7.99485e-19
5.24338	8.05824e-19
5.22541	8.11894e-19
5.20738	8.18047e-19
5.18929	8.24285e-19
5.17043	8.31138e-19
5.15221	8.3756e-19
5.13462	8.43685e-19
5.11627	8.50442e-19
5.09786	8.57141e-19
5.08008	8.62269e-19
5.06154	8.69304e-19
5.04364	8.7586e-19
5.02495	8.83102e-19
5.00692	8.89852e-19
4.98883	8.9687e-19
4.97067	9.03991e-19
4.95244	9.11041e-19
4.93415	9.18372e-19
4.91578	9.25815e-19
4.89735	9.33187e-19
4.87959	9.4037e-19
4.86102	9.48151e-19
4.84313	9.55552e-19
4.82517	9.63062e-19
4.80639	9.71201e-19
4.78829	9.78944e-19
4.77012	9.86804e-19
4.75189	9.94784e-19
4.73358	1.00289e-18
4.71521	1.01112e-18
4.69753	1.01739e-18
4.67901	1.02585e-18
4.66042	1.03444e-18
4.64253	1.04257e-18
4.62379	1.05167e-18
4.60576	1.06006e-18
4.58766	1.06882e-18
4.56949	1.07748e-18
4.55124	1.08652e-18
4.53293	1.09545e-18
4.51453	1.10479e-18
4.49607	1.11401e-18
4.47752	1.12366e-18
4.45971	1.13275e-18
4.44102	1.14244e-18
4.42306	1.15183e-18
4.40503	1.16137e-18
4.3861	1.17183e-18
4.36792	1.1817e-18
4.34966	1.18911e-18
4.33132	1.19957e-18
4.31291	1.2096e-18
4.29442	1.2201e-18
4.27669	1.23026e-18
4.25804	1.24024e-18
4.23931	1.25128e-18
4.22135	1.26162e-18
4.20246	1.27305e-18
4.18434	1.28376e-18
4.16615	1.29464e-18
4.14787	1.30607e-18
4.12952	1.31733e-18
4.11108	1.32917e-18
4.09256	1.34084e-18
4.07395	1.35272e-18
4.05526	1.36521e-18
4.03738	1.37645e-18
4.01852	1.38624e-18
4.00048	1.39825e-18
3.98144	1.4112e-18
3.96323	1.42365e-18
3.94493	1.43633e-18
3.92563	1.45002e-18
3.90715	1.46319e-18
3.88859	1.4766e-18
3.87088	1.48899e-18
3.85214	1.5029e-18
3.83331	1.5166e-18
3.81439	1.53106e-18
3.79633	1.54491e-18
3.77722	1.55943e-18
3.75898	1.5733e-18
3.74065	1.58796e-18
3.72223	1.60237e-18
3.70372	1.61283e-18
3.68512	1.62773e-18
3.66642	1.64292e-18
3.64763	1.659e-18
3.62873	1.67483e-18
3.60974	1.69098e-18
3.59166	1.70633e-18
3.57247	1.72315e-18
3.5542	1.73849e-18
3.53481	1.75666e-18
3.51634	1.77266e-18
3.49777	1.78966e-18
3.4791	1.80632e-18
3.46034	1.82404e-18
3.44147	1.84214e-18
3.42249	1.8543e-18
3.40342	1.87308e-18
3.38423	1.8923e-18
3.36601	1.90967e-18
3.34661	1.92892e-18
3.32818	1.94704e-18
3.30965	1.96556e-18
3.28992	1.59203e-42
3.27117	5.94313e-17
3.25232	2.36375e-16
3.23335	5.28831e-16
3.21428	9.3484e-16
3.19509	1.45248e-15
3.17692	2.07704e-15
3.1575	3.98793e-15
3.13797	5.20296e-15
3.11947	6.56845e-15
3.09969	8.09981e-15
3.08096	9.77794e-15
3.06212	1.16136e-14
3.04316	1.36007e-14
3.02288	1.57627e-14
3.00367	1.80653e-14
2.98555	2.04887e-14
2.9661	2.30969e-14
2.94652	2.58532e-14
2.92681	1.9095e-14
2.90822	2.09791e-14
2.88825	2.29856e-14
2.8694	2.5028e-14
2.85042	2.71394e-14
2.83004	2.93528e-14
2.8108	3.15998e-14
2.79143	3.39105e-14
2.77193	3.62832e-14
2.75228	3.86918e-14
2.73249	4.11817e-14
2.7139	4.3643e-14
2.69383	7.18662e-14
2.67429	7.63925e-14
2.6546	8.10069e-14
2.6349	8.58243e-14
2.6152	9.07351e-14
2.59548	9.57675e-14
2.57575	1.0092e-13
2.55587	1.06213e-13
2.53612	1.11647e-13
2.51622	1.17181e-13
2.4963	1.22832e-13
2.47637	7.52453e-14
2.45642	7.80753e-14
2.43646	8.08381e-14
2.41648	8.36596e-14
2.39634	8.64207e-14
2.37632	8.92171e-14
2.3563	9.1914e-14
2.3361	9.46923e-14
2.31588	9.74458e-14
2.29564	6.41755e-15
2.27522	6.51683e-15
2.25494	6.60795e-15
2.23464	6.69279e-15
2.21415	6.76319e-15
2.19363	6.83716e-15
2.17325	6.90202e-15
2.15268	6.96247e-15
2.13208	7.01599e-15
2.11145	1.20988e-13
2.09079	1.23138e-13
2.06992	1.25397e-13
2.04919	1.27382e-13
2.02826	1.29323e-13
2.00746	1.31115e-13
1.98663	1.32971e-13
1.96558	1.34608e-13
1.94448	1.35358e-13
1.92335	1.36745e-13
1.90216	1.382e-13
1.88094	1.39338e-13
1.85966	1.40543e-13
1.83833	1.41407e-13
1.81676	1.4241e-13
1.79533	1.42105e-13
1.77384	1.42729e-13
1.75209	1.43275e-13
1.73048	1.43587e-13
1.7086	1.43813e-13
1.68687	1.43789e-13
1.66485	1.43669e-13
1.64298	1.42346e-13
1.62081	1.41849e-13
1.59856	1.41158e-13
1.57623	1.4055e-13
1.55404	1.39364e-13
1.53153	1.38348e-13
1.50893	1.35454e-13
1.48646	1.33906e-13
1.46365	1.32226e-13
1.44074	1.30309e-13
1.41796	1.28047e-13
1.39481	1.25625e-13
1.3718	1.2196e-13
1.34839	1.18999e-13
1.32512	1.15961e-13
1.30143	1.12702e-13
1.27787	1.08698e-13
1.25444	1.03498e-13
1.23056	9.90875e-14
1.20652	9.45398e-14
1.18259	8.91352e-14
1.15849	8.31871e-14
1.13419	7.60493e-14
1.10968	6.87316e-14
1.08529	6.04092e-14
1.06068	5.09041e-14
1.03618	3.87225e-14
1.01145	2.15709e-14
