0.735599	6.97348e-08
0.761075	7.49268e-08
0.786415	8.02844e-08
0.811677	8.57998e-08
0.836868	9.14715e-08
0.861995	9.72976e-08
0.886817	1.03249e-07
0.912154	1.09416e-07
0.936806	1.15646e-07
0.961955	1.22101e-07
0.986829	1.28674e-07
1.01145	1.35366e-07
1.03618	1.42321e-07
1.06068	1.4926e-07
1.08529	1.56372e-07
1.10968	1.63767e-07
1.13419	1.71339e-07
1.15849	1.7888e-07
1.18259	1.86712e-07
1.20652	1.94675e-07
1.23056	2.0264e-07
1.25444	2.10904e-07
1.27787	2.19251e-07
1.30143	2.27954e-07
1.32512	2.36652e-07
1.34839	2.4543e-07
1.3718	2.54572e-07
1.39481	2.63606e-07
1.41796	2.73008e-07
1.44074	2.82494e-07
1.46365	2.92156e-07
1.48646	3.01948e-07
1.50893	3.11821e-07
1.53153	3.21869e-07
1.55404	3.32044e-07
1.57623	3.42518e-07
1.59856	3.52948e-07
1.62081	3.63729e-07
1.64298	3.7464e-07
1.66485	3.85403e-07
1.68687	3.96571e-07
1.7086	4.07819e-07
1.73048	4.19243e-07
1.75209	4.30746e-07
1.77384	4.42424e-07
1.79533	4.5418e-07
1.81676	4.66061e-07
1.83833	4.78116e-07
1.85966	4.90501e-07
1.88094	5.02758e-07
1.90216	5.15398e-07
1.92335	5.27904e-07
1.94448	5.40796e-07
1.96558	5.53548e-07
1.98663	5.66691e-07
2.00746	5.79637e-07
2.02826	5.92978e-07
2.04919	6.06493e-07
2.06992	6.20082e-07
2.09079	6.33561e-07
2.11145	6.47393e-07
2.13208	6.61348e-07
2.15268	6.75424e-07
2.17325	6.89621e-07
2.19363	7.03888e-07
2.21415	7.18325e-07
2.23464	7.33182e-07
2.25494	7.47809e-07
2.27522	7.62555e-07
2.29564	7.77469e-07
2.31588	7.92759e-07
2.3361	8.07859e-07
2.3563	8.23075e-07
2.37632	8.38672e-07
2.39634	8.5407e-07
2.41648	8.69955e-07
2.43646	8.85584e-07
2.45642	9.01653e-07
2.47637	9.17511e-07
2.4963	9.33812e-07
2.51622	9.5023e-07
2.53612	9.66764e-07
2.55587	9.83024e-07
2.57575	9.99787e-07
2.59548	1.01661e-06
2.6152	1.03355e-06
2.6349	1.0506e-06
2.6546	1.06742e-06
2.67429	1.0847e-06
2.69383	1.10204e-06
2.7139	1.11969e-06
2.73249	1.13689e-06
2.75228	1.15466e-06
2.77193	1.17285e-06
2.79143	1.19075e-06
2.8108	1.2087e-06
2.83004	1.2267e-06
2.85042	1.24566e-06
2.8694	1.26377e-06
2.88825	1.28195e-06
2.90822	1.3007e-06
2.92681	1.31936e-06
2.94652	1.33822e-06
2.9661	1.35752e-06
2.98555	1.37649e-06
3.00367	1.39536e-06
3.02288	1.41443e-06
3.04316	1.43448e-06
3.06212	1.45405e-06
3.08096	1.47328e-06
3.09969	1.49295e-06
3.11947	1.51321e-06
3.13797	1.53299e-06
3.1575	1.55295e-06
3.17692	1.57336e-06
3.19509	1.59328e-06
3.21428	1.6138e-06
3.23335	1.63436e-06
3.25232	1.65497e-06
3.27117	1.67562e-06
3.28992	1.69633e-06
3.30965	1.71762e-06
3.32818	1.73842e-06
3.34661	1.75927e-06
3.36601	1.78112e-06
3.38423	1.80206e-06
3.40342	1.82358e-06
3.42249	1.84515e-06
3.44147	1.8672e-06
3.46034	1.88885e-06
3.4791	1.91055e-06
3.49777	1.93273e-06
3.51634	1.95452e-06
3.53481	1.97679e-06
3.5542	1.9992e-06
3.57247	2.02155e-06
3.59166	2.0445e-06
3.60974	2.06649e-06
3.62873	2.08952e-06
3.64763	2.11259e-06
3.66642	2.13525e-06
3.68512	2.1584e-06
3.70372	2.18159e-06
3.72223	2.20482e-06
3.74065	2.22809e-06
3.75898	2.25094e-06
3.77722	2.27428e-06
3.79633	2.29869e-06
3.81439	2.32164e-06
3.83331	2.34565e-06
3.85214	2.37017e-06
3.87088	2.39426e-06
3.88859	2.41783e-06
3.90715	2.44199e-06
3.92563	2.46618e-06
3.94493	2.49144e-06
3.96323	2.5157e-06
3.98144	2.54e-06
4.00048	2.56536e-06
4.01852	2.58973e-06
4.03738	2.61468e-06
4.05526	2.63959e-06
4.07395	2.66461e-06
4.09256	2.69015e-06
4.11108	2.71572e-06
4.12952	2.74083e-06
4.14787	2.76646e-06
4.16615	2.79163e-06
4.18434	2.81733e-06
4.20246	2.84306e-06
4.22135	2.86938e-06
4.23931	2.89517e-06
4.25804	2.92155e-06
4.27669	2.94796e-06
4.29442	2.97333e-06
4.31291	2.99979e-06
4.33132	3.0268e-06
4.34966	3.05281e-06
4.36792	3.07987e-06
4.3861	3.10645e-06
4.40503	3.13361e-06
4.42306	3.16024e-06
4.44102	3.1869e-06
4.45971	3.21466e-06
4.47752	3.24137e-06
4.49607	3.26866e-06
4.51453	3.2965e-06
4.53293	3.32384e-06
4.55124	3.35174e-06
4.56949	3.37912e-06
4.58766	3.40707e-06
4.60576	3.4345e-06
4.62379	3.46249e-06
4.64253	3.49053e-06
4.66042	3.51856e-06
4.67901	3.54719e-06
4.69753	3.57583e-06
4.71521	3.60339e-06
4.73358	3.63207e-06
4.75189	3.66078e-06
4.77012	3.68951e-06
4.78829	3.71826e-06
4.80639	3.74703e-06
4.82517	3.77638e-06
4.84313	3.80519e-06
4.86102	3.83401e-06
4.87959	3.86342e-06
4.89735	3.89228e-06
4.91578	3.92228e-06
4.93415	3.95174e-06
4.95244	3.98122e-06
4.97067	4.01128e-06
4.98883	4.04079e-06
5.00692	4.07031e-06
5.02495	4.10042e-06
5.04364	4.13054e-06
5.06154	4.16069e-06
5.08008	4.19083e-06
5.09786	4.22101e-06
5.11627	4.25176e-06
5.13462	4.28195e-06
5.15221	4.31216e-06
5.17043	4.34296e-06
5.18929	4.37375e-06
5.20738	4.40457e-06
5.22541	4.4354e-06
5.24338	4.46625e-06
5.26197	4.49767e-06
5.27982	4.52854e-06
5.29828	4.55999e-06
5.31601	4.59088e-06
5.33435	4.62234e-06
5.35263	4.65382e-06
5.37084	4.6859e-06
5.389	4.7174e-06
5.40709	4.7489e-06
5.42513	4.78041e-06
5.44376	4.8131e-06
5.46168	4.84463e-06
5.47953	4.87617e-06
5.49799	4.90888e-06
5.51638	4.94099e-06
5.53471	4.97373e-06
5.55233	5.00529e-06
5.57054	5.03803e-06
5.58869	5.07078e-06
5.60743	5.10349e-06
5.62547	5.13625e-06
5.64345	5.16902e-06
5.66201	5.20236e-06
5.67987	5.23514e-06
5.69831	5.26848e-06
5.71669	5.30184e-06
5.73438	5.334e-06
5.75264	5.36736e-06
5.77085	5.40135e-06
5.789	5.43471e-06
5.8071	5.46807e-06
5.82575	5.50201e-06
5.84373	5.53537e-06
5.86227	5.56994e-06
5.88014	5.60331e-06
5.89857	5.63725e-06
5.91633	5.67125e-06
5.93464	5.70519e-06
5.9529	5.73976e-06
5.97111	5.77369e-06
5.98925	5.80826e-06
6.00795	5.84276e-06
6.02598	5.87733e-06
6.04397	5.9119e-06
6.06249	5.94638e-06
6.08096	5.98151e-06
6.09878	6.01607e-06
6.11714	6.0512e-06
6.13545	6.08632e-06
6.1537	6.12143e-06
6.1719	6.15655e-06
6.19004	6.19165e-06
6.20871	6.22732e-06
6.22675	6.26242e-06
6.24473	6.29751e-06
6.26324	6.33316e-06
6.2817	6.3688e-06
6.29952	6.40388e-06
6.31787	6.44084e-06
6.33617	6.47779e-06
6.35441	6.51475e-06
6.37317	6.54557e-06
6.39131	6.5825e-06
6.4094	6.61943e-06
6.42799	6.65692e-06
6.44598	6.69383e-06
6.46447	6.7313e-06
6.48291	6.76877e-06
6.5013	6.79947e-06
6.51964	6.83691e-06
6.53792	6.87434e-06
6.55615	6.91176e-06
6.57434	6.94918e-06
6.59247	6.98659e-06
6.6111	7.02454e-06
6.62913	7.06193e-06
6.64766	7.09987e-06
6.66614	7.1378e-06
6.68456	7.16884e-06
6.70294	7.20673e-06
6.72126	7.24462e-06
6.73954	7.28249e-06
6.75776	7.32034e-06
6.77647	7.35875e-06
6.7946	7.39658e-06
6.81321	7.43495e-06
6.83176	7.47331e-06
6.84974	7.5111e-06
6.8682	7.54943e-06
6.88661	7.58774e-06
6.90497	7.62604e-06
6.92329	7.66432e-06
6.94207	7.70315e-06
6.96029	7.74139e-06
6.97897	7.78018e-06
6.99709	7.81839e-06
7.01568	7.85714e-06
7.03422	7.89588e-06
7.05271	7.93459e-06
7.07115	7.97328e-06
7.08954	8.01195e-06
7.10789	8.05061e-06
7.12669	8.08979e-06
7.14494	8.1284e-06
7.16365	8.16755e-06
7.18181	8.20611e-06
7.20042	8.24521e-06
7.21898	8.28429e-06
7.2375	8.32334e-06
7.25597	8.36237e-06
7.27439	8.40137e-06
7.29327	8.4409e-06
7.3116	8.47986e-06
7.33037	8.51934e-06
7.3491	8.56603e-06
7.36729	8.60492e-06
7.38593	8.64433e-06
7.40452	8.68372e-06
7.42306	8.72308e-06
7.44204	8.76296e-06
7.46049	8.80227e-06
7.47889	8.84154e-06
7.49773	8.88134e-06
7.51604	8.92056e-06
7.53479	8.96762e-06
7.55349	9.00734e-06
7.57215	9.04702e-06
7.59076	9.08668e-06
7.60932	9.1263e-06
7.62831	9.16644e-06
7.64678	9.20601e-06
7.66521	9.25292e-06
7.68407	9.29297e-06
7.70287	9.33299e-06
7.72164	9.37298e-06
7.74035	9.41293e-06
7.75902	9.46028e-06
7.77765	9.50017e-06
7.79623	9.54003e-06
7.81524	9.58039e-06
7.83373	9.62018e-06
7.85264	9.66795e-06
7.8715	9.70821e-06
7.88987	9.7479e-06
7.90864	9.78809e-06
7.92783	9.82879e-06
7.94652	9.87642e-06
7.96516	9.9165e-06
7.98421	9.95709e-06
8.00277	9.9971e-06
8.02173	1.00452e-05
8.04065	1.00856e-05
8.05907	1.01255e-05
8.0779	1.01659e-05
8.09714	1.02144e-05
8.11588	1.02547e-05
8.13458	1.0295e-05
8.15368	1.03434e-05
8.17229	1.03836e-05
8.1913	1.04243e-05
8.21027	1.04726e-05
8.22919	1.05132e-05
8.24807	1.05538e-05
8.26691	1.05943e-05
8.28571	1.06424e-05
8.3049	1.06834e-05
8.3236	1.07238e-05
8.34271	1.07724e-05
8.36176	1.08133e-05
8.38078	1.08618e-05
8.39975	1.09025e-05
8.41868	1.09433e-05
8.43756	1.09917e-05
8.45683	1.10328e-05
8.47563	1.10734e-05
8.49482	1.11222e-05
8.51438	1.11638e-05
8.53136	1.12098e-05
8.55254	1.12534e-05
8.56944	1.12916e-05
8.59052	1.13429e-05
8.60735	1.1381e-05
8.62834	1.14322e-05
8.64927	1.14756e-05
8.66599	1.15136e-05
8.68683	1.15646e-05
8.70348	1.16025e-05
8.72423	1.16535e-05
8.74494	1.16966e-05
8.76147	1.17421e-05
8.78209	1.17851e-05
8.79855	1.18306e-05
8.81909	1.18735e-05
8.83957	1.19242e-05
8.86001	1.1967e-05
8.87633	1.20123e-05
8.89668	1.20549e-05
8.91699	1.21055e-05
8.9332	1.21427e-05
8.95343	1.21931e-05
8.97361	1.22356e-05
8.99374	1.22859e-05
9.01383	1.23282e-05
9.02987	1.23731e-05
9.04988	1.24153e-05
9.06984	1.24655e-05
9.08976	1.25076e-05
9.10964	1.25576e-05
9.12947	1.25995e-05
9.14926	1.26494e-05
9.16506	1.2694e-05
9.18478	1.27358e-05
9.20445	1.27855e-05
9.22408	1.28272e-05
9.24367	1.28769e-05
9.26321	1.29264e-05
9.28272	1.29679e-05
9.30218	1.30174e-05
9.32161	1.30588e-05
9.34099	1.31081e-05
9.36034	1.31574e-05
9.37964	1.31986e-05
9.3989	1.32478e-05
9.41813	1.32969e-05
9.43731	1.33379e-05
9.46029	1.33921e-05
9.47939	1.34411e-05
9.49845	1.34819e-05
9.51747	1.35307e-05
9.53646	1.35795e-05
9.5554	1.36201e-05
9.57431	1.36687e-05
9.59696	1.37225e-05
9.61579	1.37629e-05
9.63458	1.38114e-05
9.65333	1.38598e-05
9.67579	1.39052e-05
9.69447	1.39534e-05
9.71311	1.40016e-05
9.73171	1.40498e-05
9.75399	1.40949e-05
9.77252	1.41429e-05
9.79101	1.41909e-05
9.81315	1.42439e-05
9.83156	1.42836e-05
9.84994	1.43313e-05
9.87196	1.43842e-05
9.89026	1.44318e-05
9.91218	1.44845e-05
9.93041	1.45238e-05
9.94861	1.45712e-05
9.9704	1.46237e-05
9.98853	1.4671e-05
10.0102	1.47234e-05
10.0283	1.47623e-05
10.0499	1.48145e-05
10.0679	1.48615e-05
10.0894	1.49136e-05
10.1109	1.49656e-05
10.1288	1.50124e-05
10.1502	1.50643e-05
10.168	1.51026e-05
10.1893	1.51543e-05
10.2106	1.5206e-05
10.2283	1.52524e-05
10.2495	1.53039e-05
10.2707	1.53553e-05
10.2883	1.54015e-05
10.3093	1.54528e-05
10.3304	1.55039e-05
10.3479	1.55416e-05
10.3688	1.55926e-05
10.3897	1.56435e-05
10.4106	1.56944e-05
10.4279	1.57401e-05
10.4487	1.57908e-05
10.4695	1.58414e-05
10.4902	1.5892e-05
10.5109	1.59424e-05
10.5315	1.59928e-05
10.5521	1.60431e-05
10.5692	1.60882e-05
10.5897	1.61384e-05
10.6102	1.61884e-05
10.6307	1.62384e-05
10.651	1.62883e-05
10.6714	1.63381e-05
10.6917	1.63878e-05
10.712	1.64374e-05
10.7323	1.6487e-05
10.7525	1.65364e-05
10.7726	1.65858e-05
10.7928	1.66351e-05
10.8128	1.66843e-05
10.8363	1.67469e-05
10.8555	1.67949e-05
10.8747	1.68426e-05
10.8972	1.68953e-05
10.9163	1.69428e-05
10.9386	1.69952e-05
10.9609	1.70475e-05
10.9831	1.70996e-05
11.002	1.71383e-05
11.0241	1.71902e-05
11.0461	1.72421e-05
11.0682	1.72939e-05
11.0902	1.73456e-05
11.1121	1.73971e-05
11.1341	1.74402e-05
11.1559	1.74915e-05
11.1777	1.75428e-05
11.1995	1.75941e-05
11.2212	1.76366e-05
11.2462	1.76926e-05
11.2678	1.77434e-05
11.2894	1.77857e-05
11.3142	1.78413e-05
11.3357	1.78919e-05
11.3603	1.79387e-05
11.3817	1.7989e-05
11.4063	1.80356e-05
11.4276	1.80857e-05
11.4521	1.81321e-05
11.4764	1.81868e-05
11.4977	1.82281e-05
11.5219	1.82826e-05
11.5462	1.83285e-05
11.5703	1.83828e-05
11.5945	1.84284e-05
11.6186	1.84825e-05
11.6426	1.85279e-05
11.6666	1.85731e-05
11.6905	1.86268e-05
11.7144	1.86718e-05
11.7382	1.87253e-05
11.762	1.877e-05
11.7888	1.88194e-05
11.8124	1.88725e-05
11.836	1.89168e-05
11.8627	1.89659e-05
11.8862	1.90186e-05
11.9127	1.90673e-05
11.9361	1.91112e-05
11.9625	1.91596e-05
11.9858	1.92118e-05
12.0121	1.92599e-05
12.0383	1.9308e-05
12.0645	1.93646e-05
12.0877	1.94077e-05
12.1137	1.94553e-05
12.1397	1.95027e-05
12.1656	1.955e-05
12.1915	1.9606e-05
12.2174	1.96531e-05
12.2431	1.96999e-05
12.2689	1.97468e-05
12.2975	1.97979e-05
12.3231	1.98531e-05
12.3487	1.98995e-05
12.3742	1.99458e-05
12.4026	1.99964e-05
12.428	2.00424e-05
12.4562	2.00926e-05
12.4815	2.01383e-05
12.5095	2.01971e-05
12.5348	2.02425e-05
12.5628	2.02922e-05
12.5879	2.03374e-05
12.6158	2.03868e-05
12.6436	2.04361e-05
12.6714	2.04852e-05
12.699	2.05341e-05
12.7267	2.0583e-05
12.7543	2.06317e-05
12.7819	2.06892e-05
12.8093	2.07374e-05
12.8368	2.07858e-05
12.8641	2.08338e-05
12.8915	2.08818e-05
12.9187	2.09296e-05
12.9487	2.09816e-05
12.9758	2.1029e-05
13.0057	2.10807e-05
13.0328	2.1128e-05
13.0625	2.11793e-05
13.0895	2.12263e-05
13.1191	2.12773e-05
13.1459	2.13239e-05
13.1755	2.13747e-05
13.2049	2.14253e-05
13.2343	2.14758e-05
13.2637	2.1526e-05
13.2902	2.15719e-05
13.3195	2.16219e-05
13.3486	2.16716e-05
13.3804	2.17255e-05
13.4095	2.1775e-05
13.4384	2.18243e-05
13.4674	2.18735e-05
13.4963	2.19225e-05
13.5277	2.19755e-05
13.5565	2.20242e-05
13.5878	2.20768e-05
13.6164	2.21252e-05
13.6477	2.21685e-05
13.6762	2.22164e-05
13.7073	2.22685e-05
13.7384	2.23204e-05
13.7693	2.2372e-05
13.7976	2.24194e-05
13.8284	2.24706e-05
13.8593	2.25218e-05
13.8899	2.25727e-05
13.9232	2.26275e-05
13.9537	2.2669e-05
13.9843	2.27195e-05
14.0147	2.27697e-05
14.0451	2.28197e-05
14.078	2.28736e-05
14.1083	2.29233e-05
14.141	2.29768e-05
14.1711	2.30262e-05
14.2038	2.30702e-05
14.2363	2.31231e-05
14.2688	2.31759e-05
14.2987	2.32246e-05
14.331	2.3277e-05
14.3632	2.33292e-05
14.3954	2.33719e-05
14.4276	2.34238e-05
14.4621	2.34793e-05
14.4941	2.35307e-05
14.526	2.3582e-05
14.5578	2.3633e-05
14.5921	2.36785e-05
14.6238	2.37292e-05
14.6579	2.37835e-05
14.6895	2.38338e-05
14.7234	2.38877e-05
14.7573	2.39414e-05
14.791	2.39855e-05
14.8248	2.40389e-05
14.856	2.40882e-05
14.8896	2.4141e-05
14.9255	2.41975e-05
14.9589	2.42406e-05
14.9922	2.42929e-05
15.0256	2.4345e-05
15.0611	2.44005e-05
15.0942	2.44521e-05
15.1297	2.4498e-05
15.1626	2.45492e-05
15.1979	2.46039e-05
15.2331	2.46584e-05
15.2659	2.47091e-05
15.3009	2.47538e-05
15.3358	2.48076e-05
15.3707	2.48612e-05
15.4078	2.49183e-05
15.4425	2.4962e-05
15.4771	2.50149e-05
15.5117	2.50677e-05
15.5485	2.51239e-05
15.5829	2.51762e-05
15.6195	2.52223e-05
15.6537	2.52742e-05
15.6902	2.53295e-05
15.7265	2.53845e-05
15.7628	2.54391e-05
15.799	2.54843e-05
15.8351	2.55385e-05
15.8711	2.55926e-05
15.9071	2.56464e-05
15.9452	2.57035e-05
15.981	2.57473e-05
16.0189	2.5804e-05
16.0545	2.58569e-05
16.0923	2.5913e-05
16.1278	2.59559e-05
16.1653	2.60115e-05
16.2028	2.60669e-05
16.2403	2.61222e-05
16.2775	2.6177e-05
16.3148	2.62221e-05
16.3542	2.628e-05
16.3912	2.63341e-05
16.4281	2.63881e-05
16.4673	2.64453e-05
16.5062	2.64924e-05
16.5429	2.65456e-05
16.5818	2.6602e-05
16.6205	2.66581e-05
16.659	2.67138e-05
16.6976	2.67598e-05
16.736	2.68151e-05
16.7744	2.68702e-05
16.8148	2.69284e-05
16.8529	2.69829e-05
16.8931	2.70308e-05
16.9311	2.70849e-05
16.9711	2.71419e-05
17.011	2.71987e-05
17.0508	2.72552e-05
17.0907	2.73019e-05
17.1302	2.73578e-05
17.1698	2.74136e-05
17.2092	2.74691e-05
17.2507	2.75276e-05
17.2899	2.75727e-05
17.3311	2.76306e-05
17.3702	2.7685e-05
17.4112	2.77424e-05
17.4522	2.77994e-05
17.4931	2.78466e-05
17.5339	2.79031e-05
17.5765	2.79624e-05
17.617	2.80184e-05
17.6575	2.80741e-05
17.6999	2.81326e-05
17.7403	2.81781e-05
17.7824	2.8236e-05
17.8245	2.82937e-05
17.8665	2.83512e-05
17.9084	2.84083e-05
17.9501	2.84552e-05
17.9938	2.85148e-05
18.0354	2.85711e-05
18.0789	2.86301e-05
18.1203	2.86859e-05
18.1635	2.87443e-05
18.2067	2.88025e-05
18.2497	2.88504e-05
18.2927	2.8908e-05
18.3356	2.89653e-05
18.3783	2.90223e-05
18.423	2.90822e-05
18.4656	2.91386e-05
18.51	2.91877e-05
18.5542	2.92465e-05
18.5965	2.93021e-05
18.6406	2.93603e-05
18.6864	2.94211e-05
18.7303	2.94787e-05
18.774	2.9536e-05
18.8195	2.95957e-05
18.863	2.96424e-05
18.9084	2.97016e-05
18.9536	2.97606e-05
18.9987	2.98193e-05
19.0437	2.98776e-05
19.0886	2.99357e-05
19.1353	2.99963e-05
19.18	3.00537e-05
19.2264	3.01035e-05
19.2728	3.01631e-05
19.3171	3.02197e-05
19.3633	3.02787e-05
19.4111	3.03402e-05
19.457	3.03986e-05
19.5027	3.04564e-05
19.5502	3.05169e-05
19.5976	3.05771e-05
19.643	3.06342e-05
19.6902	3.06937e-05
19.7372	3.07428e-05
19.786	3.08044e-05
19.8327	3.08628e-05
19.8812	3.09237e-05
19.9278	3.09816e-05
19.9761	3.10419e-05
20.0243	3.11018e-05
20.0723	3.11614e-05
20.1202	3.12207e-05
20.1679	3.12795e-05
20.2174	3.13407e-05
20.265	3.13991e-05
20.3142	3.14597e-05
20.3633	3.152e-05
20.4123	3.15799e-05
20.4612	3.16394e-05
20.5116	3.17011e-05
20.5602	3.176e-05
20.6105	3.18212e-05
20.6606	3.1882e-05
20.7106	3.19424e-05
20.7605	3.20025e-05
20.8102	3.20621e-05
20.8615	3.2124e-05
20.911	3.21831e-05
20.9622	3.22444e-05
21.0132	3.23053e-05
21.0639	3.23656e-05
21.1147	3.24258e-05
21.167	3.24881e-05
21.2174	3.25476e-05
21.2695	3.26093e-05
21.3215	3.26705e-05
21.3731	3.27312e-05
21.4248	3.27917e-05
21.4763	3.28518e-05
21.5294	3.29141e-05
21.5824	3.2976e-05
21.6351	3.30373e-05
21.6878	3.30985e-05
21.7403	3.31592e-05
21.7928	3.32196e-05
21.8467	3.3282e-05
21.8988	3.33416e-05
21.9525	3.34033e-05
22.0077	3.34669e-05
22.0611	3.35279e-05
22.1142	3.35882e-05
22.169	3.36613e-05
22.2237	3.37235e-05
22.2782	3.37853e-05
22.3325	3.38466e-05
22.3866	3.39075e-05
22.4423	3.39704e-05
22.4963	3.40307e-05
22.5517	3.40929e-05
22.6086	3.41569e-05
22.6636	3.42287e-05
22.7186	3.42897e-05
22.7751	3.43527e-05
22.8314	3.44152e-05
22.8874	3.44771e-05
22.9434	3.45387e-05
23.0009	3.46023e-05
23.0567	3.46633e-05
23.1137	3.47365e-05
23.1707	3.47988e-05
23.2276	3.48607e-05
23.2858	3.49245e-05
23.3425	3.49857e-05
23.4003	3.50484e-05
23.4582	3.51216e-05
23.5159	3.51837e-05
23.5749	3.52476e-05
23.6338	3.5311e-05
23.691	3.53719e-05
23.7511	3.54474e-05
23.8096	3.55096e-05
23.8678	3.55712e-05
23.9276	3.56348e-05
23.9871	3.56979e-05
24.0465	3.57713e-05
24.1056	3.58334e-05
24.1661	3.58974e-05
24.2266	3.5961e-05
24.2869	3.60348e-05
24.3468	3.60973e-05
24.4083	3.61616e-05
24.4681	3.62234e-05
24.5293	3.62978e-05
24.5902	3.63608e-05
24.6524	3.64252e-05
24.713	3.64874e-05
24.775	3.6562e-05
24.8368	3.66253e-05
24.8998	3.66901e-05
24.9613	3.67634e-05
25.024	3.68274e-05
25.0866	3.6891e-05
25.1489	3.69648e-05
25.2127	3.70295e-05
25.2763	3.70938e-05
25.3383	3.71665e-05
25.4027	3.72315e-05
25.4658	3.72944e-05
25.5302	3.73698e-05
25.5944	3.74337e-05
25.6583	3.74972e-05
25.7234	3.75729e-05
25.7885	3.76374e-05
25.8534	3.77015e-05
25.9181	3.7776e-05
25.9825	3.78389e-05
26.0483	3.79035e-05
26.1139	3.79785e-05
26.1808	3.80441e-05
26.2459	3.8118e-05
26.3124	3.81826e-05
26.3787	3.82467e-05
26.4462	3.83232e-05
26.5121	3.83862e-05
26.5792	3.84617e-05
26.6462	3.85258e-05
26.7143	3.86022e-05
26.7808	3.86651e-05
26.8472	3.87388e-05
26.9136	3.8801e-05
26.9797	3.88627e-05
27.0587	3.89529e-05
27.1245	3.90136e-05
27.1902	3.90849e-05
27.2557	3.91447e-05
27.334	3.9233e-05
27.399	3.92916e-05
27.464	3.9361e-05
27.5417	3.94366e-05
27.6064	3.95052e-05
27.6836	3.95794e-05
27.7479	3.9647e-05
27.8249	3.97204e-05
27.8888	3.9787e-05
27.9654	3.98592e-05
28.029	3.99249e-05
28.1052	4.00074e-05
28.1812	4.00781e-05
28.2442	4.01421e-05
28.3198	4.02119e-05
28.3953	4.02923e-05
28.4705	4.03609e-05
28.5453	4.04399e-05
28.6077	4.05018e-05
28.6823	4.05688e-05
28.7568	4.06467e-05
28.8311	4.07126e-05
28.905	4.07891e-05
28.9789	4.08652e-05
29.0526	4.09296e-05
29.1262	4.10048e-05
29.2115	4.10956e-05
29.2846	4.11583e-05
29.3575	4.12318e-05
29.4303	4.13048e-05
29.5027	4.13657e-05
29.5872	4.14539e-05
29.6594	4.15253e-05
29.7314	4.15849e-05
29.815	4.1671e-05
29.8866	4.17409e-05
29.97	4.18148e-05
30.0413	4.18836e-05
30.124	4.19674e-05
30.1949	4.20352e-05
30.2774	4.21067e-05
30.3598	4.21891e-05
30.4299	4.2255e-05
30.5118	4.23362e-05
30.5934	4.24053e-05
30.6748	4.24853e-05
30.7561	4.25647e-05
30.8254	4.26282e-05
30.9062	4.26951e-05
30.9868	4.27728e-05
31.0672	4.28499e-05
31.1472	4.29262e-05
31.2387	4.30173e-05
31.3184	4.30927e-05
31.3979	4.3156e-05
31.4771	4.32301e-05
31.5562	4.33037e-05
31.6464	4.33916e-05
31.7252	4.34642e-05
31.8036	4.3536e-05
31.8931	4.3622e-05
31.9712	4.36813e-05
32.0602	4.3766e-05
32.1379	4.38357e-05
32.2264	4.3919e-05
32.3036	4.39876e-05
32.3918	4.40698e-05
32.4796	4.41514e-05
32.5671	4.42322e-05
32.6436	4.42984e-05
32.7308	4.43783e-05
32.8178	4.44575e-05
32.9043	4.45358e-05
32.9908	4.46137e-05
33.0771	4.4691e-05
33.1633	4.47678e-05
33.2491	4.48439e-05
33.3345	4.49191e-05
33.4306	4.50076e-05
33.5157	4.50817e-05
33.6006	4.51553e-05
33.6958	4.52417e-05
33.7803	4.5314e-05
33.8645	4.53858e-05
33.9591	4.54703e-05
34.0427	4.55406e-05
34.1368	4.56238e-05
34.2307	4.57064e-05
34.3138	4.57751e-05
34.4069	4.5856e-05
34.5	4.59365e-05
34.5928	4.60164e-05
34.6854	4.60957e-05
34.7775	4.61857e-05
34.8696	4.62636e-05
34.9614	4.63408e-05
35.053	4.64173e-05
35.1441	4.6493e-05
35.2353	4.65683e-05
35.3262	4.66429e-05
35.4269	4.67413e-05
35.517	4.68143e-05
35.6072	4.68869e-05
35.7071	4.69714e-05
35.7968	4.70428e-05
35.896	4.71374e-05
35.9951	4.72197e-05
36.084	4.72891e-05
36.1826	4.737e-05
36.2807	4.74618e-05
36.3789	4.75415e-05
36.4766	4.76203e-05
36.5742	4.77103e-05
36.6712	4.77874e-05
36.7682	4.78642e-05
36.865	4.79403e-05
36.9613	4.80273e-05
37.0575	4.81019e-05
37.1631	4.81877e-05
37.2588	4.82728e-05
37.3542	4.83453e-05
37.4589	4.84288e-05
37.5539	4.85119e-05
37.658	4.8594e-05
37.7617	4.8687e-05
37.856	4.87562e-05
37.9594	4.88361e-05
38.0622	4.89269e-05
38.165	4.90053e-05
38.2675	4.90949e-05
38.3697	4.91718e-05
38.4716	4.92598e-05
38.5733	4.93353e-05
38.6839	4.94212e-05
38.7848	4.95069e-05
38.8857	4.95801e-05
38.9956	4.96758e-05
39.0957	4.97473e-05
39.2048	4.98414e-05
39.3046	4.99117e-05
39.4132	5.00042e-05
39.5213	5.00958e-05
39.6293	5.01747e-05
39.737	5.02649e-05
39.8442	5.0342e-05
39.9513	5.04307e-05
40.0582	5.05066e-05
40.1645	5.05935e-05
40.2707	5.06799e-05
40.3855	5.07639e-05
40.4912	5.08488e-05
40.6053	5.09311e-05
40.7104	5.10144e-05
40.8239	5.11073e-05
40.9282	5.11768e-05
41.0413	5.12682e-05
41.1539	5.13588e-05
41.266	5.14361e-05
41.378	5.1525e-05
41.4897	5.16132e-05
41.601	5.17004e-05
41.7122	5.17748e-05
41.8315	5.18705e-05
41.9418	5.19552e-05
42.052	5.20394e-05
42.1705	5.21206e-05
42.2883	5.22127e-05
42.3976	5.22945e-05
42.515	5.23852e-05
42.6318	5.24749e-05
42.7487	5.25519e-05
42.8652	5.26402e-05
42.981	5.27273e-05
43.0969	5.2814e-05
43.2125	5.28999e-05
43.3357	5.29941e-05
43.4505	5.30782e-05
43.5733	5.3171e-05
43.6873	5.32409e-05
43.8095	5.33321e-05
43.9309	5.3422e-05
44.0523	5.35112e-05
44.1653	5.35904e-05
44.286	5.36779e-05
44.4144	5.37738e-05
44.5345	5.38596e-05
44.654	5.39443e-05
44.7735	5.40287e-05
44.9003	5.41207e-05
45.0191	5.42031e-05
45.1454	5.42937e-05
45.2712	5.43831e-05
45.397	5.4472e-05
45.522	5.45595e-05
45.647	5.46465e-05
45.7716	5.47449e-05
45.8957	5.483e-05
46.0197	5.49144e-05
46.1507	5.50062e-05
46.274	5.50888e-05
46.4047	5.51792e-05
46.527	5.52597e-05
46.6569	5.53605e-05
46.7862	5.54478e-05
46.9155	5.55345e-05
47.044	5.562e-05
47.1725	5.57048e-05
47.3081	5.58094e-05
47.4357	5.58922e-05
47.5631	5.59743e-05
47.6974	5.60634e-05
47.8317	5.61645e-05
47.9577	5.62435e-05
48.0911	5.63301e-05
48.2239	5.64279e-05
48.3568	5.65128e-05
48.4961	5.66043e-05
48.6281	5.66996e-05
48.7594	5.67812e-05
48.898	5.68703e-05
49.0362	5.69707e-05
49.1663	5.70494e-05
49.3038	5.71356e-05
49.4406	5.72328e-05
49.5771	5.73169e-05
49.7131	5.74122e-05
49.8562	5.75023e-05
49.9914	5.75956e-05
50.1336	5.76836e-05
50.2682	5.77752e-05
50.4093	5.78608e-05
50.5503	5.79582e-05
50.6907	5.80419e-05
50.831	5.81375e-05
50.9706	5.82191e-05
51.117	5.83201e-05
51.256	5.83999e-05
51.4016	5.84988e-05
51.5396	5.85891e-05
51.6844	5.86735e-05
51.8287	5.87692e-05
51.9724	5.88637e-05
52.116	5.89451e-05
52.2659	5.9045e-05
52.4087	5.91369e-05
52.5576	5.9222e-05
52.6997	5.9312e-05
52.8478	5.94076e-05
52.9955	5.94897e-05
53.1431	5.95837e-05
53.2966	5.96832e-05
53.4433	5.9775e-05
53.5895	5.98531e-05
53.7417	5.99494e-05
53.8938	6.0045e-05
54.0452	6.01393e-05
54.1963	6.02326e-05
54.3471	6.0325e-05
54.4972	6.04035e-05
54.6474	6.0494e-05
54.8031	6.05897e-05
54.9584	6.06843e-05
55.1138	6.07783e-05
55.2618	6.08641e-05
55.4223	6.09621e-05
55.5763	6.10528e-05
55.7295	6.1142e-05
55.8885	6.12367e-05
56.0413	6.13243e-05
56.1995	6.14167e-05
56.3573	6.15081e-05
56.5151	6.15989e-05
56.6783	6.16944e-05
56.8347	6.17825e-05
56.9971	6.1876e-05
57.153	6.19622e-05
57.3143	6.20533e-05
57.4754	6.21434e-05
57.6361	6.22452e-05
57.8022	6.23391e-05
57.9619	6.24259e-05
58.1271	6.25175e-05
58.2922	6.26083e-05
58.4505	6.26918e-05
58.6204	6.27987e-05
58.7838	6.28858e-05
58.9472	6.29722e-05
59.1156	6.3063e-05
59.2836	6.31653e-05
59.4453	6.3248e-05
59.6183	6.33413e-05
59.785	6.34402e-05
59.9514	6.35256e-05
60.123	6.36153e-05
60.2883	6.37108e-05
60.4589	6.37982e-05
60.629	6.38844e-05
60.8046	6.39879e-05
60.9741	6.40721e-05
61.1486	6.41731e-05
61.317	6.42547e-05
61.4905	6.43533e-05
61.6635	6.44381e-05
61.8419	6.45401e-05
62.014	6.46225e-05
62.1914	6.4722e-05
62.3685	6.48079e-05
62.5448	6.49048e-05
62.7207	6.49881e-05
62.896	6.50826e-05
63.0764	6.51813e-05
63.2509	6.5261e-05
63.4303	6.53573e-05
63.6094	6.54398e-05
63.7934	6.5539e-05
63.9712	6.56316e-05
64.1544	6.57158e-05
64.3368	6.58112e-05
64.5188	6.59056e-05
64.7002	6.59985e-05
64.8811	6.60775e-05
65.0671	6.61733e-05
65.252	6.62673e-05
65.437	6.63606e-05
65.6213	6.64524e-05
65.805	6.65429e-05
65.9938	6.66248e-05
66.1819	6.67179e-05
66.3696	6.68099e-05
66.5566	6.69004e-05
66.7431	6.69897e-05
66.9342	6.70824e-05
67.1249	6.71741e-05
67.3153	6.72646e-05
67.505	6.73536e-05
67.6993	6.74462e-05
67.8881	6.75328e-05
68.081	6.76224e-05
68.2739	6.77113e-05
68.4713	6.78035e-05
68.6631	6.78897e-05
68.859	6.79788e-05
69.0547	6.80669e-05
69.25	6.81667e-05
69.4442	6.82518e-05
69.6436	6.83408e-05
69.8422	6.84283e-05
70.04	6.85142e-05
70.2375	6.85991e-05
70.4397	6.87e-05
70.6407	6.87863e-05
70.8415	6.88716e-05
71.0415	6.89681e-05
71.2412	6.90507e-05
71.4451	6.91362e-05
71.6486	6.92333e-05
71.8513	6.93161e-05
72.0537	6.93977e-05
72.2602	6.94948e-05
72.4664	6.95781e-05
72.6717	6.96724e-05
72.8767	6.97529e-05
73.0857	6.98488e-05
73.2944	6.99308e-05
73.5023	7.0024e-05
73.7093	7.01028e-05
73.9213	7.01978e-05
74.1271	7.02738e-05
74.3422	7.03697e-05
74.5521	7.04475e-05
74.7612	7.05364e-05
74.9743	7.06279e-05
75.187	7.07054e-05
75.404	7.07985e-05
75.6154	7.08859e-05
75.8308	7.0963e-05
76.0457	7.10516e-05
76.2645	7.11426e-05
76.4782	7.12282e-05
76.6962	7.1304e-05
76.9134	7.13908e-05
77.1343	7.14799e-05
77.3548	7.15678e-05
77.5745	7.1654e-05
77.7937	7.17389e-05
78.0122	7.18221e-05
78.2347	7.1908e-05
78.4567	7.19923e-05
78.6823	7.20662e-05
78.903	7.21476e-05
79.1273	7.22438e-05
79.3508	7.23257e-05
79.5783	7.241e-05
79.8054	7.24931e-05
80.0317	7.25744e-05
80.2575	7.26544e-05
80.4867	7.27363e-05
80.7155	7.28168e-05
80.9438	7.2896e-05
81.1708	7.29858e-05
81.4022	7.30655e-05
81.6327	7.31436e-05
81.8667	7.32236e-05
82.0961	7.32988e-05
82.329	7.33885e-05
82.5653	7.34674e-05
82.797	7.35414e-05
83.032	7.36298e-05
83.2662	7.37041e-05
83.5044	7.37931e-05
83.7416	7.38677e-05
83.9787	7.39412e-05
84.2143	7.4025e-05
84.4416	7.40886e-05
84.693	7.41832e-05
84.9434	7.42634e-05
85.1934	7.43547e-05
85.4007	7.43982e-05
85.6497	7.44867e-05
85.8976	7.45732e-05
86.1444	7.46454e-05
86.3908	7.47286e-05
86.6365	7.48103e-05
86.8813	7.48776e-05
87.1256	7.49561e-05
87.3693	7.50329e-05
87.6122	7.51082e-05
87.8543	7.51692e-05
88.0959	7.52414e-05
88.3771	7.53435e-05
88.6173	7.54123e-05
88.8568	7.54796e-05
89.095	7.55448e-05
89.373	7.56275e-05
89.61	7.56897e-05
89.8469	7.57507e-05
90.1226	7.58407e-05
90.3576	7.58982e-05
90.6317	7.59847e-05
90.8651	7.60388e-05
91.1377	7.61344e-05
91.4095	7.62157e-05
91.6412	7.62653e-05
91.911	7.63428e-05
92.1804	7.6419e-05
92.4104	7.64641e-05
92.6779	7.65366e-05
92.9451	7.66201e-05
93.211	7.66891e-05
93.4762	7.67564e-05
93.7406	7.68344e-05
94.0045	7.68985e-05
94.2674	7.69606e-05
94.5295	7.70335e-05
94.7912	7.70925e-05
95.0518	7.7162e-05
95.312	7.72176e-05
95.5713	7.72715e-05
95.8668	7.73633e-05
96.1247	7.74139e-05
96.3817	7.7475e-05
96.675	7.75616e-05
96.9307	7.7607e-05
97.222	7.76897e-05
97.4756	7.77315e-05
97.7292	7.77843e-05
98.0184	7.78619e-05
98.306	7.79371e-05
98.5575	7.79727e-05
98.844	7.80447e-05
99.1293	7.81146e-05
99.3785	7.81573e-05
99.6626	7.8224e-05
99.9456	7.82764e-05
100.228	7.83395e-05
100.509	7.84006e-05
100.79	7.84601e-05
101.07	7.85175e-05
101.349	7.85734e-05
101.627	7.86272e-05
101.905	7.86798e-05
102.182	7.87301e-05
102.458	7.8779e-05
102.767	7.88621e-05
103.042	7.89077e-05
103.315	7.89509e-05
103.623	7.90167e-05
103.894	7.90563e-05
104.199	7.91179e-05
104.471	7.91667e-05
104.774	7.92246e-05
105.042	7.92573e-05
105.345	7.93238e-05
105.645	7.93762e-05
105.912	7.94157e-05
106.211	7.94643e-05
106.51	7.95115e-05
106.807	7.95683e-05
107.104	7.96113e-05
107.399	7.96644e-05
107.694	7.97156e-05
107.988	7.97532e-05
108.282	7.98012e-05
108.574	7.98351e-05
108.866	7.98789e-05
109.156	7.9921e-05
109.447	7.99496e-05
109.768	8.00094e-05
110.056	8.00456e-05
110.343	8.00804e-05
110.662	8.01346e-05
110.948	8.01658e-05
111.265	8.02043e-05
111.549	8.02316e-05
111.864	8.0278e-05
112.178	8.03226e-05
112.491	8.03649e-05
112.772	8.03851e-05
113.083	8.04238e-05
113.394	8.04603e-05
113.704	8.04953e-05
114.012	8.054e-05
114.32	8.05708e-05
114.627	8.06001e-05
114.934	8.06274e-05
115.239	8.06527e-05
115.543	8.06878e-05
115.877	8.07283e-05
116.18	8.0748e-05
116.481	8.07774e-05
116.813	8.08125e-05
117.112	8.08261e-05
117.442	8.0869e-05
117.74	8.08792e-05
118.068	8.09175e-05
118.364	8.09239e-05
118.69	8.09589e-05
119.015	8.09799e-05
119.338	8.10104e-05
119.661	8.10391e-05
119.954	8.10363e-05
120.274	8.10608e-05
120.594	8.10838e-05
120.942	8.11108e-05
121.261	8.11301e-05
121.579	8.1147e-05
121.895	8.11617e-05
122.21	8.11749e-05
122.553	8.1203e-05
122.867	8.12122e-05
123.209	8.12368e-05
123.52	8.12417e-05
123.86	8.12619e-05
124.169	8.12631e-05
124.507	8.12796e-05
124.816	8.12773e-05
125.151	8.12891e-05
125.486	8.12996e-05
125.82	8.13081e-05
126.152	8.13139e-05
126.484	8.13296e-05
126.815	8.13317e-05
127.145	8.13319e-05
127.474	8.13412e-05
127.802	8.13378e-05
128.157	8.1348e-05
128.483	8.13512e-05
128.807	8.13412e-05
129.159	8.13567e-05
129.483	8.1343e-05
129.832	8.13539e-05
130.154	8.13365e-05
130.501	8.13429e-05
130.848	8.13477e-05
131.166	8.1324e-05
131.511	8.1325e-05
131.855	8.13236e-05
132.197	8.13094e-05
132.538	8.13033e-05
132.879	8.12959e-05
133.219	8.12865e-05
133.557	8.12749e-05
133.895	8.12611e-05
134.258	8.12599e-05
134.593	8.12421e-05
134.954	8.12368e-05
135.288	8.12153e-05
135.621	8.11914e-05
135.979	8.118e-05
136.335	8.11657e-05
136.665	8.11362e-05
137.02	8.11185e-05
137.373	8.11088e-05
137.726	8.10871e-05
138.078	8.10629e-05
138.428	8.10366e-05
138.778	8.10189e-05
139.126	8.09889e-05
139.474	8.09669e-05
139.821	8.09329e-05
140.191	8.09096e-05
140.535	8.08811e-05
140.878	8.08513e-05
141.246	8.08219e-05
141.587	8.07876e-05
141.952	8.07539e-05
142.316	8.07284e-05
142.655	8.06884e-05
143.017	8.06486e-05
143.378	8.06166e-05
143.738	8.05826e-05
144.097	8.05469e-05
144.455	8.05089e-05
144.811	8.04685e-05
145.167	8.04166e-05
145.546	8.03845e-05
145.899	8.03382e-05
146.251	8.02895e-05
146.627	8.02511e-05
146.977	8.02086e-05
147.35	8.01659e-05
147.699	8.01094e-05
148.07	8.00624e-05
148.44	8.00135e-05
148.785	7.99509e-05
149.153	7.99076e-05
149.519	7.98521e-05
149.885	7.97948e-05
150.25	7.97452e-05
150.613	7.96837e-05
150.999	7.96411e-05
151.359	7.95752e-05
151.72	7.95172e-05
152.102	7.94584e-05
152.46	7.93964e-05
152.839	7.93331e-05
153.195	7.92668e-05
153.572	7.9209e-05
153.949	7.91398e-05
154.302	7.90674e-05
154.675	7.90032e-05
155.049	7.89372e-05
155.42	7.88594e-05
155.791	7.87891e-05
156.161	7.87171e-05
156.551	7.86525e-05
156.918	7.85758e-05
157.285	7.84977e-05
157.672	7.84265e-05
158.036	7.8344e-05
158.421	7.82689e-05
158.783	7.81823e-05
159.165	7.81125e-05
159.546	7.80312e-05
159.926	7.79478e-05
160.306	7.78625e-05
160.684	7.77844e-05
161.061	7.76949e-05
161.436	7.76029e-05
161.81	7.75184e-05
162.183	7.74226e-05
162.556	7.73251e-05
162.948	7.72432e-05
163.318	7.71417e-05
163.708	7.70558e-05
164.096	7.69675e-05
164.462	7.68595e-05
164.848	7.67675e-05
165.233	7.66644e-05
165.617	7.6568e-05
166	7.64696e-05
166.381	7.63689e-05
166.761	7.62576e-05
167.14	7.6153e-05
167.517	7.60462e-05
167.914	7.59458e-05
168.29	7.58352e-05
168.685	7.57307e-05
169.057	7.56158e-05
169.45	7.55073e-05
169.841	7.53965e-05
170.21	7.52758e-05
170.598	7.51607e-05
170.985	7.50439e-05
171.372	7.49336e-05
171.756	7.48126e-05
172.16	7.46976e-05
172.542	7.45727e-05
172.923	7.4454e-05
173.322	7.43324e-05
173.701	7.42263e-05
174.097	7.40434e-05
174.474	7.39333e-05
174.868	7.38281e-05
175.261	7.37208e-05
175.653	7.35311e-05
176.043	7.34198e-05
176.433	7.33065e-05
176.821	7.3191e-05
177.207	7.30731e-05
177.592	7.28744e-05
177.996	7.276e-05
178.379	7.26363e-05
178.779	7.25174e-05
179.159	7.23115e-05
179.558	7.21889e-05
179.954	7.20638e-05
180.349	7.19369e-05
180.744	7.18079e-05
181.136	7.16001e-05
181.527	7.14668e-05
181.917	7.13318e-05
182.306	7.11948e-05
182.712	7.10621e-05
183.098	7.08459e-05
183.501	7.07092e-05
183.885	7.05643e-05
184.285	7.04235e-05
184.684	7.02809e-05
185.083	7.00628e-05
185.459	6.99096e-05
185.873	6.97675e-05
186.267	6.9617e-05
186.659	6.94643e-05
187.05	6.93096e-05
187.458	6.90875e-05
187.846	6.89292e-05
188.25	6.87748e-05
188.636	6.86127e-05
189.039	6.84547e-05
189.439	6.82944e-05
189.839	6.81324e-05
190.236	6.78983e-05
190.632	6.77324e-05
191.027	6.75645e-05
191.42	6.7395e-05
191.831	6.72291e-05
192.221	6.70556e-05
192.629	6.68859e-05
193.016	6.66407e-05
193.419	6.64672e-05
193.822	6.6292e-05
194.224	6.61149e-05
194.623	6.59357e-05
195.021	6.57548e-05
195.417	6.55718e-05
195.813	6.53872e-05
196.225	6.5206e-05
196.616	6.49525e-05
197.024	6.47676e-05
197.413	6.4576e-05
197.819	6.43877e-05
198.222	6.41975e-05
198.624	6.40053e-05
199.024	6.38114e-05
199.424	6.3616e-05
199.821	6.34183e-05
200.235	6.32242e-05
200.629	6.30233e-05
201.038	6.27636e-05
201.43	6.25596e-05
201.837	6.23584e-05
202.241	6.21553e-05
202.646	6.1951e-05
203.047	6.17444e-05
203.447	6.15364e-05
203.847	6.13268e-05
204.261	6.11199e-05
204.656	6.09068e-05
205.067	6.06965e-05
205.459	6.04801e-05
205.867	6.02666e-05
206.272	6.00511e-05
206.677	5.98344e-05
207.079	5.95586e-05
207.482	5.9339e-05
207.881	5.91176e-05
208.294	5.88984e-05
208.691	5.86739e-05
209.101	5.84517e-05
209.51	5.82281e-05
209.902	5.79989e-05
210.308	5.77721e-05
210.712	5.75439e-05
211.114	5.73138e-05
211.531	5.70863e-05
211.931	5.68538e-05
212.344	5.66233e-05
212.74	5.63875e-05
213.151	5.61541e-05
213.559	5.59191e-05
213.95	5.56792e-05
214.355	5.54414e-05
214.773	5.52055e-05
215.175	5.49649e-05
215.576	5.47232e-05
215.989	5.44327e-05
216.387	5.41885e-05
216.796	5.39459e-05
217.204	5.3702e-05
217.612	5.34572e-05
218.017	5.32108e-05
218.421	5.29632e-05
218.823	5.27142e-05
219.222	5.24638e-05
219.637	5.22157e-05
220.032	5.19627e-05
220.443	5.17119e-05
220.851	5.14598e-05
221.258	5.12065e-05
221.663	5.0952e-05
222.066	5.06964e-05
222.467	5.04395e-05
222.882	5.01845e-05
223.28	4.99253e-05
223.69	4.96677e-05
224.1	4.94092e-05
224.494	4.91469e-05
224.899	4.8886e-05
225.303	4.86241e-05
225.719	4.8364e-05
226.12	4.81001e-05
226.519	4.78351e-05
226.931	4.75718e-05
227.341	4.73074e-05
227.733	4.70393e-05
228.14	4.67729e-05
228.545	4.65058e-05
228.948	4.62376e-05
229.362	4.59304e-05
229.761	4.56606e-05
230.174	4.53924e-05
230.569	4.51207e-05
230.976	4.48505e-05
231.383	4.45795e-05
231.788	4.43079e-05
232.19	4.40351e-05
232.591	4.37617e-05
232.991	4.34874e-05
233.402	4.32147e-05
233.798	4.2939e-05
234.206	4.26647e-05
234.598	4.23873e-05
235.002	4.21114e-05
235.406	4.18351e-05
235.806	4.15577e-05
236.218	4.1282e-05
236.616	4.10035e-05
237.012	4.07244e-05
237.418	4.04464e-05
237.825	4.01342e-05
238.215	3.98535e-05
238.617	3.95741e-05
239.018	3.92945e-05
239.416	3.90139e-05
239.827	3.8735e-05
240.222	3.84536e-05
240.615	3.81718e-05
241.02	3.78912e-05
241.41	3.76083e-05
241.811	3.7327e-05
242.211	3.70451e-05
242.611	3.6763e-05
243.006	3.64498e-05
243.401	3.61671e-05
243.794	3.5884e-05
244.198	3.56024e-05
244.588	3.53187e-05
244.988	3.50362e-05
245.374	3.47519e-05
245.772	3.44691e-05
246.168	3.4186e-05
246.563	3.39026e-05
246.954	3.35912e-05
247.345	3.33078e-05
247.735	3.30241e-05
248.136	3.2742e-05
248.522	3.24579e-05
248.918	3.21754e-05
249.301	3.18913e-05
249.695	3.15828e-05
250.075	3.12988e-05
250.466	3.10163e-05
250.855	3.07337e-05
251.241	3.0451e-05
251.627	3.01684e-05
252.012	2.98618e-05
252.395	2.95796e-05
252.776	2.92976e-05
253.155	2.90155e-05
253.534	2.87338e-05
253.912	2.84521e-05
254.286	2.81479e-05
254.66	2.78669e-05
255.033	2.75861e-05
255.404	2.73055e-05
255.894	2.70366e-05
256.262	2.67351e-05
256.628	2.64554e-05
256.995	2.61763e-05
257.357	2.58973e-05
257.722	2.55986e-05
258.082	2.53207e-05
258.442	2.50433e-05
258.801	2.47663e-05
259.157	2.44703e-05
259.632	2.42043e-05
259.987	2.39289e-05
260.342	2.36355e-05
260.694	2.33613e-05
261.045	2.30878e-05
261.395	2.28149e-05
261.745	2.25249e-05
262.093	2.22535e-05
262.554	2.19912e-05
262.901	2.17042e-05
263.244	2.14347e-05
263.588	2.11662e-05
263.932	2.08822e-05
264.272	2.06153e-05
264.613	2.03335e-05
264.952	2.00684e-05
265.404	1.98117e-05
265.742	1.95332e-05
266.078	1.92708e-05
266.413	1.90092e-05
266.747	1.87341e-05
267.083	1.84748e-05
267.414	1.82022e-05
267.746	1.79449e-05
268.078	1.7675e-05
268.409	1.74199e-05
268.738	1.71527e-05
269.177	1.6906e-05
269.505	1.66541e-05
269.832	1.63908e-05
270.158	1.61413e-05
270.485	1.58809e-05
270.81	1.56339e-05
271.135	1.53764e-05
271.459	1.5132e-05
271.781	1.48774e-05
272.104	1.46245e-05
272.427	1.43842e-05
272.748	1.41344e-05
273.069	1.38968e-05
273.389	1.36501e-05
273.71	1.34153e-05
273.922	1.31673e-05
274.241	1.29258e-05
274.56	1.26955e-05
274.88	1.24573e-05
275.197	1.22208e-05
275.515	1.19952e-05
275.831	1.17621e-05
276.044	1.1527e-05
276.36	1.13062e-05
276.676	1.10786e-05
276.992	1.08529e-05
277.204	1.06334e-05
277.52	1.04114e-05
277.836	1.01913e-05
278.152	9.97316e-06
278.363	9.76097e-06
278.677	9.5466e-06
278.888	9.33114e-06
279.205	9.12091e-06
279.52	8.9126e-06
279.732	8.70993e-06
280.047	8.50562e-06
280.258	8.3006e-06
280.575	8.10051e-06
280.788	7.89989e-06
280.999	7.70146e-06
281.316	7.50776e-06
281.531	7.31383e-06
281.743	7.12734e-06
282.06	6.94002e-06
282.275	6.75266e-06
282.49	6.56763e-06
282.707	6.3849e-06
283.024	6.20646e-06
283.241	6.02833e-06
283.458	5.85254e-06
283.676	5.67911e-06
283.894	5.50804e-06
284.113	5.33935e-06
284.333	5.17305e-06
284.551	5.00547e-06
284.774	4.84413e-06
284.893	4.68369e-06
285.116	4.52723e-06
285.339	4.37321e-06
285.562	4.22164e-06
285.688	4.07128e-06
285.912	3.92183e-06
286.139	3.77784e-06
286.266	3.63522e-06
286.493	3.49627e-06
286.621	3.35879e-06
286.852	3.2226e-06
286.983	3.09042e-06
287.213	2.96177e-06
287.348	2.83483e-06
287.48	2.70855e-06
287.616	2.58699e-06
287.853	2.46885e-06
287.989	2.35088e-06
288.127	2.23738e-06
288.269	2.12504e-06
288.408	2.01699e-06
288.55	1.91165e-06
288.694	1.80772e-06
288.838	1.70789e-06
288.886	1.60914e-06
289.033	1.51487e-06
289.182	1.42232e-06
289.233	1.33321e-06
289.384	1.24638e-06
289.536	1.16329e-06
289.592	1.08187e-06
289.746	1.00441e-06
289.805	9.28802e-07
289.866	8.56143e-07
290.024	7.87233e-07
290.087	7.20404e-07
290.152	6.57004e-07
290.217	5.96041e-07
290.284	5.38037e-07
290.352	4.83341e-07
290.423	4.31221e-07
290.495	3.82065e-07
290.567	3.35874e-07
290.642	2.92861e-07
290.718	2.52576e-07
290.699	2.152e-07
290.778	1.80871e-07
290.762	1.49473e-07
290.844	1.21104e-07
290.831	9.57519e-08
290.916	7.3329e-08
290.905	5.38726e-08
290.995	3.74218e-08
290.989	2.39495e-08
290.985	1.34714e-08
