0.0015	0.537696
0.002	3.02083
0.0025	11.5218
0.003	34.4396
0.0035	86.8242
0.004	193.643
0.0045	392.128
0.005	738.504
0.0055	1307.85
0.006	2206.17
0.0065	3564.76
0.007	5564.94
0.0075	8417.52
0.008	12406.5
0.0085	17861
0.009	25183.4
0.0095	34824.7
0.01	47400.4
0.0105	63553.7
0.011	83985.7
0.0115	109706
0.012	141734
0.0125	181141
0.013	229283
0.0135	287747
0.014	358020
0.0145	442203
0.015	542735
0.0155	660310
0.016	799985
0.0165	962690
0.017	1.15166e+06
0.0175	1.37106e+06
0.018	1.6256e+06
0.0185	1.91681e+06
0.019	2.2502e+06
0.0195	2.63288e+06
0.02	3.06576e+06
0.0205	3.55928e+06
0.021	4.11919e+06
0.0215	4.74486e+06
0.022	5.45224e+06
0.0225	6.24045e+06
0.023	7.12991e+06
0.0235	8.11287e+06
0.024	9.2256e+06
0.0245	1.0441e+07
0.025	1.18017e+07
0.0255	1.32908e+07
0.026	1.49517e+07
0.0265	1.67968e+07
0.027	1.87891e+07
0.0275	2.10005e+07
0.028	2.34252e+07
0.0285	2.60794e+07
0.029	2.89424e+07
0.0295	3.2104e+07
0.03	3.5578e+07
0.0305	3.93283e+07
0.031	4.34031e+07
0.0315	4.78244e+07
0.032	5.26155e+07
0.0325	5.78006e+07
0.033	6.34054e+07
0.0335	6.95465e+07
0.034	7.60808e+07
0.0345	8.31196e+07
0.035	9.06924e+07
0.0355	9.89637e+07
0.036	1.07621e+08
0.0365	1.17004e+08
0.037	1.27227e+08
0.0375	1.38003e+08
0.038	1.49532e+08
0.0385	1.62072e+08
0.039	1.75242e+08
0.0395	1.89552e+08
0.04	2.04377e+08
0.0405	2.20638e+08
0.041	2.37981e+08
0.0415	2.56101e+08
0.042	2.75728e+08
0.0425	2.95946e+08
0.043	3.18091e+08
0.0435	3.41614e+08
0.044	3.6658e+08
0.0445	3.9218e+08
0.045	4.20188e+08
0.0455	4.49864e+08
0.046	4.80854e+08
0.0465	5.13358e+08
0.047	5.48421e+08
0.0475	5.84976e+08
0.048	6.24094e+08
0.0485	6.65399e+08
0.049	7.08354e+08
0.0495	7.54268e+08
0.05	8.01516e+08
0.0505	8.51674e+08
0.051	9.0523e+08
0.0515	9.60754e+08
0.052	1.01999e+09
0.0525	1.08134e+09
0.053	1.14676e+09
0.0535	1.21546e+09
0.054	1.28648e+09
0.0545	1.36214e+09
0.055	1.44026e+09
0.0555	1.52346e+09
0.056	1.60924e+09
0.0565	1.70053e+09
0.057	1.79457e+09
0.0575	1.89577e+09
0.058	2.00057e+09
0.0585	2.10834e+09
0.059	2.22293e+09
0.0595	2.34064e+09
0.06	2.46571e+09
0.0605	2.59416e+09
0.061	2.73056e+09
0.0615	2.87036e+09
0.062	3.01618e+09
0.0625	3.17106e+09
0.063	3.33484e+09
0.0635	3.50026e+09
0.064	3.67588e+09
0.0645	3.85533e+09
0.065	4.04594e+09
0.0655	4.24054e+09
0.066	4.44287e+09
0.0665	4.6577e+09
0.067	4.88463e+09
0.0675	5.11269e+09
0.068	5.35458e+09
0.0685	5.60101e+09
0.069	5.85688e+09
0.0695	6.12251e+09
0.07	6.40436e+09
0.0705	6.69087e+09
0.071	6.99997e+09
0.0715	7.3155e+09
0.072	7.63622e+09
0.0725	7.96878e+09
0.073	8.31332e+09
0.0735	8.67878e+09
0.074	9.04915e+09
0.0745	9.4239e+09
0.075	9.82091e+09
0.0755	1.02417e+10
0.076	1.06869e+10
0.0765	1.11289e+10
0.077	1.15865e+10
0.0775	1.20599e+10
0.078	1.25613e+10
0.0785	1.30685e+10
0.079	1.35932e+10
0.0795	1.41352e+10
0.08	1.46959e+10
0.0805	1.52755e+10
0.081	1.58895e+10
0.0815	1.6509e+10
0.082	1.71488e+10
0.0825	1.78099e+10
0.083	1.84929e+10
0.0835	1.91944e+10
0.084	1.99415e+10
0.0845	2.06899e+10
0.085	2.14662e+10
0.0855	2.22629e+10
0.086	2.309e+10
0.0865	2.39385e+10
0.087	2.48135e+10
0.0875	2.57403e+10
0.088	2.66716e+10
0.0885	2.76319e+10
0.089	2.86218e+10
0.0895	2.96362e+10
0.09	3.06869e+10
0.0905	3.17639e+10
0.091	3.28798e+10
0.0915	3.40225e+10
0.092	3.51996e+10
0.0925	3.64464e+10
0.093	3.76962e+10
0.0935	3.89818e+10
0.094	4.03056e+10
0.0945	4.16588e+10
0.095	4.30604e+10
0.0955	4.44937e+10
0.096	4.59679e+10
0.0965	4.74947e+10
0.097	4.90536e+10
0.0975	5.06588e+10
0.098	5.23074e+10
0.0985	5.39918e+10
0.099	5.57921e+10
0.0995	5.75848e+10
0.1	5.94159e+10
0.1005	6.12977e+10
0.101	6.32447e+10
0.1015	6.523e+10
0.102	6.72715e+10
0.1025	6.93666e+10
0.103	7.15028e+10
0.1035	7.3713e+10
0.104	7.59662e+10
0.1045	7.82965e+10
0.105	8.06705e+10
0.1055	8.31077e+10
0.106	8.56074e+10
0.1065	8.81755e+10
0.107	9.08093e+10
0.1075	9.35101e+10
0.108	9.62603e+10
0.1085	9.91053e+10
0.109	1.01999e+11
0.1095	1.05099e+11
0.11	1.08146e+11
0.1105	1.11273e+11
0.111	1.14357e+11
0.1115	1.17608e+11
0.112	1.20971e+11
0.1125	1.24418e+11
0.113	1.2792e+11
0.1135	1.3151e+11
0.114	1.35222e+11
0.1145	1.3899e+11
0.115	1.4285e+11
0.1155	1.46771e+11
0.116	1.50823e+11
0.1165	1.54971e+11
0.117	1.59181e+11
0.1175	1.63535e+11
0.118	1.67951e+11
0.1185	1.72472e+11
0.119	1.77101e+11
0.1195	1.8184e+11
0.12	1.8669e+11
0.1205	1.91657e+11
0.121	1.96684e+11
0.1215	2.01889e+11
0.122	2.07153e+11
0.1225	2.12544e+11
0.123	2.18059e+11
0.1235	2.23701e+11
0.124	2.29477e+11
0.1245	2.35379e+11
0.125	2.41415e+11
0.1255	2.47529e+11
0.126	2.54124e+11
0.1265	2.60526e+11
0.127	2.67068e+11
0.1275	2.7383e+11
0.128	2.8067e+11
0.1285	2.8758e+11
0.129	2.94727e+11
0.1295	3.02035e+11
0.13	3.09412e+11
0.1305	3.17047e+11
0.131	3.2476e+11
0.1315	3.32736e+11
0.132	3.4078e+11
0.1325	3.49005e+11
0.133	3.5741e+11
0.1335	3.65884e+11
0.134	3.74656e+11
0.1345	3.83616e+11
0.135	3.9265e+11
0.1355	4.01994e+11
0.136	4.11419e+11
0.1365	4.2105e+11
0.137	4.31371e+11
0.1375	4.41428e+11
0.138	4.51683e+11
0.1385	4.62164e+11
0.139	4.72709e+11
0.1395	4.83634e+11
0.14	4.94623e+11
0.1405	5.0601e+11
0.141	5.17469e+11
0.1415	5.2916e+11
0.142	5.41082e+11
0.1425	5.52613e+11
0.143	5.65015e+11
0.1435	5.77685e+11
0.144	5.90415e+11
0.1445	6.04322e+11
0.145	6.17591e+11
0.1455	6.3136e+11
0.146	6.4516e+11
0.1465	6.59256e+11
0.147	6.73631e+11
0.1475	6.88283e+11
0.148	7.03243e+11
0.1485	7.18509e+11
0.149	7.33811e+11
0.1495	7.49674e+11
0.15	7.66514e+11
0.1505	7.83058e+11
0.151	7.99632e+11
0.1515	8.16516e+11
0.152	8.33747e+11
0.1525	8.51311e+11
0.153	8.69227e+11
0.1535	8.875e+11
0.154	9.06118e+11
0.1545	9.25893e+11
0.155	9.45283e+11
0.1555	9.64668e+11
0.156	9.84825e+11
0.1565	1.00498e+12
0.157	1.02551e+12
0.1575	1.04642e+12
0.158	1.06911e+12
0.1585	1.09089e+12
0.159	1.11308e+12
0.1595	1.13572e+12
0.16	1.1583e+12
0.1605	1.18178e+12
0.161	1.20522e+12
0.1615	1.23123e+12
0.162	1.2556e+12
0.1625	1.28043e+12
0.163	1.30575e+12
0.1635	1.33213e+12
0.164	1.35778e+12
0.1645	1.38638e+12
0.165	1.41371e+12
0.1655	1.44154e+12
0.166	1.46926e+12
0.1665	1.49814e+12
0.167	1.52893e+12
0.1675	1.55896e+12
0.168	1.58886e+12
0.1685	1.61931e+12
0.169	1.65029e+12
0.1695	1.68412e+12
0.17	1.71636e+12
0.1705	1.74918e+12
0.171	1.7826e+12
0.1715	1.81667e+12
0.172	1.853e+12
0.1725	1.88838e+12
0.173	1.92069e+12
0.1735	1.95736e+12
0.174	1.99648e+12
0.1745	2.03354e+12
0.175	2.0713e+12
0.1755	2.10978e+12
0.176	2.14893e+12
0.1765	2.1919e+12
0.177	2.23258e+12
0.1775	2.274e+12
0.178	2.31506e+12
0.1785	2.36131e+12
0.179	2.40394e+12
0.1795	2.44958e+12
0.18	2.49446e+12
0.1805	2.54055e+12
0.181	2.58889e+12
0.1815	2.63672e+12
0.182	2.6866e+12
0.1825	2.73628e+12
0.183	2.78684e+12
0.1835	2.83688e+12
0.184	2.88939e+12
0.1845	2.94295e+12
0.185	2.99578e+12
0.1855	3.05133e+12
0.186	3.10622e+12
0.1865	3.16391e+12
0.187	3.22081e+12
0.1875	3.27879e+12
0.188	3.33834e+12
0.1885	3.39849e+12
0.189	3.45984e+12
0.1895	3.52229e+12
0.19	3.5865e+12
0.1905	3.65142e+12
0.191	3.71576e+12
0.1915	3.78306e+12
0.192	3.8517e+12
0.1925	3.91986e+12
0.193	3.9911e+12
0.1935	4.06185e+12
0.194	4.13383e+12
0.1945	4.20662e+12
0.195	4.28123e+12
0.1955	4.35744e+12
0.196	4.43445e+12
0.1965	4.51361e+12
0.197	4.59421e+12
0.1975	4.67636e+12
0.198	4.75947e+12
0.1985	4.84159e+12
0.199	4.92857e+12
0.1995	5.01387e+12
0.2	5.10414e+12
0.2005	5.19286e+12
0.201	5.283e+12
0.2015	5.37874e+12
0.202	5.47264e+12
0.2025	5.56824e+12
0.203	5.65535e+12
0.2035	5.75449e+12
0.204	5.85545e+12
0.2045	5.95395e+12
0.205	6.05995e+12
0.2055	6.16694e+12
0.206	6.27127e+12
0.2065	6.3835e+12
0.207	6.49196e+12
0.2075	6.60885e+12
0.208	6.7216e+12
0.2085	6.83753e+12
0.209	6.96042e+12
0.2095	7.08122e+12
0.21	7.20318e+12
0.2105	7.32886e+12
0.211	7.45683e+12
0.2115	7.58627e+12
0.212	7.71305e+12
0.2125	7.84905e+12
0.213	7.98773e+12
0.2135	8.12228e+12
0.214	8.26666e+12
0.2145	8.40511e+12
0.215	8.5555e+12
0.2155	8.70094e+12
0.216	8.84953e+12
0.2165	9.00932e+12
0.217	9.16602e+12
0.2175	9.32378e+12
0.218	9.48502e+12
0.2185	9.64974e+12
0.219	9.81765e+12
0.2195	9.98888e+12
0.22	1.01659e+13
0.2205	1.03348e+13
0.221	1.05172e+13
0.2215	1.07055e+13
0.222	1.08849e+13
0.2225	1.10814e+13
0.223	1.12686e+13
0.2235	1.14592e+13
0.224	1.16683e+13
0.2245	1.18701e+13
0.225	1.20734e+13
0.2255	1.22838e+13
0.226	1.24959e+13
0.2265	1.2715e+13
0.227	1.29389e+13
0.2275	1.3168e+13
0.228	1.33991e+13
0.2285	1.36385e+13
0.229	1.38674e+13
0.2295	1.41165e+13
0.23	1.43721e+13
0.2305	1.46161e+13
0.231	1.48656e+13
0.2315	1.51384e+13
0.232	1.53988e+13
0.2325	1.56842e+13
0.233	1.59564e+13
0.2335	1.61832e+13
0.234	1.64667e+13
0.2345	1.67564e+13
0.235	1.70517e+13
0.2355	1.73583e+13
0.236	1.76682e+13
0.2365	1.79857e+13
0.237	1.82896e+13
0.2375	1.86211e+13
0.238	1.89597e+13
0.2385	1.92852e+13
0.239	1.96401e+13
0.2395	1.99805e+13
0.24	2.03529e+13
0.2405	2.07087e+13
0.241	2.10681e+13
0.2415	2.14714e+13
0.242	2.18539e+13
0.2425	2.22393e+13
0.243	2.26389e+13
0.2435	2.30477e+13
0.244	2.34613e+13
0.2445	2.38889e+13
0.245	2.4328e+13
0.2455	2.47776e+13
0.246	2.52364e+13
0.2465	2.56677e+13
0.247	2.61499e+13
0.2475	2.66004e+13
0.248	2.71043e+13
0.2485	2.75758e+13
0.249	2.81046e+13
0.2495	2.85993e+13
0.25	2.91524e+13
0.2505	2.96706e+13
0.251	3.01996e+13
0.2515	3.07411e+13
0.252	3.1296e+13
0.2525	3.19254e+13
0.253	3.25063e+13
0.2535	3.30989e+13
0.254	3.36558e+13
0.2545	3.42753e+13
0.255	3.49081e+13
0.2555	3.5565e+13
0.256	3.62285e+13
0.2565	3.68479e+13
0.257	3.75369e+13
0.2575	3.81819e+13
0.258	3.89021e+13
0.2585	3.95721e+13
0.259	4.03328e+13
0.2595	4.10183e+13
0.26	4.17288e+13
0.2605	4.25317e+13
0.261	4.32544e+13
0.2615	4.40028e+13
0.262	4.47631e+13
0.2625	4.55357e+13
0.263	4.63176e+13
0.2635	4.7095e+13
0.264	4.78986e+13
0.2645	4.87091e+13
0.265	4.95292e+13
0.2655	4.98696e+13
0.266	5.06869e+13
0.2665	5.15103e+13
0.267	5.23347e+13
0.2675	5.30584e+13
0.268	5.39021e+13
0.2685	5.46203e+13
0.269	5.5433e+13
0.2695	5.61345e+13
0.27	5.68219e+13
0.2705	5.77811e+13
0.271	5.84654e+13
0.2715	5.91021e+13
0.272	5.97118e+13
0.2725	6.03162e+13
0.273	6.08606e+13
0.2735	6.1388e+13
0.274	6.18392e+13
0.2745	6.22358e+13
0.275	6.25973e+13
0.2755	6.28594e+13
0.276	6.30713e+13
0.2765	6.3192e+13
0.277	6.31499e+13
0.2775	6.3068e+13
0.278	6.28291e+13
0.2785	6.24903e+13
0.279	6.20021e+13
0.2795	6.13544e+13
0.28	6.05213e+13
0.2805	5.95655e+13
0.281	5.83046e+13
0.2815	5.69273e+13
0.282	5.53124e+13
0.2825	5.3195e+13
0.283	5.09813e+13
0.2835	4.84258e+13
0.284	4.54553e+13
0.2845	4.20025e+13
0.285	3.79227e+13
0.2855	3.30124e+13
0.286	2.68207e+13
0.2865	1.81411e+13
