3.51963e-12
3.51956e-12
3.51939e-12
3.52394e-12
3.52368e-12
3.52807e-12
3.52434e-12
3.52866e-12
3.52826e-12
3.5325e-12
3.53202e-12
3.5362e-12
3.53694e-12
3.54105e-12
3.54514e-12
3.5492e-12
3.54979e-12
3.55377e-12
3.55773e-12
3.55821e-12
3.5621e-12
3.5673e-12
3.57116e-12
3.57497e-12
3.58008e-12
3.58385e-12
3.58894e-12
3.59748e-12
3.59765e-12
3.60618e-12
3.61118e-12
3.61478e-12
3.61975e-12
3.62822e-12
3.63315e-12
3.63799e-12
3.64652e-12
3.65141e-12
3.65976e-12
3.66974e-12
3.67459e-12
3.68294e-12
3.68785e-12
3.69769e-12
3.70251e-12
3.71615e-12
3.72087e-12
3.73083e-12
3.73562e-12
3.74562e-12
3.7593e-12
3.76409e-12
3.77414e-12
3.78422e-12
3.79433e-12
3.79901e-12
3.80923e-12
3.82308e-12
3.83327e-12
3.8435e-12
3.85376e-12
3.86406e-12
3.87438e-12
3.88475e-12
3.90072e-12
3.91118e-12
3.92167e-12
3.93217e-12
3.94846e-12
3.95506e-12
3.96578e-12
3.98229e-12
3.99294e-12
4.00373e-12
4.02055e-12
4.03134e-12
4.04827e-12
4.05523e-12
4.07225e-12
4.08955e-12
4.10072e-12
4.11804e-12
4.12522e-12
4.14281e-12
4.16052e-12
4.17836e-12
4.17437e-12
4.19234e-12
4.21046e-12
4.22437e-12
4.23629e-12
4.25466e-12
4.26894e-12
4.28764e-12
4.30652e-12
4.32115e-12
4.34027e-12
4.3527e-12
4.36765e-12
4.38715e-12
4.40234e-12
4.42206e-12
4.43759e-12
4.45769e-12
4.47787e-12
4.49371e-12
4.51428e-12
4.5304e-12
4.55132e-12
4.56772e-12
4.58894e-12
4.60562e-12
4.62999e-12
4.65179e-12
4.66898e-12
4.69114e-12
4.70863e-12
4.73107e-12
4.74899e-12
4.77189e-12
4.78994e-12
4.80824e-12
4.83175e-12
4.85872e-12
4.8776e-12
4.90178e-12
4.92093e-12
4.94564e-12
4.96527e-12
4.98497e-12
5.01033e-12
5.03933e-12
5.05979e-12
5.08581e-12
5.1067e-12
5.12776e-12
5.14895e-12
5.17604e-12
5.19776e-12
5.2292e-12
5.2569e-12
5.27939e-12
5.30211e-12
5.32493e-12
5.35392e-12
5.37724e-12
5.35978e-12
5.38341e-12
5.41318e-12
5.44774e-12
5.47232e-12
5.49719e-12
5.52229e-12
5.55355e-12
5.57925e-12
5.60532e-12
5.63144e-12
5.65797e-12
5.68478e-12
5.71811e-12
5.74554e-12
5.77317e-12
5.8012e-12
5.82958e-12
5.85705e-12
5.89252e-12
5.92068e-12
5.95034e-12
5.97903e-12
6.0095e-12
6.03896e-12
6.06875e-12
6.10554e-12
6.13604e-12
6.16691e-12
6.19813e-12
6.22839e-12
6.2602e-12
6.29118e-12
6.32384e-12
6.35552e-12
6.3876e-12
6.42712e-12
6.46011e-12
6.49332e-12
6.52696e-12
6.55943e-12
6.59382e-12
6.62718e-12
6.66092e-12
6.69657e-12
6.73097e-12
6.76607e-12
6.80131e-12
6.83555e-12
6.87979e-12
6.91632e-12
6.95186e-12
6.98785e-12
7.02585e-12
7.06255e-12
7.09995e-12
7.13754e-12
7.174e-12
7.21261e-12
7.23061e-12
7.27005e-12
7.30821e-12
7.34685e-12
7.38581e-12
7.42551e-12
7.46555e-12
7.50592e-12
7.54509e-12
7.58663e-12
7.62676e-12
7.67822e-12
7.7194e-12
7.76124e-12
7.74467e-12
7.78494e-12
7.82784e-12
7.87123e-12
7.91317e-12
7.95564e-12
8.00065e-12
8.04413e-12
8.08803e-12
8.13063e-12
8.17572e-12
8.22122e-12
8.26525e-12
8.31204e-12
8.35717e-12
8.40286e-12
8.4491e-12
8.49593e-12
8.5433e-12
8.59129e-12
8.63733e-12
8.68665e-12
8.73384e-12
8.78178e-12
8.83033e-12
8.87945e-12
8.92936e-12
8.97956e-12
9.03035e-12
9.07956e-12
9.14302e-12
9.19355e-12
9.24452e-12
9.29862e-12
9.35087e-12
9.40105e-12
9.45458e-12
9.50881e-12
9.56084e-12
9.61641e-12
9.66996e-12
9.72691e-12
9.78145e-12
9.83685e-12
9.89295e-12
9.9467e-12
1.00042e-11
1.00624e-11
1.01182e-11
1.01777e-11
1.02349e-11
1.0293e-11
1.03649e-11
1.04246e-11
1.04846e-11
1.05456e-11
1.06039e-11
1.06665e-11
1.07263e-11
1.07903e-11
1.08517e-11
1.09138e-11
1.09765e-11
1.09581e-11
1.10218e-11
1.10866e-11
1.11486e-11
1.12297e-11
1.12933e-11
1.13617e-11
1.14267e-11
1.14928e-11
1.15596e-11
1.16271e-11
1.16956e-11
1.17651e-11
1.18003e-11
1.1871e-11
1.19546e-11
1.20275e-11
1.2097e-11
1.21672e-11
1.22384e-11
1.23104e-11
1.23835e-11
1.24575e-11
1.25322e-11
1.26206e-11
1.26975e-11
1.27706e-11
1.28495e-11
1.29246e-11
1.30004e-11
1.30771e-11
1.31732e-11
1.32523e-11
1.33322e-11
1.34134e-11
1.34903e-11
1.35732e-11
1.36519e-11
1.37566e-11
1.38375e-11
1.39194e-11
1.40026e-11
1.40925e-11
1.41716e-11
1.42783e-11
1.4366e-11
1.44545e-11
1.45385e-11
1.46293e-11
1.47366e-11
1.48299e-11
1.49185e-11
1.50081e-11
1.50986e-11
1.52124e-11
1.53057e-11
1.54003e-11
1.54957e-11
1.55927e-11
1.57071e-11
1.58065e-11
1.57832e-11
1.58847e-11
1.6004e-11
1.61009e-11
1.61993e-11
1.6299e-11
1.63999e-11
1.65267e-11
1.66305e-11
1.67353e-11
1.68345e-11
1.69673e-11
1.70692e-11
1.71874e-11
1.72969e-11
1.74105e-11
1.75338e-11
1.76504e-11
1.77661e-11
1.78858e-11
1.80068e-11
1.81212e-11
1.82456e-11
1.83718e-11
1.84906e-11
1.862e-11
1.87423e-11
1.88753e-11
1.90005e-11
1.91274e-11
1.9259e-11
1.93892e-11
1.95216e-11
1.96554e-11
1.97942e-11
1.9932e-11
2.0064e-11
2.02051e-11
2.02955e-11
2.04331e-11
2.05796e-11
2.07208e-11
2.08635e-11
2.10052e-11
2.11513e-11
2.13001e-11
2.14477e-11
2.16006e-11
2.17552e-11
2.19119e-11
2.20677e-11
2.22168e-11
2.23799e-11
2.25331e-11
2.27003e-11
2.28581e-11
2.30171e-11
2.31916e-11
2.33557e-11
2.35218e-11
2.35207e-11
2.36903e-11
2.38618e-11
2.40217e-11
2.42022e-11
2.43808e-11
2.45475e-11
2.4735e-11
2.49064e-11
2.50996e-11
2.52758e-11
2.54581e-11
2.56551e-11
2.58432e-11
2.60294e-11
2.62227e-11
2.64181e-11
2.66123e-11
2.67966e-11
2.70007e-11
2.72076e-11
2.73997e-11
2.76124e-11
2.78052e-11
2.80239e-11
2.82264e-11
2.84324e-11
2.86602e-11
2.88775e-11
2.90918e-11
2.93097e-11
2.95311e-11
2.97551e-11
2.99817e-11
3.02174e-11
3.04306e-11
3.06675e-11
3.09131e-11
3.11348e-11
3.13875e-11
3.16163e-11
3.18471e-11
3.21104e-11
3.23548e-11
3.25963e-11
3.28475e-11
3.30961e-11
3.33539e-11
3.36153e-11
3.38813e-11
3.41443e-11
3.44179e-11
3.46692e-11
3.49492e-11
3.52348e-11
3.54965e-11
3.57626e-11
3.60603e-11
3.63336e-11
3.664e-11
3.69212e-11
3.69376e-11
3.72255e-11
3.75176e-11
3.77163e-11
3.80229e-11
3.83271e-11
3.86365e-11
3.89239e-11
3.92414e-11
3.95628e-11
3.98637e-11
4.01953e-11
4.05048e-11
4.0847e-11
4.11651e-11
4.14806e-11
4.18448e-11
4.21786e-11
4.25086e-11
4.28514e-11
4.3199e-11
4.35446e-11
4.39017e-11
4.42658e-11
4.46354e-11
4.50087e-11
4.5348e-11
4.57341e-11
4.60825e-11
4.64789e-11
4.68376e-11
4.72467e-11
4.76172e-11
4.80374e-11
4.84192e-11
4.88056e-11
4.91984e-11
4.95981e-11
5.006e-11
5.04713e-11
5.08877e-11
5.12705e-11
5.16999e-11
5.21355e-11
5.25875e-11
5.3038e-11
5.34504e-11
5.39122e-11
5.43368e-11
5.48147e-11
5.52513e-11
5.57536e-11
5.6194e-11
5.66519e-11
5.71758e-11
5.76367e-11
5.81157e-11
5.86021e-11
5.90962e-11
5.95965e-11
6.00934e-11
6.06102e-11
6.11335e-11
6.1666e-11
6.16915e-11
6.22351e-11
6.27888e-11
6.33501e-11
6.38468e-11
6.44386e-11
6.49517e-11
6.55485e-11
6.60775e-11
6.66128e-11
6.72363e-11
6.78045e-11
6.83662e-11
6.89362e-11
6.95294e-11
7.01191e-11
7.07307e-11
7.13362e-11
7.1952e-11
7.25915e-11
7.32264e-11
7.38881e-11
7.45586e-11
7.51289e-11
7.582e-11
7.65075e-11
7.71206e-11
7.78436e-11
7.84625e-11
7.92078e-11
7.9659e-11
8.04277e-11
8.1099e-11
8.17836e-11
8.25693e-11
8.32744e-11
8.39884e-11
8.47165e-11
8.54527e-11
8.6202e-11
8.69617e-11
8.77346e-11
8.85188e-11
8.93162e-11
9.01448e-11
9.09678e-11
9.16717e-11
9.2519e-11
9.33806e-11
9.4139e-11
9.5026e-11
9.593e-11
9.67041e-11
9.75086e-11
9.84527e-11
9.9285e-11
1.00261e-10
1.01098e-10
1.0197e-10
1.02991e-10
1.03891e-10
1.04806e-10
1.0571e-10
1.06654e-10
1.07586e-10
1.08558e-10
1.08768e-10
1.09739e-10
1.1075e-10
1.11777e-10
1.12798e-10
1.13858e-10
1.14745e-10
1.15841e-10
1.16951e-10
1.1788e-10
1.19027e-10
1.20167e-10
1.21139e-10
1.22342e-10
1.23347e-10
1.24589e-10
1.2563e-10
1.26683e-10
1.28012e-10
1.29099e-10
1.30206e-10
1.3133e-10
1.32714e-10
1.33876e-10
1.35085e-10
1.36283e-10
1.37501e-10
1.38737e-10
1.40023e-10
1.41299e-10
1.42595e-10
1.43943e-10
1.45282e-10
1.46645e-10
1.47771e-10
1.49172e-10
1.5063e-10
1.52079e-10
1.53407e-10
1.54775e-10
1.56207e-10
1.57659e-10
1.59098e-10
1.60563e-10
1.62013e-10
1.63493e-10
1.65029e-10
1.66516e-10
1.68034e-10
1.69608e-10
1.71172e-10
1.72764e-10
1.74295e-10
1.759e-10
1.77527e-10
1.79179e-10
1.80821e-10
1.82487e-10
1.84182e-10
1.85902e-10
1.87605e-10
1.8882e-10
1.90534e-10
1.92363e-10
1.94133e-10
1.95931e-10
1.97708e-10
1.99517e-10
2.01351e-10
2.0179e-10
2.0367e-10
2.05535e-10
2.07481e-10
2.09355e-10
2.11307e-10
2.13241e-10
2.15256e-10
2.17199e-10
2.19229e-10
2.2129e-10
2.23325e-10
2.25338e-10
2.27441e-10
2.29578e-10
2.31684e-10
2.33835e-10
2.36009e-10
2.38162e-10
2.4041e-10
2.42633e-10
2.44889e-10
2.47116e-10
2.49444e-10
2.51744e-10
2.54078e-10
2.56447e-10
2.5879e-10
2.61235e-10
2.63647e-10
2.66028e-10
2.68517e-10
2.71041e-10
2.73545e-10
2.76076e-10
2.78646e-10
2.81259e-10
2.83918e-10
2.86526e-10
2.8911e-10
2.91807e-10
2.9454e-10
2.97238e-10
3.00067e-10
3.02853e-10
3.05673e-10
3.08454e-10
3.1137e-10
3.14235e-10
3.17151e-10
3.20109e-10
3.23113e-10
3.26063e-10
3.29059e-10
3.32109e-10
3.35202e-10
3.3844e-10
3.41522e-10
3.44653e-10
3.47838e-10
3.51062e-10
3.54351e-10
3.57662e-10
3.60929e-10
3.64253e-10
3.67624e-10
3.71156e-10
3.74507e-10
3.78044e-10
3.81613e-10
3.85129e-10
3.88674e-10
3.92303e-10
3.95847e-10
3.96773e-10
4.00406e-10
4.04216e-10
4.07974e-10
4.11746e-10
4.15625e-10
4.19519e-10
4.23358e-10
4.27221e-10
4.31183e-10
4.35172e-10
4.39269e-10
4.43377e-10
4.4755e-10
4.51495e-10
4.558e-10
4.60003e-10
4.64139e-10
4.68653e-10
4.72866e-10
4.77197e-10
4.81732e-10
4.8616e-10
4.89437e-10
4.94042e-10
4.98453e-10
5.03147e-10
5.07906e-10
5.12532e-10
5.17443e-10
5.22073e-10
5.26923e-10
5.31842e-10
5.36616e-10
5.41699e-10
5.46613e-10
5.51851e-10
5.56946e-10
5.62101e-10
5.67337e-10
5.72419e-10
5.77822e-10
5.83043e-10
5.88368e-10
5.94032e-10
5.99227e-10
6.04809e-10
6.10457e-10
6.16196e-10
6.21753e-10
6.27556e-10
6.33279e-10
6.39089e-10
6.44981e-10
6.50981e-10
6.57062e-10
6.63117e-10
6.69073e-10
6.75447e-10
6.81606e-10
6.8804e-10
6.9437e-10
7.00467e-10
7.07206e-10
7.13487e-10
7.20237e-10
7.26935e-10
7.33504e-10
7.40188e-10
7.47205e-10
7.53686e-10
7.60694e-10
7.67622e-10
7.74855e-10
7.81991e-10
7.89032e-10
7.96392e-10
7.98086e-10
8.05628e-10
8.12597e-10
8.20392e-10
8.2757e-10
8.35625e-10
8.43035e-10
8.50837e-10
8.58482e-10
8.66543e-10
8.74182e-10
8.82211e-10
8.90655e-10
8.98662e-10
9.06531e-10
9.15341e-10
9.23765e-10
9.31998e-10
9.4067e-10
9.48868e-10
9.57527e-10
9.66588e-10
9.75198e-10
9.83934e-10
9.93135e-10
1.00215e-09
1.01129e-09
1.02061e-09
1.03004e-09
1.03931e-09
1.04834e-09
1.05824e-09
1.06758e-09
1.07776e-09
1.08739e-09
1.09717e-09
1.10675e-09
1.11683e-09
1.12704e-09
1.13746e-09
1.148e-09
1.15873e-09
1.1688e-09
1.17984e-09
1.19025e-09
1.20078e-09
1.21149e-09
1.22325e-09
1.2343e-09
1.24461e-09
1.256e-09
1.26754e-09
1.27931e-09
1.29067e-09
1.30279e-09
1.31411e-09
1.32657e-09
1.33827e-09
1.34684e-09
1.35881e-09
1.371e-09
1.38384e-09
1.39638e-09
1.40915e-09
1.42098e-09
1.43411e-09
1.44797e-09
1.46037e-09
1.47292e-09
1.48691e-09
1.50038e-09
1.51355e-09
1.52693e-09
1.54052e-09
1.55479e-09
1.5688e-09
1.58306e-09
1.59664e-09
1.61131e-09
1.6248e-09
1.62921e-09
1.64303e-09
1.65907e-09
1.67332e-09
1.68775e-09
1.70304e-09
1.71795e-09
1.73364e-09
1.74901e-09
1.76523e-09
1.78108e-09
1.79718e-09
1.81248e-09
1.82907e-09
1.84479e-09
1.86193e-09
1.87817e-09
1.89397e-09
1.91252e-09
1.92952e-09
1.9461e-09
1.96361e-09
1.98071e-09
1.99875e-09
2.01633e-09
2.03493e-09
2.05181e-09
2.0702e-09
2.08965e-09
2.10654e-09
2.12657e-09
2.14471e-09
2.16238e-09
2.18332e-09
2.20231e-09
2.22075e-09
2.24034e-09
2.26018e-09
2.28027e-09
2.29991e-09
2.32066e-09
2.34176e-09
2.36227e-09
2.38399e-09
2.4034e-09
2.42576e-09
2.44755e-09
2.46789e-09
2.49129e-09
2.51221e-09
2.53338e-09
2.55692e-09
2.5788e-09
2.60104e-09
2.62351e-09
2.64637e-09
2.66958e-09
2.69312e-09
2.71599e-09
2.74029e-09
2.76491e-09
2.78992e-09
2.81524e-09
2.83757e-09
2.86374e-09
2.89029e-09
2.91358e-09
2.94091e-09
2.96497e-09
2.98937e-09
3.01791e-09
3.04306e-09
3.06857e-09
3.09843e-09
3.12467e-09
3.15136e-09
3.17849e-09
3.20598e-09
3.23387e-09
3.26211e-09
3.29085e-09
3.32007e-09
3.34517e-09
3.35213e-09
3.38238e-09
3.4131e-09
3.43956e-09
3.47116e-09
3.49841e-09
3.53095e-09
3.56034e-09
3.59387e-09
3.62272e-09
3.6521e-09
3.68712e-09
3.70848e-09
3.73898e-09
3.77143e-09
3.80291e-09
3.84055e-09
3.87294e-09
3.90589e-09
3.93932e-09
3.97476e-09
4.00314e-09
4.03802e-09
4.07342e-09
4.11092e-09
4.14742e-09
4.1779e-09
4.21549e-09
4.25523e-09
4.2872e-09
4.32632e-09
4.35922e-09
4.40135e-09
4.43524e-09
4.47671e-09
4.51337e-09
4.54876e-09
4.59224e-09
4.63041e-09
4.6674e-09
4.70491e-09
4.7448e-09
4.79134e-09
4.83066e-09
4.87237e-09
4.91276e-09
4.95363e-09
4.99716e-09
5.03943e-09
5.08425e-09
5.11873e-09
5.1626e-09
5.20929e-09
5.25462e-09
5.30281e-09
5.33981e-09
5.38925e-09
5.4373e-09
5.47607e-09
5.52764e-09
5.56755e-09
5.62062e-09
5.6617e-09
5.71617e-09
5.75857e-09
5.81475e-09
5.85833e-09
5.90474e-09
5.96094e-09
6.00897e-09
6.05512e-09
6.10436e-09
6.16372e-09
6.21447e-09
6.26604e-09
6.31566e-09
6.36842e-09
6.42075e-09
6.47516e-09
6.52769e-09
6.58228e-09
6.63633e-09
6.69252e-09
6.74951e-09
6.80297e-09
6.81542e-09
6.87021e-09
6.92864e-09
6.98627e-09
7.04195e-09
7.10148e-09
7.16174e-09
7.21972e-09
7.28012e-09
7.34139e-09
7.40057e-09
7.46192e-09
7.52565e-09
7.58392e-09
7.6479e-09
7.71292e-09
7.77356e-09
7.8385e-09
7.90437e-09
7.966e-09
8.03367e-09
8.10049e-09
8.1648e-09
8.23157e-09
8.30105e-09
8.36973e-09
8.43593e-09
8.50449e-09
8.57608e-09
8.64641e-09
8.71421e-09
8.78683e-09
8.86036e-09
8.93253e-09
9.00204e-09
9.07641e-09
9.15198e-09
9.22595e-09
9.30116e-09
9.37575e-09
9.45066e-09
9.52898e-09
9.60847e-09
9.68658e-09
9.76155e-09
9.84161e-09
9.92056e-09
1.00031e-08
1.00603e-08
1.01422e-08
1.02206e-08
1.03023e-08
1.03876e-08
1.04714e-08
1.0556e-08
1.06421e-08
1.07296e-08
1.08151e-08
1.08967e-08
1.09877e-08
1.10768e-08
1.11641e-08
1.12557e-08
1.13451e-08
1.14359e-08
1.1528e-08
1.16214e-08
1.1711e-08
1.18032e-08
1.1897e-08
1.19956e-08
1.2092e-08
1.2186e-08
1.22851e-08
1.23818e-08
1.24798e-08
1.25791e-08
1.26796e-08
1.27819e-08
1.28854e-08
1.29864e-08
1.30887e-08
1.31921e-08
1.32973e-08
1.34041e-08
1.35078e-08
1.35263e-08
1.36323e-08
1.37393e-08
1.38481e-08
1.39587e-08
1.40659e-08
1.41792e-08
1.42891e-08
1.44008e-08
1.45139e-08
1.46286e-08
1.47452e-08
1.4858e-08
1.49772e-08
1.50931e-08
1.52107e-08
1.53298e-08
1.54505e-08
1.55677e-08
1.56917e-08
1.58115e-08
1.59333e-08
1.60566e-08
1.61817e-08
1.63084e-08
1.6431e-08
1.65611e-08
1.66869e-08
1.68206e-08
1.69579e-08
1.7089e-08
1.72155e-08
1.73502e-08
1.74866e-08
1.76179e-08
1.77513e-08
1.78933e-08
1.80306e-08
1.81626e-08
1.83033e-08
1.84547e-08
1.85921e-08
1.87386e-08
1.88797e-08
1.90226e-08
1.91674e-08
1.93142e-08
1.9463e-08
1.96153e-08
1.97677e-08
1.99144e-08
2.00631e-08
2.0222e-08
2.03748e-08
2.0521e-08
2.06777e-08
2.08467e-08
2.09989e-08
2.11625e-08
2.13188e-08
2.14771e-08
2.16375e-08
2.18107e-08
2.19755e-08
2.21424e-08
2.23018e-08
2.24731e-08
2.26368e-08
2.28126e-08
2.29917e-08
2.3162e-08
2.33346e-08
2.35094e-08
2.36865e-08
2.38676e-08
2.40494e-08
2.42226e-08
2.43979e-08
2.45866e-08
2.47666e-08
2.49037e-08
2.50882e-08
2.51076e-08
2.52837e-08
2.54741e-08
2.56674e-08
2.58634e-08
2.60489e-08
2.62368e-08
2.64267e-08
2.66336e-08
2.6829e-08
2.70269e-08
2.72273e-08
2.74169e-08
2.76368e-08
2.78312e-08
2.80426e-08
2.82421e-08
2.84442e-08
2.86644e-08
2.88713e-08
2.90815e-08
2.9295e-08
2.94946e-08
2.97284e-08
2.99503e-08
3.01585e-08
3.03688e-08
3.05992e-08
3.08317e-08
3.10504e-08
3.1273e-08
3.14978e-08
3.1725e-08
3.19556e-08
3.21892e-08
3.24078e-08
3.26475e-08
3.28891e-08
3.31349e-08
3.33653e-08
3.35983e-08
3.38343e-08
3.40922e-08
3.43338e-08
3.45791e-08
3.48282e-08
3.50592e-08
3.53328e-08
3.55699e-08
3.58313e-08
3.60744e-08
3.63205e-08
3.65895e-08
3.68642e-08
3.712e-08
3.7379e-08
3.76619e-08
3.79049e-08
3.81738e-08
3.84461e-08
3.86978e-08
3.8999e-08
3.92572e-08
3.95426e-08
3.9808e-08
4.0076e-08
4.03693e-08
4.06703e-08
4.09486e-08
4.12035e-08
4.14893e-08
4.18011e-08
4.20935e-08
4.23896e-08
4.2661e-08
4.29643e-08
4.29587e-08
4.32919e-08
4.35752e-08
4.38621e-08
4.41523e-08
4.44765e-08
4.4775e-08
4.51019e-08
4.5407e-08
4.57157e-08
4.59969e-08
4.63133e-08
4.66333e-08
4.69852e-08
4.72798e-08
4.76121e-08
4.7914e-08
4.82551e-08
4.85635e-08
4.88763e-08
4.91939e-08
4.95429e-08
4.99051e-08
5.02328e-08
5.05664e-08
5.09029e-08
5.1205e-08
5.15495e-08
5.17795e-08
5.21326e-08
5.24479e-08
5.28402e-08
5.31642e-08
5.35337e-08
5.38654e-08
5.42435e-08
5.45834e-08
5.49283e-08
5.52751e-08
5.56281e-08
5.6029e-08
5.63886e-08
5.67547e-08
5.70765e-08
5.74497e-08
5.78275e-08
5.82096e-08
5.85967e-08
5.89393e-08
5.93339e-08
5.96847e-08
6.00888e-08
6.04478e-08
6.08625e-08
6.12289e-08
6.16525e-08
6.2028e-08
6.24088e-08
6.27918e-08
6.31817e-08
6.35733e-08
6.39327e-08
6.43348e-08
6.47414e-08
6.51518e-08
6.55682e-08
6.55595e-08
6.59829e-08
6.63517e-08
6.67849e-08
6.71619e-08
6.75615e-08
6.79471e-08
6.83991e-08
6.87937e-08
6.92575e-08
6.96615e-08
7.00703e-08
7.04374e-08
7.09212e-08
7.13455e-08
7.17716e-08
7.22042e-08
7.25953e-08
7.30362e-08
7.34822e-08
7.39346e-08
7.4319e-08
7.47333e-08
7.52009e-08
7.56726e-08
7.60241e-08
7.65072e-08
7.69182e-08
7.74112e-08
7.77792e-08
7.82856e-08
7.87141e-08
7.90953e-08
7.96168e-08
8.00612e-08
8.04557e-08
8.09096e-08
8.13129e-08
8.17762e-08
8.22434e-08
8.26619e-08
8.31407e-08
8.35671e-08
8.40565e-08
8.44928e-08
8.48997e-08
8.51507e-08
8.56597e-08
8.60189e-08
8.65385e-08
8.69059e-08
8.74344e-08
8.78115e-08
8.82908e-08
8.87371e-08
8.85489e-08
8.90418e-08
8.94974e-08
8.98969e-08
9.02989e-08
9.07045e-08
9.11799e-08
9.15942e-08
9.20129e-08
9.24373e-08
9.28641e-08
9.32953e-08
9.3685e-08
9.41248e-08
9.45707e-08
9.50198e-08
9.53575e-08
9.58179e-08
9.61618e-08
9.65121e-08
9.69317e-08
9.73034e-08
9.76784e-08
9.80568e-08
9.84385e-08
9.88237e-08
9.92123e-08
9.96045e-08
1e-07
1.00399e-07
1.00802e-07
1.01209e-07
1.01619e-07
1.01901e-07
1.02318e-07
1.02739e-07
1.03164e-07
1.03593e-07
1.04026e-07
1.04463e-07
1.04764e-07
1.05208e-07
1.04979e-07
1.05429e-07
1.05821e-07
1.06279e-07
1.06742e-07
1.07062e-07
1.07533e-07
1.08008e-07
1.08338e-07
1.08821e-07
1.09065e-07
1.09489e-07
1.09985e-07
1.10331e-07
1.10836e-07
1.11347e-07
1.11703e-07
1.12222e-07
1.12675e-07
1.13205e-07
1.13575e-07
1.14115e-07
1.14492e-07
1.14965e-07
1.1552e-07
1.15908e-07
1.16474e-07
1.1687e-07
1.17365e-07
1.17947e-07
1.18355e-07
1.18767e-07
1.19463e-07
1.19884e-07
1.20308e-07
1.20736e-07
1.21458e-07
1.21896e-07
1.22337e-07
1.22886e-07
1.22745e-07
1.23198e-07
1.2376e-07
1.24221e-07
1.24687e-07
1.25265e-07
1.2574e-07
1.26424e-07
1.27019e-07
1.2751e-07
1.28006e-07
1.28618e-07
1.29123e-07
1.29634e-07
1.30263e-07
1.30784e-07
1.31426e-07
1.31958e-07
1.32495e-07
1.33156e-07
1.33704e-07
1.34378e-07
1.34705e-07
1.35269e-07
1.35961e-07
1.36234e-07
1.36939e-07
1.37526e-07
1.38246e-07
1.38599e-07
1.39331e-07
1.39943e-07
1.40691e-07
1.41317e-07
1.41822e-07
1.4246e-07
1.43238e-07
1.43625e-07
1.43506e-07
1.44167e-07
1.44971e-07
1.45375e-07
1.46194e-07
1.46607e-07
1.47442e-07
1.48146e-07
1.48715e-07
1.49433e-07
1.50013e-07
1.50892e-07
1.51634e-07
1.52234e-07
1.52992e-07
1.53605e-07
1.5453e-07
1.55004e-07
1.55823e-07
1.56465e-07
1.57238e-07
1.58051e-07
1.58682e-07
1.5948e-07
1.60286e-07
1.60939e-07
1.61762e-07
1.6243e-07
1.63236e-07
1.64086e-07
1.64742e-07
1.65574e-07
1.66415e-07
1.67266e-07
1.67953e-07
1.67764e-07
1.68601e-07
1.68937e-07
1.69789e-07
1.70651e-07
1.71381e-07
1.72262e-07
1.73114e-07
1.74014e-07
1.74739e-07
1.75619e-07
1.7655e-07
1.7745e-07
1.78169e-07
1.79131e-07
1.80061e-07
1.80961e-07
1.81913e-07
1.82676e-07
1.83606e-07
1.8459e-07
1.85541e-07
1.86504e-07
1.8727e-07
1.88253e-07
1.89248e-07
1.90254e-07
1.91273e-07
1.9204e-07
1.93033e-07
1.94086e-07
1.95103e-07
1.96132e-07
1.95947e-07
1.96994e-07
1.97826e-07
1.98845e-07
1.99928e-07
2.00972e-07
2.02028e-07
2.03151e-07
2.04233e-07
2.05328e-07
2.06437e-07
2.07504e-07
2.08391e-07
2.09539e-07
2.10643e-07
2.11359e-07
2.12489e-07
2.13632e-07
2.14789e-07
2.1596e-07
2.17146e-07
2.18286e-07
2.19501e-07
2.20668e-07
2.21914e-07
2.23111e-07
2.24323e-07
2.2555e-07
2.26792e-07
2.2805e-07
2.29324e-07
2.29125e-07
2.30423e-07
2.31668e-07
2.32999e-07
2.34277e-07
2.3557e-07
2.3688e-07
2.38207e-07
2.39476e-07
2.40837e-07
2.42215e-07
2.43535e-07
2.44948e-07
2.46302e-07
2.47674e-07
2.49063e-07
2.5047e-07
2.52235e-07
2.53682e-07
2.55149e-07
2.5655e-07
2.58056e-07
2.59494e-07
2.60952e-07
2.62429e-07
2.63925e-07
2.64871e-07
2.66775e-07
2.68332e-07
2.6826e-07
2.69755e-07
2.71366e-07
2.72902e-07
2.74459e-07
2.7653e-07
2.78134e-07
2.79759e-07
2.81407e-07
2.83056e-07
2.84832e-07
2.86633e-07
2.88353e-07
2.90096e-07
2.91974e-07
2.93767e-07
2.95586e-07
2.97431e-07
2.99302e-07
3.012e-07
3.03007e-07
3.04959e-07
3.06986e-07
3.08873e-07
3.10788e-07
3.12903e-07
3.14875e-07
3.14998e-07
3.17016e-07
3.19113e-07
3.21058e-07
3.23217e-07
3.25271e-07
3.27442e-07
3.29559e-07
3.31147e-07
3.33324e-07
3.35533e-07
3.37722e-07
3.39998e-07
3.42214e-07
3.4456e-07
3.46943e-07
3.49205e-07
3.51661e-07
3.53994e-07
3.56363e-07
3.58995e-07
3.61441e-07
3.63925e-07
3.66337e-07
3.68899e-07
3.69325e-07
3.71954e-07
3.74509e-07
3.77104e-07
3.79861e-07
3.82541e-07
3.85264e-07
3.88032e-07
3.90775e-07
3.93633e-07
3.96539e-07
3.99287e-07
4.02288e-07
4.05128e-07
4.08229e-07
4.11166e-07
4.14151e-07
4.16312e-07
4.19696e-07
4.22831e-07
4.25787e-07
4.29108e-07
4.32405e-07
4.32912e-07
4.36386e-07
4.39587e-07
4.43182e-07
4.46498e-07
4.49959e-07
4.5348e-07
4.56975e-07
4.60622e-07
4.64334e-07
4.68022e-07
4.71584e-07
4.75499e-07
4.79191e-07
4.82949e-07
4.87079e-07
4.90979e-07
4.94949e-07
4.98993e-07
5.03112e-07
5.07309e-07
5.08316e-07
5.12644e-07
5.17054e-07
5.20125e-07
5.24806e-07
5.29107e-07
5.33602e-07
5.38068e-07
5.42738e-07
5.47379e-07
5.52232e-07
5.57059e-07
5.62107e-07
5.66844e-07
5.71965e-07
5.76893e-07
5.81918e-07
5.87484e-07
5.92719e-07
5.94397e-07
5.99951e-07
6.0534e-07
6.10983e-07
6.16401e-07
6.22278e-07
6.28281e-07
6.33899e-07
6.40157e-07
6.46018e-07
6.52002e-07
6.56929e-07
6.6316e-07
6.69691e-07
6.76198e-07
6.82848e-07
6.8982e-07
6.96156e-07
6.9932e-07
7.06085e-07
7.13467e-07
7.20544e-07
7.27779e-07
7.35678e-07
7.43258e-07
7.51014e-07
7.58219e-07
7.6633e-07
7.74427e-07
7.8293e-07
7.9106e-07
7.99755e-07
8.0806e-07
8.16786e-07
8.25494e-07
8.27891e-07
8.36956e-07
8.46245e-07
8.5601e-07
8.65777e-07
8.75795e-07
8.85335e-07
8.95864e-07
9.05635e-07
9.16981e-07
9.27276e-07
9.38116e-07
9.48954e-07
9.60368e-07
9.72088e-07
9.78146e-07
9.90439e-07
1.00307e-06
1.01477e-06
1.02778e-06
1.04013e-06
1.05072e-06
1.06515e-06
1.07856e-06
1.09235e-06
1.10653e-06
1.12112e-06
1.13615e-06
1.14997e-06
2.07841
2.10437
2.1294
2.15666
2.18296
2.20991
2.23753
2.26765
2.29675
2.32471
2.3553
2.3867
1.37044e-06
1.38923e-06
1.41158e-06
1.43219e-06
1.45347e-06
1.47756e-06
1.50035e-06
1.52393e-06
1.54832e-06
1.57295e-06
1.59911e-06
1.62302e-06
5.94713e-06
6.04571e-06
6.14791e-06
6.21348e-06
6.32014e-06
6.42947e-06
6.54156e-06
6.65797e-06
6.77885e-06
6.90149e-06
7.0274e-06
1.96267e-06
1.99999e-06
2.03744e-06
2.07687e-06
2.11698e-06
2.15871e-06
2.19639e-06
2.24109e-06
2.28715e-06
2.3205e-06
2.3698e-06
2.42001e-06
2.47181e-06
2.52474e-06
2.58072e-06
2.63777e-06
2.69757e-06
2.75943e-06
2.80784e-06
2.86834e-06
2.9391e-06
3.00985e-06
3.0843e-06
3.16046e-06
3.24136e-06
3.32477e-06
3.39476e-06
3.48461e-06
3.5803e-06
3.67787e-06
3.77484e-06
3.88087e-06
3.99583e-06
4.09188e-06
4.2152e-06
4.34643e-06
4.48197e-06
4.62649e-06
4.77599e-06
4.92662e-06
5.06779e-06
5.24398e-06
5.43001e-06
5.6307e-06
5.83553e-06
6.06055e-06
6.26563e-06
6.51421e-06
6.77093e-06
7.05746e-06
7.3584e-06
7.68586e-06
7.99448e-06
8.36986e-06
8.77425e-06
9.2183e-06
9.66481e-06
1.01118e-05
1.06623e-05
1.12723e-05
1.1916e-05
1.26201e-05
1.33112e-05
1.4157e-05
1.50731e-05
1.61034e-05
1.71359e-05
1.83621e-05
1.96828e-05
2.11979e-05
2.27844e-05
2.46226e-05
2.67491e-05
2.88654e-05
3.14927e-05
3.44692e-05
3.76628e-05
4.15205e-05
4.59014e-05
