1.000000000000000021e-03
1.258925411794167490e-03
1.584893192461114082e-03
1.995262314968880655e-03
2.511886431509582039e-03
3.162277660168382430e-03
3.981071705534977752e-03
5.011872336272729829e-03
6.309573444801942418e-03
7.943282347242829403e-03
1.000000000000002102e-02
1.258925411794170092e-02
1.584893192461117248e-02
1.995262314968885078e-02
2.511886431509587417e-02
3.162277660168388849e-02
3.981071705534985211e-02
5.011872336272740064e-02
6.309573444801955255e-02
7.943282347242845709e-02
1.000000000000004080e-01
1.258925411794172555e-01
1.584893192461120648e-01
1.995262314968888895e-01
2.511886431509592343e-01
3.162277660168395510e-01
3.981071705534993677e-01
5.011872336272750195e-01
6.309573444801969133e-01
7.943282347242862640e-01
1.000000000000006217e+00
1.258925411794175275e+00
1.584893192461123812e+00
1.995262314968893058e+00
2.511886431509597450e+00
3.162277660168402171e+00
3.981071705535002003e+00
5.011872336272761075e+00
6.309573444801981346e+00
7.943282347242877961e+00
1.000000000000008171e+01
1.258925411794176519e+01
1.584893192461127143e+01
1.995262314968899275e+01
2.511886431509602602e+01
3.162277660168405191e+01
3.981071705535009642e+01
5.011872336272776352e+01
6.309573444801994668e+01
7.943282347242886487e+01
1.000000000000010232e+02
1.258925411794181599e+02
1.584893192461130411e+02
1.995262314968899204e+02
2.511886431509607860e+02
3.162277660168418265e+02
3.981071705535018168e+02
5.011872336272776352e+02
6.309573444802007316e+02
7.943282347242918604e+02
1.000000000000012278e+03
1.258925411794181628e+03
1.584893192461133594e+03
1.995262314968907276e+03
2.511886431509612976e+03
3.162277660168418151e+03
3.981071705535026467e+03
5.011872336272796929e+03
6.309573444802020276e+03
7.943282347242919059e+03
1.000000000000014370e+04
