1.820906934331624361e+05
1.822196528477751999e+05
1.823486122623879055e+05
1.822274503937749832e+05
1.822274503937749832e+05
1.821062885251621483e+05
1.821062885251621483e+05
1.819851266565492551e+05
1.819851266565492551e+05
1.818639647879363911e+05
1.818639647879363911e+05
1.817428029193234979e+05
1.816216410507106048e+05
1.815004791820977407e+05
1.813793173134848766e+05
1.812581554448720126e+05
1.811369935762591194e+05
1.810158317076461972e+05
1.808946698390333040e+05
1.807735079704204109e+05
1.806523461018075468e+05
1.804100223645817896e+05
1.802888604959688964e+05
1.801676986273560324e+05
1.799253748901302461e+05
1.798042130215173820e+05
1.795618892842916539e+05
1.793195655470658385e+05
1.791984036784529744e+05
1.789560799412272463e+05
1.787137562040014309e+05
1.785925943353885668e+05
1.783502705981627514e+05
1.781079468609370233e+05
1.778656231237112952e+05
1.776232993864854798e+05
1.773809756492597226e+05
1.771386519120339653e+05
1.768963281748082081e+05
1.765328425689695578e+05
1.762905188317438297e+05
1.760481950945180433e+05
1.756815390578882943e+05
1.753183105140056286e+05
1.750761581514172140e+05
1.747129296075346065e+05
1.744707772449462209e+05
1.741075487010635843e+05
1.738653963384751987e+05
1.735021677945925621e+05
1.731389392507100129e+05
1.728967868881215691e+05
1.725335583442389616e+05
1.721703298003563541e+05
1.718071012564737466e+05
1.715649488938853610e+05
1.712017203500027244e+05
1.708384918061200879e+05
1.704752632622375677e+05
1.701120347183549020e+05
1.697488061744722945e+05
1.693855776305896579e+05
1.690223490867071087e+05
1.686591205428244721e+05
1.681748158176476718e+05
1.678115872737650934e+05
1.674483587298824277e+05
1.670851301859997911e+05
1.666008254608230491e+05
1.661199482283933612e+05
1.657569767464668839e+05
1.652730147705647687e+05
1.649100432886381459e+05
1.645470718067115813e+05
1.640631098308094952e+05
1.637001383488829597e+05
1.632161763729808445e+05
1.628532048910542799e+05
1.623692429151521937e+05
1.618852809392500494e+05
1.615223094573235139e+05
1.610383474814214278e+05
1.606753759994948632e+05
1.601914140235928062e+05
1.597074520476906910e+05
1.592234900717885757e+05
1.588605185898620111e+05
1.583765566139599250e+05
1.577807726871810155e+05
1.572971534605536435e+05
1.569344390405831509e+05
1.564508198139557207e+05
1.559672005873283488e+05
1.554835813607009477e+05
1.549999621340735466e+05
1.545163429074462329e+05
1.540327236808188609e+05
1.536700092608483101e+05
1.531863900342209381e+05
1.527027708075935661e+05
1.522191515809661942e+05
1.517355323543388222e+05
1.511447182920433406e+05
1.506614418146906828e+05
1.501781653373380250e+05
1.496948888599853672e+05
1.492116123826327384e+05
1.487283359052800806e+05
1.482450594279273937e+05
1.477617829505747359e+05
1.472785064732220781e+05
1.467952299958694493e+05
1.461911343991786416e+05
1.457078579218259547e+05
1.451215852874204575e+05
1.446386515593425720e+05
1.441557178312645992e+05
1.436727841031866556e+05
1.431898503751087410e+05
1.427069166470307682e+05
1.422239829189528537e+05
1.417410491908749100e+05
1.412581154627969954e+05
1.406544483026995440e+05
1.401715145746216003e+05
1.396885808465436567e+05
1.391068496400282311e+05
1.386242586612250016e+05
1.381416676824217429e+05
1.376590767036185425e+05
1.371764857248153421e+05
1.365732470013113052e+05
1.360906560225081048e+05
1.356080650437048753e+05
1.351254740649016458e+05
1.346428830860984453e+05
1.340650078089235467e+05
1.335827595793950313e+05
1.331005113498665742e+05
1.324977010629559227e+05
1.320154528334274073e+05
1.315332046038989502e+05
1.310509563743704202e+05
1.305687081448419049e+05
1.300864599153134041e+05
1.296042116857849032e+05
1.290301923379505897e+05
1.285482868576968176e+05
1.280663813774430309e+05
1.274639995271257940e+05
1.269820940468720219e+05
1.265001885666182352e+05
1.260182830863644485e+05
1.255363776061106619e+05
1.250544721258568752e+05
1.245725666456031031e+05
1.240024032271093747e+05
1.235208404961303022e+05
1.230392777651512297e+05
1.225577150341721863e+05
1.220761523031931283e+05
1.215945895722140558e+05
1.211130268412349833e+05
1.206314641102559108e+05
1.201619404475513147e+05
1.196803777165722713e+05
1.191260064709111757e+05
1.186447864892068465e+05
1.181755970070451149e+05
1.176943770253407565e+05
1.172251875431790249e+05
1.167559980610172934e+05
1.162868085788555327e+05
1.158176190966937866e+05
1.152662726133821270e+05
1.147974173117632163e+05
1.143405839409550681e+05
1.138717286393361865e+05
1.134148952685280383e+05
1.129460399669091421e+05
1.124892065961010085e+05
1.120323732252928312e+05
1.115755398544846976e+05
1.110395056950210419e+05
1.105829979360238794e+05
1.101264901770267315e+05
1.096819957801084092e+05
1.092254880211112468e+05
1.087809936241929536e+05
1.083364992272746749e+05
1.078799914682775125e+05
1.073588669022640970e+05
1.069146895484249108e+05
1.064705121945857391e+05
1.060383396340935578e+05
1.055941622802543716e+05
1.051499849264151999e+05
1.047178123659230478e+05
1.042856398054308520e+05
1.037673429209338647e+05
1.033354788347889553e+05
1.029036147486440168e+05
1.024717506624990929e+05
1.020518828009692952e+05
1.016200187148243858e+05
1.012001508532945882e+05
1.007682867671496497e+05
1.002767414635444293e+05
9.985717350762999558e+04
9.943760555171559099e+04
9.901803759580118640e+04
9.859846963988676725e+04
9.817890168397234811e+04
9.777132138394123467e+04
9.735175342802681553e+04
9.694417312799567298e+04
9.645560974308049481e+04
9.604832077993285202e+04
9.564103181678522378e+04
9.523374285363759554e+04
9.483843297764136514e+04
9.443114401449372235e+04
9.402385505134610867e+04
9.362854517534986371e+04
9.316654485922532331e+04
9.275954723296120937e+04
9.236452012511661451e+04
9.196949301727203419e+04
9.158643642784695840e+04
9.119140932000239263e+04
9.079638221215782687e+04
9.041332562273275107e+04
8.995386165124112449e+04
8.957107926123586367e+04
8.918829687123057374e+04
8.880551448122529837e+04
8.842273209122000844e+04
8.803994970121473307e+04
8.765716731120945769e+04
8.728634687089183717e+04
8.684131264386586554e+04
8.647075783423613757e+04
8.610020302460642415e+04
8.572964821497675439e+04
8.535909340534702642e+04
8.498853859571731300e+04
8.461798378608759958e+04
8.424742897645790072e+04
8.382869218753467430e+04
8.345840300859286799e+04
8.310005864187500265e+04
8.274171427515713731e+04
8.237142509621531644e+04
8.201308072949743655e+04
8.166668117500349763e+04
8.130833680828561774e+04
8.089192214569861244e+04
8.054577108442883764e+04
8.018768377966701519e+04
7.984153271839722584e+04
7.948344541363538883e+04
7.913729435236562858e+04
7.879114329109585378e+04
7.844499222982607898e+04
7.811077741204836639e+04
7.770880106265888026e+04
7.736289849461325502e+04
7.702892360132782778e+04
7.668302103328227531e+04
7.634904613999684807e+04
7.601507124671143538e+04
7.568109635342600814e+04
7.534712146014061000e+04
7.495925781213761366e+04
7.462552284334452997e+04
7.430370698057973641e+04
7.396997201178662363e+04
7.364815614902184461e+04
7.331442118022874638e+04
7.299260531746395282e+04
7.267078945469917380e+04
7.229696138949590386e+04
7.197537688249157509e+04
7.165379237548720266e+04
7.133220786848285934e+04
7.102253389877497102e+04
7.070094939177062770e+04
7.039127542206273938e+04
7.006969091505838151e+04
6.976001694535050774e+04
6.940037870012056374e+04
6.909092751744123234e+04
6.878147633476191550e+04
6.847202515208259865e+04
6.816257396940326726e+04
6.786502475528854120e+04
6.755557357260922436e+04
6.725802435849448375e+04
6.694857317581515235e+04
6.660303906323986303e+04
6.630570406742182968e+04
6.600836907160381088e+04
6.571103407578576298e+04
6.541369907996772235e+04
6.511636408414968173e+04
6.481902908833166293e+04
6.453358749234634888e+04
6.423625249652830826e+04
6.390473682928900234e+04
6.360761605176766898e+04
6.332238010534718342e+04
6.303714415892669786e+04
6.275190821250621229e+04
6.246667226608573401e+04
6.218143631966524845e+04
6.189620037324476289e+04
6.161096442682429188e+04
6.129339008633414051e+04
6.100835978947849071e+04
6.073520575499181723e+04
6.045017545813616744e+04
6.017702142364950851e+04
5.990386738916284958e+04
5.963071335467616882e+04
5.934568305782051902e+04
5.908440528570283641e+04
5.881125125121617020e+04
5.849586193735235429e+04
5.822290498369865963e+04
5.796181572368206253e+04
5.768885877002836060e+04
5.742776951001177804e+04
5.715481255635806883e+04
5.689372329634149355e+04
5.663263403632490372e+04
5.637154477630831389e+04
5.606994255202003842e+04
5.580904180410454137e+04
5.554814105618905160e+04
5.528724030827356910e+04
5.502633956035808660e+04
5.477729793734783016e+04
5.451639718943234038e+04
5.426735556642209849e+04
5.400645481850661599e+04
5.375741319549637410e+04
5.350837157248613221e+04
5.322084777465690422e+04
5.297198609501589090e+04
5.272312441537487030e+04
5.247426273573385697e+04
5.222540105609285092e+04
5.197653937645182305e+04
5.173952825298420794e+04
5.149066657334318006e+04
5.125365544987554313e+04
5.100479377023453708e+04
5.073107419944457797e+04
5.049423445061431994e+04
5.024555271434252791e+04
5.000871296551224805e+04
4.977187321668198274e+04
4.953503346785171016e+04
4.929819371902143030e+04
4.907319595763267716e+04
4.883635620880239730e+04
4.859951645997212472e+04
4.837451869858337159e+04
4.810284705470985500e+04
4.787801209922658018e+04
4.764134372503367194e+04
4.741650876955040439e+04
4.719167381406714412e+04
4.696683885858386202e+04
4.674200390310060175e+04
4.651716894761733420e+04
4.629233399213407392e+04
4.606749903665078455e+04
4.584266408116752427e+04
4.559662151431106759e+04
4.537194936473328562e+04
4.514727721515551093e+04
4.493442991555551998e+04
4.470975776597773802e+04
4.449691046637773252e+04
4.428406316677773430e+04
4.407121586717773607e+04
4.385836856757773785e+04
4.364552126797773235e+04
4.343267396837772685e+04
4.318850795380036288e+04
4.297581489137398603e+04
4.276312182894760190e+04
4.255042876652122504e+04
4.234955198534076771e+04
4.213685892291438358e+04
4.193598214173392626e+04
4.172328907930754212e+04
4.152241229812707752e+04
4.132153551694662019e+04
4.110884245452024334e+04
4.090796567333977146e+04
4.067756961087418313e+04
4.047683849813548295e+04
4.027610738539677550e+04
4.007537627265806077e+04
3.988645287243338680e+04
3.968572175969468663e+04
3.948499064695596462e+04
3.929606724673129065e+04
3.909533613399259048e+04
3.890641273376792378e+04
3.870568162102920905e+04
3.851675822080453509e+04
3.832783482057986839e+04
3.809943527263952274e+04
3.791064897212474898e+04
3.772186267160996795e+04
3.753307637109517236e+04
3.734429007058039861e+04
3.715550377006561757e+04
3.697851661333301308e+04
3.678973031281822477e+04
3.660094401230343647e+04
3.642395685557083925e+04
3.623517055505605094e+04
3.605818339832343918e+04
3.584334815293007705e+04
3.566648952717549400e+04
3.548963090142089641e+04
3.530098170061600831e+04
3.512412307486141799e+04
3.494726444910682767e+04
3.477040582335223007e+04
3.459354719759764703e+04
3.441668857184305671e+04
3.423982994608846639e+04
3.406297132033387606e+04
3.389790326962959807e+04
3.372104464387500775e+04
3.354418601812041743e+04
3.335485988749795797e+04
3.317812979272138909e+04
3.301318170426325378e+04
3.284823361580512574e+04
3.267150352102854959e+04
3.250655543257042154e+04
3.234160734411228987e+04
3.217665925565415455e+04
3.201171116719602287e+04
3.184676307873789483e+04
3.168181499027976315e+04
3.151686690182162783e+04
3.135191881336349979e+04
3.118697072490537175e+04
3.101123460302547755e+04
3.084640647681349947e+04
3.068157835060151410e+04
3.052852366197610536e+04
3.037546897335069298e+04
3.021064084713871489e+04
3.005758615851330251e+04
2.989275803230132806e+04
2.973970334367591204e+04
2.958664865505050693e+04
2.943359396642509455e+04
2.928053927779968217e+04
2.912748458917427342e+04
2.897442990054886468e+04
2.880039895631069885e+04
2.864745566119957221e+04
2.850627723494314705e+04
2.835333393983202041e+04
2.820039064472089740e+04
2.805921221846446861e+04
2.790626892335334196e+04
2.776509049709691317e+04
2.761214720198579016e+04
2.747096877572936501e+04
2.732979034947293985e+04
2.717684705436180957e+04
2.703566862810538441e+04
2.689449020184896290e+04
2.675331177559253410e+04
2.659275087785079813e+04
2.645167527637678722e+04
2.631059967490277995e+04
2.616952407342876904e+04
2.602844847195475813e+04
2.588737287048075086e+04
2.575805356912957359e+04
2.561697796765556632e+04
2.548765866630438541e+04
2.534658306483038177e+04
2.521726376347920814e+04
2.507618816200519723e+04
2.494686886065401995e+04
2.480579325918000904e+04
2.467647395782883541e+04
2.452926314433736479e+04
2.440003809903673755e+04
2.427081305373611031e+04
2.412984027704451728e+04
2.400061523174389367e+04
2.387139018644325552e+04
2.375391287253360133e+04
2.362468782723297045e+04
2.349546278193234320e+04
2.336623773663171596e+04
2.323701269133108872e+04
2.311953537742143089e+04
2.299031033212079637e+04
2.287283301821113491e+04
2.274360797291051131e+04
2.262613065900084985e+04
2.248049649217308252e+04
2.236310486558210323e+04
2.224571323899112031e+04
2.211658244974103945e+04
2.199919082315005653e+04
2.188179919655907361e+04
2.176440756996809068e+04
2.164701594337711140e+04
2.152962431678613211e+04
2.141223269019514919e+04
2.129484106360416263e+04
2.117744943701317970e+04
2.106005781042220042e+04
2.095440534649031179e+04
2.083701371989933250e+04
2.071962209330834958e+04
2.060223046671736665e+04
2.048161699694403796e+04
2.036431105767173722e+04
2.025873571232666291e+04
2.014142977305436216e+04
2.003585442770928785e+04
1.993027908236421354e+04
1.981297314309191279e+04
1.970739779774684212e+04
1.960182245240176417e+04
1.949624710705669349e+04
1.939067176171162282e+04
1.928509641636654851e+04
1.917952107102148511e+04
1.907394572567640716e+04
1.896837038033133649e+04
1.886279503498626218e+04
1.875721968964118787e+04
1.865164434429611356e+04
1.853252183386780962e+04
1.843874563230491185e+04
1.833324740554665186e+04
1.822774917878838460e+04
1.813397297722548683e+04
1.802847475046722684e+04
1.793469854890433271e+04
1.782920032214606908e+04
1.773542412058317132e+04
1.762992589382490769e+04
1.753614969226200992e+04
1.744237349069911215e+04
1.733687526394084853e+04
1.724309906237795440e+04
1.714932286081505663e+04
1.705554665925215886e+04
1.696177045768925746e+04
1.686799425612635969e+04
1.677421805456346192e+04
1.668044185300056415e+04
1.657454089584450776e+04
1.648083324413655646e+04
1.638712559242859788e+04
1.629341794072064476e+04
1.621142374547618419e+04
1.611771609376822744e+04
1.602400844206027614e+04
1.594201424681581375e+04
1.584830659510785881e+04
1.575459894339990387e+04
1.567260474815544512e+04
1.559061055291098455e+04
1.549690290120302961e+04
1.541490870595856904e+04
1.532120105425061229e+04
1.523920685900615172e+04
1.515721266376169115e+04
1.506350501205373803e+04
1.498151081680927564e+04
1.489951662156481507e+04
1.480668298050739213e+04
1.472474876638600836e+04
1.464281455226462276e+04
1.456088033814323899e+04
1.447894612402185339e+04
1.439701190990046780e+04
1.431507769577908221e+04
1.423314348165769843e+04
1.415120926753631466e+04
1.406927505341493088e+04
1.399904572702516998e+04
1.391711151290378621e+04
1.383517729878240243e+04
1.376494797239264335e+04
1.368301375827125776e+04
1.360107954414987398e+04
1.353085021776011672e+04
1.344891600363873113e+04
1.337868667724897387e+04
1.329675246312758827e+04
1.322652313673783101e+04
1.314666255572848968e+04
1.306478832273018088e+04
1.299461040873163074e+04
1.292443249473307878e+04
1.285425458073452864e+04
1.277238034773621803e+04
1.270220243373766789e+04
1.263202451973911775e+04
1.256184660574056761e+04
1.249166869174201565e+04
1.242149077774346551e+04
1.235131286374491356e+04
1.228113494974636524e+04
1.221095703574781328e+04
1.214077912174926496e+04
1.207060120775071118e+04
1.200042329375216286e+04
1.194194169875336956e+04
1.187176378475481943e+04
1.180158587075626747e+04
1.173140795675771551e+04
1.166824783415902311e+04
1.160274844776037389e+04
1.152879686424717511e+04
1.146334546274698914e+04
1.139789406124680318e+04
1.133361143477340556e+04
1.126932880830000795e+04
1.120621495685339687e+04
1.114193233038000290e+04
1.107881847893339364e+04
1.101687340251357455e+04
1.095375955106696529e+04
1.089181447464714438e+04
1.082986939822732347e+04
1.076909309683429456e+04
1.070831679544126564e+04
1.064754049404823490e+04
1.058676419265520417e+04
1.052715666628895997e+04
1.046754913992271941e+04
1.040794161355648066e+04
1.034833408719023828e+04
1.028989533585078607e+04
1.023145658451133386e+04
1.017418660819866818e+04
1.010833161942750303e+04
1.005110362990099202e+04
9.993875640374482828e+03
9.937815569001573749e+03
9.881755497628664671e+03
9.825695426255757411e+03
9.769635354882848333e+03
9.713575283509939254e+03
9.658683130290635745e+03
9.603790977071330417e+03
9.550066742005625201e+03
9.495174588786319873e+03
9.441450353720616476e+03
9.387726118654911261e+03
9.335169801742811615e+03
9.281445566677106399e+03
9.228889249765004934e+03
9.176332932852905287e+03
9.124944534094405753e+03
9.073556135335906220e+03
9.020999818423804754e+03
8.970779337818907152e+03
8.919390939060409437e+03
8.869170458455510015e+03
8.818949977850616051e+03
8.762296093359254883e+03
8.712112458301391598e+03
8.663095884523943823e+03
8.614079310746494230e+03
8.565062736969046455e+03
8.516046163191596861e+03
8.468196650694562777e+03
8.420347138197526874e+03
8.372497625700492790e+03
8.324648113203460525e+03
8.277965661986843770e+03
8.231283210770223377e+03
8.184600759553605712e+03
8.137918308336987138e+03
8.091235857120370383e+03
8.045720467184165500e+03
8.000205077247963345e+03
7.954689687311760281e+03
7.909174297375558126e+03
7.864825968719770572e+03
7.820477640063983017e+03
7.776129311408195463e+03
7.731780982752409727e+03
7.688599715377035864e+03
7.644251386721248309e+03
7.601070119345876265e+03
7.552339741212816989e+03
7.510356382552586183e+03
7.467206819485124470e+03
7.425223460824893664e+03
7.383240102164661039e+03
7.341256743504428414e+03
7.299273384844197608e+03
7.258456230591194981e+03
7.217639076338191444e+03
7.176821922085187907e+03
7.136004767832185280e+03
7.095187613579182653e+03
7.055536663733406385e+03
7.015885713887632846e+03
6.976234764041857488e+03
6.936583814196083949e+03
6.896932864350309501e+03
6.858448118911763231e+03
6.819963373473216961e+03
6.781478628034672511e+03
6.742993882596125331e+03
6.704509137157579062e+03
6.667190596126262790e+03
6.628705850687716520e+03
6.591387309656399339e+03
6.554068768625083067e+03
6.517916432000994064e+03
6.475836246670653964e+03
6.439710473115356763e+03
6.403584699560057743e+03
6.367458926004760542e+03
6.331333152449463341e+03
6.295207378894165231e+03
6.260246952872908878e+03
6.224121179317611677e+03
6.189160753296355324e+03
6.154200327275098971e+03
6.120405248787884375e+03
6.085444822766628022e+03
6.051649744279414335e+03
6.016689318258157982e+03
5.982894239770943386e+03
5.949099161283729700e+03
5.916469430330558680e+03
5.882674351843342265e+03
5.850044620890172155e+03
5.817414889936999316e+03
5.783619811449785630e+03
5.752155428030654548e+03
5.719525697077482619e+03
5.686895966124309780e+03
5.655431582705180517e+03
5.623967199286050345e+03
5.591337468332877506e+03
5.561038432447789091e+03
5.529574049028658919e+03
5.494066937914227310e+03
5.463790180731994951e+03
5.432348932888907257e+03
5.402072175706676717e+03
5.371795418524444358e+03
5.341518661342212908e+03
5.312406394820835885e+03
5.282129637638602617e+03
5.253017371117225593e+03
5.222740613934995963e+03
5.193628347413618940e+03
5.164516080892241916e+03
5.135403814370864893e+03
5.107456038510341386e+03
5.078343771988966182e+03
5.050395996128443585e+03
5.022448220267922807e+03
4.993335953746545783e+03
4.966552668546880341e+03
4.938604892686357744e+03
4.910657116825836965e+03
4.882709340965315278e+03
4.855926055765647106e+03
4.829142770565981664e+03
4.802359485366314402e+03
4.775576200166648050e+03
4.748792914966980788e+03
4.722009629767313527e+03
4.695226344567648084e+03
4.666171488549786773e+03
4.640571545221084307e+03
4.613807968104713837e+03
4.588208024776010461e+03
4.562608081447308905e+03
4.537008138118609168e+03
4.512571828577573797e+03
4.486971885248872240e+03
4.462535575707836870e+03
4.436935632379136223e+03
4.412499322838101762e+03
4.388063013297068210e+03
4.363626703756033749e+03
4.339190394215001106e+03
4.315917718461635559e+03
4.291481408920601098e+03
4.268208733167235550e+03
4.243772423626201999e+03
4.220499747872837361e+03
4.197227072119470904e+03
4.173954396366105357e+03
4.150681720612739809e+03
4.127409044859374262e+03
4.105300002893676719e+03
4.082027327140312082e+03
4.059918285174614539e+03
4.036645609421248992e+03
4.014536567455552358e+03
3.992427525489854816e+03
3.970318483524157273e+03
3.948209441558460639e+03
3.924372086374996798e+03
3.902279324999848541e+03
3.880186563624699829e+03
3.859256579164033610e+03
3.838326594703366936e+03
3.816233833328218680e+03
3.795303848867552006e+03
3.774373864406885332e+03
3.753443879946218658e+03
3.733676672400033112e+03
3.712746687939366893e+03
3.691816703478700674e+03
3.672049495932515129e+03
3.652282288386329583e+03
3.631352303925663364e+03
3.611585096379477363e+03
3.591817888833292272e+03
3.572050681287107636e+03
3.552283473740922545e+03
3.532516266194737454e+03
3.513911835563033947e+03
3.494144628016848401e+03
3.475540197385144438e+03
3.455772989838959802e+03
3.437168559207255839e+03
3.418564128575552331e+03
3.399959697943848369e+03
3.381355267312144861e+03
3.362750836680441353e+03
3.344146406048737390e+03
3.325541975417033882e+03
3.306937544785330374e+03
3.287071796822663600e+03
3.268481076161948749e+03
3.251052275542528605e+03
3.233623474923108006e+03
3.216194674303688316e+03
3.197603953642973465e+03
3.180175153023552411e+03
3.163908272445426974e+03
3.146479471826006829e+03
3.129050671206586685e+03
3.111621870587166086e+03
3.095354990009040193e+03
3.077926189389620959e+03
3.061659308811495066e+03
3.044230508192074922e+03
3.027963627613949484e+03
3.011696747035823591e+03
2.995429866457697699e+03
2.979162985879572716e+03
2.962896105301446823e+03
2.946629224723320931e+03
2.930362344145195493e+03
2.915257383608364307e+03
2.898990503030238870e+03
2.882723622452112977e+03
2.867618661915281791e+03
2.852513701378451515e+03
2.836246820800325622e+03
2.821141860263494891e+03
2.806036899726664160e+03
2.790931939189833884e+03
2.775826978653002243e+03
2.760722018116171512e+03
2.745617057579339871e+03
2.730512097042509140e+03
2.714565687036245436e+03
2.699471865850843187e+03
2.685539107833548769e+03
2.670445286648145157e+03
2.656512528630851648e+03
2.641418707445448945e+03
2.627485949428153162e+03
2.613553191410858744e+03
2.599620433393563872e+03
2.585687675376270363e+03
2.571754917358975490e+03
2.557822159341680162e+03
2.543889401324385290e+03
2.529956643307090872e+03
2.516023885289796908e+03
2.503252190440609866e+03
2.489319432423314993e+03
2.476547737574127950e+03
2.462614979556833532e+03
2.449843284707646944e+03
2.437071589858459902e+03
2.423138831841165484e+03
2.410367136991978441e+03
2.397595442142791853e+03
2.384823747293604811e+03
2.372052052444418223e+03
2.359280357595231180e+03
2.346508662746044592e+03
2.333736967896857550e+03
2.322126336215779247e+03
2.309354641366592205e+03
2.296582946517405162e+03
2.284972314836326859e+03
2.272200619987139817e+03
2.260589988306060604e+03
2.248979356624981847e+03
2.236207661775794804e+03
2.222955261068816071e+03
2.211353198119605167e+03
2.199751135170393809e+03
2.188149072221182905e+03
2.176547009271972001e+03
2.164944946322761552e+03
2.153342883373550194e+03
2.141740820424339290e+03
2.130138757475128841e+03
2.118536694525917483e+03
2.108094837871627988e+03
2.096492774922416629e+03
2.084890711973206180e+03
2.074448855318915776e+03
2.062846792369704872e+03
2.052404935715415377e+03
2.041963079061125427e+03
2.030361016111914296e+03
2.019919159457624346e+03
2.009477302803334851e+03
1.999035446149044901e+03
1.988593589494755179e+03
1.978151732840465229e+03
1.967709876186175279e+03
1.957268019531885557e+03
1.946826162877595834e+03
1.936384306223305430e+03
1.925942449569016162e+03
1.915500592914726212e+03
1.906218942555357444e+03
1.895777085901067494e+03
1.885335229246777772e+03
1.876053578887409230e+03
1.865611722233119281e+03
1.856330071873750285e+03
1.847048421514381516e+03
1.836606564860091567e+03
1.827324914500722798e+03
1.816700543857645243e+03
1.806266399062036726e+03
1.796991603688162513e+03
1.787716808314288073e+03
1.778442012940413633e+03
1.769167217566538966e+03
1.759892422192664753e+03
1.750617626818790313e+03
1.741342831444916101e+03
1.732068036071041888e+03
1.723952590118901526e+03
1.714677794745027313e+03
1.705402999371152873e+03
1.696128203997278433e+03
1.688012758045138298e+03
1.678737962671264086e+03
1.670622516719123951e+03
1.661347721345249511e+03
1.653232275393109603e+03
1.643957480019234936e+03
1.635842034067095256e+03
1.627726588114954893e+03
1.618451792741080681e+03
1.610336346788940318e+03
1.602220900836800411e+03
1.594105454884660048e+03
1.585990008932520368e+03
1.576715213558645701e+03
1.568599767606505793e+03
1.560484321654365431e+03
1.552368875702225523e+03
1.544253429750085161e+03
1.537297333219679786e+03
1.529181887267539651e+03
1.521066441315399516e+03
1.512950995363259153e+03
1.504835549411119246e+03
1.497879452880713188e+03
1.489764006928573053e+03
1.481648560976433146e+03
1.474692464446027543e+03
1.466577018493887181e+03
1.459620921963481806e+03
1.450432670781473462e+03
1.443481715490188662e+03
1.435372267650355980e+03
1.428421312359070953e+03
1.421470357067785699e+03
1.413360909227953698e+03
1.406409953936668217e+03
1.399458998645383417e+03
1.392508043354098618e+03
1.385557088062813364e+03
1.377447640222980681e+03
1.370496684931695654e+03
1.363545729640410855e+03
1.356594774349125828e+03
1.349643819057840801e+03
1.342692863766556229e+03
1.335741908475270748e+03
1.328790953183985948e+03
1.322998490441248123e+03
1.316047535149963551e+03
1.309096579858678297e+03
1.302145624567393270e+03
1.295194669276108016e+03
1.289402206533370645e+03
1.282451251242085618e+03
1.275500295950800819e+03
1.269707833208063221e+03
1.262756877916778194e+03
1.256964415174040596e+03
1.250013459882755569e+03
1.244220997140018198e+03
1.237270041848733172e+03
1.231477579105995574e+03
1.224526623814710547e+03
1.218734161071972949e+03
1.212941698329235351e+03
1.205990743037950324e+03
1.200198280295212726e+03
1.194405817552475355e+03
1.188613354809738212e+03
1.181662399518452958e+03
1.175869936775715360e+03
1.170077474032977761e+03
1.164285011290240391e+03
1.157635675360707410e+03
1.151731733416367661e+03
1.145943555039564217e+03
1.140155376662760773e+03
1.134482961853493407e+03
1.128694783476689508e+03
1.123022368667422143e+03
1.117349953858154549e+03
1.111793302616423489e+03
1.106120887807155896e+03
1.100564236565424608e+03
1.095007585323693093e+03
1.089566697649497883e+03
1.084125809975302218e+03
1.078684922301107008e+03
1.073244034626912025e+03
1.067803146952716361e+03
1.062478022846057002e+03
1.057152898739398097e+03
1.051827774632738510e+03
1.046618414093615456e+03
1.041293289986956097e+03
1.036199693015369121e+03
1.030990332476245840e+03
1.025780971937122786e+03
1.020687374965535696e+03
1.015593777993948606e+03
1.010500181022361517e+03
1.005522347618310505e+03
1.000428750646723188e+03
9.954509172426722898e+02
9.904730838386211644e+02
9.856110140021063444e+02
9.806331805980551053e+02
9.757711107615401716e+02
9.709090409250253515e+02
9.661627346560463820e+02
9.613006648195315620e+02
9.565543585505524788e+02
9.518080522815735094e+02
9.470617460125947673e+02
9.423154397436157979e+02
9.376848970421729064e+02
9.330543543407301286e+02
9.284238116392873508e+02
9.237932689378444593e+02
9.192784898039377595e+02
9.147637106700308323e+02
9.101331679685880545e+02
9.057341524022173189e+02
9.005522974923902666e+02
8.960408601639121571e+02
8.916451007156514379e+02
8.872493412673903777e+02
8.828535818191295448e+02
8.785735002510861023e+02
8.741777408028253831e+02
8.698976592347817132e+02
8.656175776667382706e+02
8.613374960986948281e+02
8.571730924108686622e+02
8.528930108428251060e+02
8.487286071549991675e+02
8.445642034671730016e+02
8.403997997793470631e+02
8.362353960915207836e+02
8.321866702839123491e+02
8.281379444763035735e+02
8.239735407884774077e+02
8.199248149808686321e+02
8.159917670534773606e+02
8.119430412458685851e+02
8.080099933184775409e+02
8.040769453910862694e+02
8.001438974636946568e+02
7.962108495363036127e+02
7.922778016089122275e+02
7.884604315617383463e+02
7.846430615145645788e+02
7.807100135871731936e+02
7.768926435399994261e+02
7.731909513730425942e+02
7.693735813258688268e+02
7.656718891589123359e+02
7.619701969919557314e+02
7.582685048249993542e+02
7.545668126580426360e+02
7.508651204910862589e+02
7.471634283241297680e+02
7.435774140373905539e+02
7.399913997506514534e+02
7.364053854639124665e+02
7.328193711771732524e+02
7.292333568904340382e+02
7.257630204839123280e+02
7.221770061971731138e+02
7.187066697906514037e+02
7.152363333841296935e+02
7.117659969776077560e+02
7.082956605710862732e+02
7.049410020447820671e+02
7.014706656382602432e+02
6.981160071119558097e+02
6.947613485856517173e+02
6.914066900593470564e+02
6.880520315330427366e+02
6.846973730067383030e+02
6.814583923606513736e+02
6.781037338343470537e+02
6.748647531882602379e+02
6.716257725421731948e+02
6.683867918960863790e+02
6.651478112499992221e+02
6.620245084841297967e+02
6.587855278380427535e+02
6.556622250721732144e+02
6.525389223063036752e+02
6.494156195404341361e+02
6.462923167745643696e+02
6.431690140086951715e+02
6.401613891230427953e+02
6.370380863571731425e+02
6.340304614715211073e+02
6.309071587056515682e+02
6.278995338199993057e+02
6.248919089343472706e+02
6.219999619289123984e+02
6.189923370432603633e+02
6.159847121576081008e+02
6.130927651521733424e+02
6.102008181467384702e+02
6.071931932610864351e+02
6.043012462556515629e+02
6.015249771304341948e+02
5.986330301249994363e+02
5.957410831195646779e+02
5.929648139943471961e+02
5.900728669889124376e+02
5.872965978636952968e+02
5.845203287384777013e+02
5.817440596132602195e+02
5.789677904880429651e+02
5.761915213628254833e+02
5.735309301178255055e+02
5.707546609926080237e+02
5.680940697476081596e+02
5.654334785026081818e+02
5.626572093773907000e+02
5.599966181323906085e+02
5.574517047676080210e+02
5.547911135226082706e+02
5.521305222776080655e+02
5.495856089128254780e+02
5.469250176678256139e+02
5.443801043030430264e+02
5.418351909382603253e+02
5.392902775734777379e+02
5.367453642086950367e+02
5.342004508439125630e+02
5.316555374791298618e+02
5.292263019945647784e+02
5.266813886297819636e+02
5.242521531452168801e+02
5.217072397804342927e+02
5.192780042958690956e+02
5.168487688113037848e+02
5.144195333267385877e+02
5.119902978421733337e+02
5.095610623576081935e+02
5.072475047532603298e+02
5.048182692686951327e+02
5.025047116643473260e+02
5.001911540599995192e+02
4.977619185754342652e+02
4.954483609710864584e+02
4.931348033667386517e+02
4.908212457623908449e+02
4.885076881580429813e+02
4.863098084339125649e+02
4.839962508295647581e+02
4.817983711054343416e+02
4.794848135010864212e+02
4.772869337769560616e+02
4.750890540528255883e+02
4.728911743286952287e+02
4.706932946045647554e+02
4.684954148804343390e+02
4.662975351563039794e+02
4.640996554321734493e+02
4.620174535882604232e+02
4.598195738641298931e+02
4.577373720202169238e+02
4.555394922960865642e+02
4.534572904521733676e+02
4.513750886082604552e+02
4.492928867643474291e+02
4.472106849204344030e+02
4.451284830765212064e+02
4.433744636631508911e+02
4.414064830150377361e+02
4.393227387993883895e+02
4.372389945837391565e+02
4.352710139356259447e+02
4.333030332875127897e+02
4.312192890718634999e+02
4.292513084237503449e+02
4.272833277756370194e+02
4.253153471275238644e+02
4.233473664794107663e+02
4.213793858312974976e+02
4.195271687507203069e+02
4.175591881026072656e+02
4.157069710220300180e+02
4.137389903739168062e+02
4.118867732933397292e+02
4.099187926452265174e+02
4.080665755646493267e+02
4.062143584840721360e+02
4.046614472076428228e+02
4.028078591299667437e+02
4.009542710522907214e+02
3.991006829746146991e+02
3.972470948969387337e+02
3.955093560741174770e+02
3.936557679964415115e+02
3.919180291736202548e+02
3.900644410959442325e+02
3.883267022731229758e+02
3.865889634503016623e+02
3.848512246274803488e+02
3.829976365498045539e+02
3.815418946927575803e+02
3.798028705601561796e+02
3.780638464275546653e+02
3.764407572371266610e+02
3.747017331045252035e+02
3.729627089719237460e+02
3.713396197814957418e+02
3.696005956488942843e+02
3.679775064584663937e+02
3.662384823258648794e+02
3.648848797526840144e+02
3.632605909397944401e+02
3.616363021269050364e+02
3.598959926845233213e+02
3.582717038716338607e+02
3.567634356882364273e+02
3.551391468753467962e+02
3.535148580624573924e+02
3.521504588871229089e+02
3.505249704517717646e+02
3.490155883332315057e+02
3.473900998978805319e+02
3.458807177793402161e+02
3.442552293439892992e+02
3.427458472254490403e+02
3.414883001365078030e+02
3.399778040828248322e+02
3.383511160250122884e+02
3.368406199713291471e+02
3.353301239176460626e+02
3.338196278639630350e+02
3.325541975417035019e+02
3.311588652443256819e+02
3.296472552554996014e+02
3.281356452666737482e+02
3.266240352778478382e+02
3.254683704108167603e+02
3.239556464868479111e+02
3.225592859416460669e+02
3.210465620176773314e+02
3.196502014724753735e+02
3.184881957438620361e+02
3.170908069508358835e+02
3.156934181578097878e+02
3.141795802986982835e+02
3.130123476436455121e+02
3.116139306027952216e+02
3.102155135619449879e+02
3.089336312744989073e+02
3.075352142336486736e+02
3.063618977789695350e+02
3.049624524902952203e+02
3.036796276423436893e+02
3.022801823536692609e+02
3.012185164752297055e+02
2.998180429387311392e+02
2.985342755302742148e+02
2.971338019937755348e+02
2.960672519381711822e+02
2.947825419692087507e+02
2.934978320002462624e+02
2.922131220312837740e+02
2.908116202469610698e+02
2.897393291410052143e+02
2.884536766115371620e+02
2.872849015847481269e+02
2.859992490552801883e+02
2.847135965258123633e+02
2.834279439963443110e+02
2.821422914668763724e+02
2.809735164400873373e+02
2.796878639106193418e+02
2.785190888838303067e+02
2.770301860344544593e+02
2.758622678808521869e+02
2.745775579118897554e+02
2.734096397582874829e+02
2.719252783368016821e+02
2.707582170563861723e+02
2.693932180698209891e+02
2.682270136625923556e+02
2.668645852955874602e+02
2.655038706749562607e+02
2.641448698006985865e+02
2.629812360130303546e+02
2.616248057583330819e+02
2.602700892500093914e+02
2.589170864880593399e+02
2.575657974724828705e+02
2.562162222032799264e+02
2.549842099353053868e+02
2.536379764715309477e+02
2.524091346343475664e+02
2.510662429760016892e+02
2.498405715696093807e+02
2.485010217166920086e+02
2.472785207410909152e+02
2.459423126936020481e+02
2.447229821487919992e+02
2.435051939757182993e+02
2.422889481743807494e+02
2.409593380504302047e+02
2.397462626798838699e+02
2.385347296810736850e+02
2.373247390539997923e+02
2.361162907986621065e+02
2.349093849150606559e+02
2.337040214031954406e+02
2.325002002630664606e+02
2.314121426904734733e+02
2.302113206064983331e+02
2.290120408942593997e+02
2.278143035537566448e+02
2.267319870315152173e+02
2.255372487471662453e+02
2.244577599064413675e+02
2.232660206782461785e+02
2.221893595190376516e+02
2.210006193469962739e+02
2.199267858693041546e+02
2.188543233887109807e+02
2.176700389572408483e+02
2.166004041581640536e+02
2.155321403561861473e+02
2.144652475513070442e+02
2.133997257435268580e+02
2.123355749328455033e+02
2.112727951192630655e+02
2.102113863027795162e+02
2.091513484833947984e+02
2.080926816611089976e+02
2.070353858359219998e+02
2.059794610078339190e+02
2.050370718769962366e+02
2.039838033557872450e+02
2.029319058316770850e+02
2.019932869428612889e+02
2.009440457256302750e+02
1.998545314686197685e+02
1.988086320568172027e+02
1.978755828437155913e+02
1.968323397387920863e+02
1.959017754579321604e+02
1.949724107995338045e+02
1.939331093112695612e+02
1.928573050252477969e+02
1.919322247327834248e+02
1.910083440627804805e+02
1.900856630152391062e+02
1.891641815901592452e+02
1.882438997875409257e+02
1.871794919149035081e+02
1.862622091684390000e+02
1.853461260444358913e+02
1.844312425428943243e+02
1.834845690461227150e+02
1.825725989134162432e+02
1.816618284031712847e+02
1.806110448142040354e+02
1.798127817533853658e+02
1.789061242344370157e+02
1.779704187144563150e+02
1.773149107265578550e+02
1.765501514073428098e+02
1.758946434194442645e+02
1.752391354315456908e+02
1.745836274436471740e+02
1.739281194557486572e+02
1.732726114678500835e+02
1.726171034799515382e+02
1.719615954920529930e+02
1.713060875041544193e+02
1.706505795162558741e+02
1.699950715283573288e+02
1.693395635404587836e+02
1.686840555525602667e+02
1.681377988959780794e+02
1.674822909080795057e+02
1.668267829201809604e+02
1.661712749322824720e+02
1.655157669443838699e+02
1.648602589564853815e+02
1.642047509685867794e+02
1.636584943120047058e+02
1.630029863241061321e+02
1.623474783362076153e+02
1.616919703483090132e+02
1.611457136917268826e+02
1.604902057038283374e+02
1.598346977159297921e+02
1.592884410593476900e+02
1.586329330714491164e+02
1.579774250835505711e+02
1.574311684269684690e+02
1.567756604390698953e+02
1.561201524511713785e+02
1.555738957945892196e+02
1.549183878066907027e+02
1.543721311501085438e+02
1.537166231622099701e+02
1.530611151743114533e+02
1.525148585177292944e+02
1.518593505298307775e+02
1.513130938732486754e+02
1.506575858853501018e+02
1.501113292287679997e+02
1.494558212408694544e+02
1.489095645842873239e+02
1.483633079277051650e+02
1.477077999398066197e+02
1.471615432832244892e+02
1.465060352953259439e+02
1.459597786387437850e+02
1.454135219821616829e+02
1.447580139942631376e+02
1.442117573376810071e+02
1.436655006810988766e+02
1.430099926932003314e+02
1.424637360366182008e+02
1.419174793800360703e+02
1.413712227234539398e+02
1.407157147355554514e+02
1.401694580789732925e+02
1.396232014223911619e+02
1.390769447658090314e+02
1.384214367779105146e+02
1.378751801213283841e+02
1.373289234647462536e+02
1.367826668081641230e+02
1.362364101515820209e+02
1.356901534949998904e+02
1.351438968384177599e+02
1.344883888505191862e+02
1.339421321939370557e+02
1.333958755373549536e+02
1.328496188807728231e+02
1.323033622241906926e+02
1.317571055676085621e+02
1.312108489110264316e+02
1.306645922544443010e+02
1.301183355978621705e+02
1.295720789412800684e+02
1.290258222846979379e+02
1.284795656281158074e+02
1.279333089715336769e+02
1.273870523149515606e+02
1.268407956583694443e+02
1.264037903331037285e+02
1.258575336765215980e+02
1.253112770199394816e+02
1.247650203633573511e+02
1.242187637067752490e+02
1.236725070501931185e+02
1.231262503936109880e+02
1.226892450683452864e+02
1.221429884117631559e+02
1.215967317551810396e+02
1.210504750985989091e+02
1.205042184420167928e+02
1.200672131167510912e+02
1.195209564601689607e+02
1.189746998035868302e+02
1.185376944783211570e+02
1.179914378217390265e+02
1.174451811651568818e+02
1.168989245085747655e+02
1.164619191833090639e+02
1.159156625267269334e+02
1.154786572014612460e+02
1.149324005448791155e+02
1.143861438882969850e+02
1.139491385630312976e+02
1.134028819064491671e+02
1.129658765811834797e+02
1.124196199246013492e+02
1.118733632680192187e+02
1.114363579427535171e+02
1.108901012861714008e+02
1.104530959609056850e+02
1.099068393043235687e+02
1.094698339790578672e+02
1.089672778550023082e+02
1.084756468640783993e+02
1.079949410062861119e+02
1.075033100153622314e+02
1.070226041575699441e+02
1.065418982997776709e+02
1.060611924419854120e+02
1.055804865841931388e+02
1.050997807264008514e+02
1.046190748686085783e+02
1.041492941439479409e+02
1.036685882861556962e+02
1.031988075614950731e+02
1.027290268368344357e+02
1.022592461121737983e+02
1.017894653875131752e+02
1.013196846628525805e+02
1.008499039381919289e+02
1.003910483466629415e+02
9.992126762200231838e+01
9.946241203047333101e+01
9.900355643894434365e+01
9.853377571428373471e+01
9.807492012275471893e+01
9.762698966435738157e+01
9.716813407282843684e+01
9.670927848129942106e+01
9.626134802290206949e+01
9.580249243137311055e+01
9.535456197297577319e+01
9.490663151457842162e+01
9.444777592304943425e+01
9.399984546465209689e+01
9.356284013938638111e+01
9.311490968098905796e+01
9.266697922259172060e+01
9.222997389732600482e+01
9.178204343892865325e+01
9.134503811366295167e+01
9.090803278839725010e+01
9.047102746313154853e+01
9.003402213786584696e+01
8.959701681260015960e+01
8.916001148733445802e+01
8.872300616206875645e+01
8.829692596993471909e+01
8.787084577780063910e+01
8.743384045253495174e+01
8.700776026040087174e+01
8.658168006826682017e+01
8.615559987613276860e+01
8.572951968399871703e+01
8.530343949186463703e+01
8.488828443286223546e+01
8.446220424072816968e+01
8.404704918172576811e+01
8.363189412272335233e+01
8.320581393058931496e+01
8.279065887158687076e+01
8.237550381258445498e+01
8.196034875358203919e+01
8.155611882771125920e+01
8.114096376870884342e+01
8.072580870970644185e+01
8.032157878383566185e+01
7.990642372483326028e+01
7.950219379896246608e+01
7.909796387309172871e+01
7.869373394722094872e+01
7.828950402135015452e+01
7.788527409547940294e+01
7.749196930274025874e+01
7.708773937686947875e+01
7.669443458413034875e+01
7.629020465825958297e+01
7.589689986552046719e+01
7.550359507278133719e+01
7.511029028004220720e+01
7.471698548730306300e+01
7.432368069456391879e+01
7.393037590182478880e+01
7.354799624221730880e+01
7.315469144947820723e+01
7.277231178987069882e+01
7.237900699713156882e+01
7.199662733752408883e+01
7.161424767791659463e+01
7.123186801830910042e+01
7.084948835870162043e+01
7.047803383222577622e+01
7.009565417261829623e+01
6.971327451301080202e+01
6.934181998653495782e+01
6.895944032692746362e+01
6.858798580045161941e+01
6.821653127397577521e+01
6.784507674749994521e+01
6.747362222102410101e+01
6.710216769454824259e+01
6.673071316807239839e+01
6.635925864159655418e+01
6.599872924825233156e+01
6.562727472177651578e+01
6.526674532843230736e+01
6.490621593508808473e+01
6.454568654174390474e+01
6.418515714839969633e+01
6.382462775505549502e+01
6.346409836171128660e+01
6.310356896836707818e+01
6.274303957502289109e+01
6.239343531481032556e+01
6.203290592146611715e+01
6.168330166125356584e+01
6.133369740104100742e+01
6.097316800769679901e+01
6.062356374748423349e+01
6.027395948727167507e+01
5.992435522705912376e+01
5.958567609997820114e+01
5.923607183976564272e+01
5.888646757955308431e+01
5.854778845247216168e+01
5.820910932539126037e+01
5.785950506517868774e+01
5.752082593809777222e+01
5.718214681101684960e+01
5.684346768393592697e+01
5.650478855685501856e+01
5.616610942977409593e+01
5.583835543582481620e+01
5.549967630874390778e+01
5.516099718166299937e+01
5.483324318771371253e+01
5.450548919376443280e+01
5.416681006668351728e+01
5.383905607273424465e+01
5.351130207878497203e+01
5.318354808483569229e+01
5.285579409088641967e+01
5.253896523006879704e+01
5.221121123611951731e+01
5.189438237530188047e+01
5.156662838135259364e+01
5.124979952053498522e+01
5.092204552658569838e+01
5.060521666576806865e+01
5.028838780495043892e+01
4.997155894413280208e+01
4.965473008331517235e+01
4.934882635562917130e+01
4.903199749481154868e+01
4.871516863399389763e+01
4.840926490630792500e+01
4.809243604549028106e+01
4.778653231780430843e+01
4.748062859011830739e+01
4.716379972930067765e+01
4.685789600161468371e+01
4.655199227392869687e+01
4.625701367937436004e+01
4.595110995168835899e+01
4.564520622400237215e+01
4.533930249631637821e+01
4.504432390176203427e+01
4.474934530720769743e+01
4.444344157952169638e+01
4.414846298496735955e+01
4.385348439041300139e+01
4.355850579585865745e+01
4.326352720130430640e+01
4.296854860674995535e+01
4.267357001219560431e+01
4.238951655077291036e+01
4.209453795621856642e+01
4.181048449479585116e+01
4.151550590024151433e+01
4.123145243881879907e+01
4.094739897739609091e+01
4.066334551597339697e+01
4.036836692141904592e+01
4.008431345999633777e+01
3.981118513170527251e+01
3.952713167028256436e+01
3.924307820885987041e+01
3.896994988056880516e+01
3.868589641914609700e+01
3.841276809085503174e+01
3.812871462943232359e+01
3.785558630114126544e+01
3.758245797285020018e+01
3.730932964455913492e+01
3.703620131626806966e+01
3.676307298797701151e+01
3.648994465968594625e+01
3.621681633139489520e+01
3.595461313623547284e+01
3.568148480794441468e+01
3.541928161278498521e+01
3.515707841762556995e+01
3.488395008933450470e+01
3.462174689417508944e+01
3.435954369901566707e+01
3.409734050385624471e+01
3.383513730869682234e+01
3.357293411353740709e+01
3.332165605150963472e+01
3.305945285635021236e+01
3.279724966119079710e+01
3.254597159916301763e+01
3.228376840400359526e+01
3.203249034197581580e+01
3.178121227994802922e+01
3.152993421792025686e+01
3.127865615589248449e+01
3.102737809386470147e+01
3.077610003183692555e+01
3.052482196980915319e+01
3.027354390778136661e+01
3.003319097888524070e+01
2.978191291685745767e+01
2.954155998796133176e+01
2.930120705906519163e+01
2.904992899703741216e+01
2.880957606814127558e+01
2.856922313924514256e+01
2.832887021034900599e+01
2.808851728145287296e+01
2.784816435255673284e+01
2.761873655679223916e+01
2.737838362789610969e+01
2.713803069899997311e+01
2.690860290323547943e+01
2.666824997433934641e+01
2.643882217857485273e+01
2.620939438281036260e+01
2.597996658704586892e+01
2.575053879128137524e+01
2.552111099551687801e+01
2.529168319975239498e+01
2.506225540398789420e+01
2.483282760822340407e+01
2.461432494559055684e+01
2.438489714982606316e+01
2.416639448719321948e+01
2.393696669142871869e+01
2.371846402879587146e+01
2.349996136616302422e+01
2.327053357039853054e+01
2.305203090776567976e+01
2.283352824513282542e+01
2.262595071563162108e+01
2.240744805299877385e+01
2.218894539036592306e+01
2.197044272773306872e+01
2.176286519823186438e+01
2.154436253559901360e+01
2.133678500609780215e+01
2.112920747659659781e+01
2.092162994709539348e+01
2.071405241759418558e+01
2.050647488809297769e+01
2.029889735859176270e+01
2.009131982909056191e+01
1.988374229958935402e+01
1.967616477008814613e+01
1.947951237371858113e+01
1.927193484421736969e+01
1.907528244784780824e+01
1.886770491834660035e+01
1.867105252197703535e+01
1.847440012560747036e+01
1.827774772923790181e+01
1.808109533286833681e+01
1.788444293649877181e+01
1.768779054012921392e+01
1.749113814375964893e+01
1.729448574739007682e+01
1.710875848415215827e+01
1.691210608778259328e+01
1.672637882454467118e+01
1.654065156130674907e+01
1.634399916493718408e+01
1.615827190169925487e+01
1.597254463846133987e+01
1.578681737522341422e+01
1.560109011198548856e+01
1.541536284874756824e+01
1.524056071864129080e+01
1.505483345540336693e+01
1.486910619216544305e+01
1.469430406205916562e+01
1.450857679882124174e+01
1.433377466871495898e+01
1.415897253860867977e+01
1.398417040850240234e+01
1.379844314526448024e+01
1.362364101515820103e+01
1.345976401818356116e+01
1.328496188807728373e+01
1.311015975797100275e+01
1.293535762786472176e+01
1.277148063089008545e+01
1.259667850078380802e+01
1.243280150380916638e+01
1.226892450683452651e+01
1.209412237672824908e+01
1.193024537975361099e+01
1.176636838277897468e+01
1.160249138580433481e+01
1.143861438882969850e+01
1.127473739185506041e+01
1.112178552801206699e+01
1.095790853103743068e+01
1.079949410062861226e+01
1.064107967021979739e+01
1.048375775312414504e+01
1.032752834934165520e+01
1.017239145887233320e+01
1.001834708171617194e+01
9.864302704560016011e+00
9.712443354030185105e+00
9.560584003500352424e+00
9.409817166283689360e+00
9.260142842380183481e+00
9.111561031789847220e+00
8.964071734512673473e+00
8.817674950548662238e+00
8.671278166584651004e+00
8.527066409246971901e+00
8.383947165222455311e+00
8.240827921197940498e+00
8.098801190486586421e+00
7.957866973088397522e+00
7.816932755690210399e+00
7.678183564918350079e+00
7.540526887459655825e+00
7.402870210000958906e+00
7.266306045855428053e+00
7.131926908336224891e+00
6.997547770817022617e+00
6.864261146610983744e+00
6.732067035718109160e+00
6.600965438138398866e+00
6.469863840558690349e+00
6.340947269605309522e+00
6.212030698651925142e+00
6.085299154324873783e+00
5.959660123310985824e+00
5.834021092297096089e+00
5.709474574596371532e+00
5.586020570208812153e+00
5.463659079134414398e+00
5.342390101373183597e+00
5.222213636925115310e+00
5.103129685790211312e+00
4.984045734655309090e+00
4.867146810146734559e+00
4.751340398951323429e+00
4.635533987755914076e+00
4.521912603186831525e+00
4.408291218617749863e+00
4.296854860674995891e+00
4.185418502732243695e+00
4.076167171415817414e+00
3.966915840099392021e+00
3.858757022096131806e+00
3.751690717406035436e+00
3.646809439342266312e+00
3.541928161278498965e+00
3.438139396527895464e+00
3.336535658403619653e+00
3.234931920279345174e+00
3.134420695468234097e+00
3.036094497283450711e+00
2.937768299098669100e+00
2.841627127540214737e+00
2.745485955981760373e+00
2.651529811049635477e+00
2.557573666117509692e+00
2.465802547811711598e+00
2.376216456132243415e+00
2.286630364452775233e+00
2.198136786086471339e+00
2.111828234346495581e+00
2.026612195919684112e+00
1.942488670806037154e+00
1.859457659005553820e+00
1.778611673831399509e+00
1.698858201970408821e+00
1.621289756735747378e+00
1.544813824814249559e+00
1.470522919519080984e+00
1.397324527537075811e+00
1.325218648868235594e+00
1.256390310138887578e+00
1.187561971409539785e+00
1.122011172619684638e+00
1.057552887142994003e+00
9.948426229673659194e-01
9.338803800928010546e-01
8.746661585192987420e-01
8.170907069155427527e-01
