2.107465202338309246e+04
2.109039112123476298e+04
2.110613021908642986e+04
2.109210621229633398e+04
2.109210621229633398e+04
2.107808220550625265e+04
2.107808220550625265e+04
2.106405819871615677e+04
2.106405819871615677e+04
2.105003419192607180e+04
2.105003419192607180e+04
2.103601018513597592e+04
2.102198617834588367e+04
2.100796217155579507e+04
2.099393816476570646e+04
2.097991415797561785e+04
2.096589015118552561e+04
2.095186614439542973e+04
2.093784213760534112e+04
2.092381813081524888e+04
2.090979412402515663e+04
2.088174611044497942e+04
2.086772210365488718e+04
2.085369809686479857e+04
2.082565008328461408e+04
2.081162607649452912e+04
2.078357806291434827e+04
2.075553004933416014e+04
2.074150604254407153e+04
2.071345802896389432e+04
2.068541001538370983e+04
2.067138600859362487e+04
2.064333799501343674e+04
2.061528998143325953e+04
2.058724196785307504e+04
2.055919395427289055e+04
2.053114594069270970e+04
2.050309792711253249e+04
2.047504991353235164e+04
2.043297789316208218e+04
2.040492987958189769e+04
2.037688186600171684e+04
2.034883385242153963e+04
2.030676183205126290e+04
2.027871381847108205e+04
2.023664179810080896e+04
2.020859378452062811e+04
2.016652176415035501e+04
2.013847375057017780e+04
2.009640173019990107e+04
2.005432970982963161e+04
2.002628169624944712e+04
1.998420967587917767e+04
1.994213765550890457e+04
1.990006563513862784e+04
1.987201762155845063e+04
1.981515816971824097e+04
1.977311752296494888e+04
1.973107687621166042e+04
1.968903622945836469e+04
1.964699558270507623e+04
1.960495493595178050e+04
1.956291428919849204e+04
1.952087364244519631e+04
1.946481944677414504e+04
1.942277880002085294e+04
1.938073815326755721e+04
1.933869750651426148e+04
1.928264331084321020e+04
1.924060266408991811e+04
1.919856201733663329e+04
1.914250782166557474e+04
1.910046717491227901e+04
1.905842652815898691e+04
1.900237233248793200e+04
1.896033168573463990e+04
1.890427749006358135e+04
1.886223684331029290e+04
1.880618264763923798e+04
1.873613581879506455e+04
1.869412654565875346e+04
1.863811418147700897e+04
1.859610490834069788e+04
1.854009254415894975e+04
1.848408017997719799e+04
1.842806781579544622e+04
1.838605854265913513e+04
1.833004617847738700e+04
1.827403381429563888e+04
1.821802145011389075e+04
1.817601217697758329e+04
1.811999981279582789e+04
1.806398744861407977e+04
1.800797508443233164e+04
1.795196272025057988e+04
1.789595035606883539e+04
1.782661466254288462e+04
1.778463676302355088e+04
1.772866623033110591e+04
1.767269569763866457e+04
1.761672516494621959e+04
1.756075463225378553e+04
1.750478409956134055e+04
1.744881356686889558e+04
1.739284303417645424e+04
1.733687250148401290e+04
1.728090196879157156e+04
1.722493143609913022e+04
1.716896090340668161e+04
1.711299037071424027e+04
1.704427169165556552e+04
1.698834299045243461e+04
1.691843211394851460e+04
1.686250341274537641e+04
1.680657471154223822e+04
1.675064601033910731e+04
1.669471730913596912e+04
1.663878860793283457e+04
1.658285990672970001e+04
1.652693120552656183e+04
1.647100250432342727e+04
1.641507380312029272e+04
1.634690939129493017e+04
1.627705080415264092e+04
1.622116393443880952e+04
1.616527706472498176e+04
1.610939019501115763e+04
1.605350332529732623e+04
1.599761645558349664e+04
1.594172958586966888e+04
1.588584271615584112e+04
1.581598412901355186e+04
1.576009725929972410e+04
1.569245574109070185e+04
1.563661070286617542e+04
1.558076566464165444e+04
1.552492062641713346e+04
1.546907558819260885e+04
1.541323054996808969e+04
1.534342425218743665e+04
1.528757921396291204e+04
1.523173417573839288e+04
1.517588913751386826e+04
1.512004409928934547e+04
1.505291501682432317e+04
1.499711181008911080e+04
1.494130860335389480e+04
1.488550539661868243e+04
1.482970218988346460e+04
1.475994818146444231e+04
1.470414497472923176e+04
1.464834176799401575e+04
1.459253856125880156e+04
1.453673535452358374e+04
1.447007687631326553e+04
1.441431550106735631e+04
1.435855412582145073e+04
1.430279275057553969e+04
1.424703137532963228e+04
1.419127000008372124e+04
1.413550862483781566e+04
1.407974724959190462e+04
1.402398587434599904e+04
1.396822449910008800e+04
1.391385715823533064e+04
1.384769961210945985e+04
1.379337305694676979e+04
1.373765351319017100e+04
1.368332695802748640e+04
1.362760741427088033e+04
1.357328085910819755e+04
1.351895430394550749e+04
1.346462774878281925e+04
1.341030119362013465e+04
1.334594763047062042e+04
1.329166186101000494e+04
1.323876803435607144e+04
1.318448226489545777e+04
1.313158843824153337e+04
1.307730266878091788e+04
1.302440884212699166e+04
1.297151501547305634e+04
1.291862118881912647e+04
1.285606115077363938e+04
1.280320706403455188e+04
1.275035297729546073e+04
1.269888978757582299e+04
1.264603570083673367e+04
1.259457251111709229e+04
1.254310932139745637e+04
1.249025523465836523e+04
1.242943956971696934e+04
1.237801507412493447e+04
1.232659057853290869e+04
1.227655593417309501e+04
1.222513143858106378e+04
1.217370694298903254e+04
1.212367229862922068e+04
1.207363765426940699e+04
1.202221315867737576e+04
1.196317010309535181e+04
1.191317310707591605e+04
1.186317611105647848e+04
1.181456792048202442e+04
1.176457092446258866e+04
1.171596273388813461e+04
1.166596573786869703e+04
1.161735754729424480e+04
1.156874935671979074e+04
1.151146636105035032e+04
1.146289477302904015e+04
1.141432318500772999e+04
1.136575159698642346e+04
1.131856776862286461e+04
1.126999618060155444e+04
1.122281235223799740e+04
1.117424076421668724e+04
1.111867181382158742e+04
1.107152354222394024e+04
1.102437527062629488e+04
1.097861371289916860e+04
1.093146544130151960e+04
1.088431716970387242e+04
1.083855561197674433e+04
1.079279405424961624e+04
1.074564578265196906e+04
1.069181493063756898e+04
1.064608788388911853e+04
1.060174650522395314e+04
1.055601945847550451e+04
1.051029241172705770e+04
1.046595103306189230e+04
1.042022398631344004e+04
1.037588260764827828e+04
1.033154122898311471e+04
1.027943592590261687e+04
1.023512801242889873e+04
1.019082009895518058e+04
1.014651218548146426e+04
1.010358889430379895e+04
1.005928098083007899e+04
1.001635768965241368e+04
9.973434398474750196e+03
9.923010721264387030e+03
9.880119849490933120e+03
9.837228977717479211e+03
9.794338105944027120e+03
9.751447234170576849e+03
9.709939938905945382e+03
9.667049067132493292e+03
9.625541771867863645e+03
9.584034476603233998e+03
9.533931856073295421e+03
9.492455934425644955e+03
9.452362543499582898e+03
9.410886621851932432e+03
9.369410700204281966e+03
9.329317309278218090e+03
9.287841387630569443e+03
9.247747996704505567e+03
9.199308177874512694e+03
9.159245114778197603e+03
9.119182051681884332e+03
9.079118988585569241e+03
9.040437410423610345e+03
9.000374347327295254e+03
8.960311284230980164e+03
8.921629706069019448e+03
8.881566642972707996e+03
8.836190980734434561e+03
8.797538684614988597e+03
8.758886388495542633e+03
8.720234092376098488e+03
8.681581796256654343e+03
8.642929500137210198e+03
8.605657643164890032e+03
8.567005347045442250e+03
8.529733490073122084e+03
8.484648556685531730e+03
8.447404935968490463e+03
8.410161315251454653e+03
8.372917694534413386e+03
8.335674073817375756e+03
8.298430453100334489e+03
8.261186832383295041e+03
8.225322605026147357e+03
8.188078984309107909e+03
8.146034154406882408e+03
8.108818769945125496e+03
8.072981733056026314e+03
8.037144696166927133e+03
8.001307659277826133e+03
7.965470622388727861e+03
7.929633585499628680e+03
7.893796548610527680e+03
7.859337859294087139e+03
7.817564934072358483e+03
7.783132389436733320e+03
7.747322543015682641e+03
7.712889998380057477e+03
7.678457453744431405e+03
7.644024909108808060e+03
7.609592364473182897e+03
7.575159819837555915e+03
7.540727275201930752e+03
7.500595190148259462e+03
7.467565046191642978e+03
7.433158646236834102e+03
7.400128502280218527e+03
7.365722102325410560e+03
7.332691958368793166e+03
7.299661814412177591e+03
7.266631670455560197e+03
7.233601526498944622e+03
7.200571382542329047e+03
7.162094778677973409e+03
7.129089733614940997e+03
7.097459898762868761e+03
7.064454853699836349e+03
7.032825018847764113e+03
6.999819973784732611e+03
6.968190138932660375e+03
6.936560304080587230e+03
6.904930469228513175e+03
6.871925424165483491e+03
6.836468008041842040e+03
6.804862226296120753e+03
6.773256444550399465e+03
6.741650662804679996e+03
6.711419045482684851e+03
6.679813263736964473e+03
6.649581646414970237e+03
6.617975864669248040e+03
6.587744247347255623e+03
6.557512630025260478e+03
6.527281012703266242e+03
6.492104913345212481e+03
6.461896303342336978e+03
6.431687693339461475e+03
6.401479083336585973e+03
6.371270473333712289e+03
6.342434981967329804e+03
6.312226371964455211e+03
6.283390880598073636e+03
6.253182270595198133e+03
6.224346779228816558e+03
6.190792695868633928e+03
6.161979166034139780e+03
6.133165636199643814e+03
6.104352106365149666e+03
6.075538576530655519e+03
6.046725046696161371e+03
6.017911516861664495e+03
5.990470059876432970e+03
5.961656530041936094e+03
5.934215073056701840e+03
5.905401543222208602e+03
5.873479933732220161e+03
5.846059392491642029e+03
5.817267824189032581e+03
5.789847282948452630e+03
5.762426741707872679e+03
5.735006200467293638e+03
5.707585659226712778e+03
5.681536145048163235e+03
5.654115603807582374e+03
5.626695062567002424e+03
5.600645548388451971e+03
5.573225007147871111e+03
5.542944237825940945e+03
5.515544612330015298e+03
5.489514968108885114e+03
5.463485323887754930e+03
5.437455679666623837e+03
5.411426035445493653e+03
5.385396391224364379e+03
5.359366747003234195e+03
5.333337102782102193e+03
5.307307458560972918e+03
5.282647795614639108e+03
5.252605465781757630e+03
5.226595691518049534e+03
5.201954852741903778e+03
5.175945078478193864e+03
5.151304239702047198e+03
5.126663400925901442e+03
5.102022562149755686e+03
5.077381723373609930e+03
5.052740884597464174e+03
5.028100045821317508e+03
5.003459207045172661e+03
4.978818368269026905e+03
4.950392825497850936e+03
4.925770810891894143e+03
4.902516685986267476e+03
4.877894671380308864e+03
4.854640546474682196e+03
4.830018531868724494e+03
4.806764406963097827e+03
4.783510282057471159e+03
4.758888267451513457e+03
4.735634142545886789e+03
4.712380017640258302e+03
4.689125892734631634e+03
4.665871767829005876e+03
4.639068241055700128e+03
4.617198738446127209e+03
4.593962391923456380e+03
4.570726045400784642e+03
4.548856542791210813e+03
4.525620196268539985e+03
4.503750693658967975e+03
4.480514347136295328e+03
4.458644844526722409e+03
4.436775341917149490e+03
4.413538995394476842e+03
4.391669492784904833e+03
4.369799990175331914e+03
4.344603838378638102e+03
4.322751068364788807e+03
4.300898298350937694e+03
4.280411326462953184e+03
4.258558556449102070e+03
4.236705786435251866e+03
4.216218814547267357e+03
4.194366044533417153e+03
4.173879072645432643e+03
4.152026302631581530e+03
4.131539330743597020e+03
4.111052358855611601e+03
4.089199588841761397e+03
4.068712616953776887e+03
4.045125931708161716e+03
4.024654646628665887e+03
4.004183361549171423e+03
3.983712076469676504e+03
3.963240791390181585e+03
3.942769506310686666e+03
3.923662973569825226e+03
3.903191688490330307e+03
3.882720403410836298e+03
3.863613870669974403e+03
3.843142585590479939e+03
3.824036052849617590e+03
3.804929520108756151e+03
3.784458235029261232e+03
3.762466375313466415e+03
3.743374483593861441e+03
3.724282591874257378e+03
3.705190700154653314e+03
3.686098808435049250e+03
3.667006916715443822e+03
3.647915024995839758e+03
3.628823133276235694e+03
3.609731241556631630e+03
3.592003056388427012e+03
3.572911164668822494e+03
3.553819272949217520e+03
3.536091087781014267e+03
3.518362902612810103e+03
3.499271010893205585e+03
3.478872930919997088e+03
3.459795680221649945e+03
3.442081090287470488e+03
3.424366500353291940e+03
3.406651910419112028e+03
3.388937320484932570e+03
3.371222730550753568e+03
3.353508140616574565e+03
3.335793550682394198e+03
3.318078960748215195e+03
3.301727031578203878e+03
3.284012441644023966e+03
3.266297851709844963e+03
3.249945922539833191e+03
3.232231332605654188e+03
3.215879403435641962e+03
3.195710350866388580e+03
3.179370971143168845e+03
3.163031591419949109e+03
3.145330596719794812e+03
3.128991216996575076e+03
3.112651837273355341e+03
3.096312457550135605e+03
3.079973077826915414e+03
3.063633698103695679e+03
3.047294318380475943e+03
3.030954938657256207e+03
3.014615558934036471e+03
2.998276179210817190e+03
2.983298414464532016e+03
2.966959034741312735e+03
2.951981269995028015e+03
2.933387172998174719e+03
2.918420911911448911e+03
2.902094081635021212e+03
2.887127820548295858e+03
2.870800990271867704e+03
2.855834729185142351e+03
2.840868468098416997e+03
2.825902207011691644e+03
2.810935945924966290e+03
2.794609115648539046e+03
2.779642854561814147e+03
2.764676593475087429e+03
2.751070901578065332e+03
2.736104640491339524e+03
2.721138379404614170e+03
2.706172118317888817e+03
2.689137290084943743e+03
2.675542056060247887e+03
2.660587298633081446e+03
2.646992064608385135e+03
2.632037307181219603e+03
2.618442073156522838e+03
2.603487315729356851e+03
2.589892081704660995e+03
2.576296847679963776e+03
2.561342090252797789e+03
2.547746856228101933e+03
2.534151622203405168e+03
2.520556388178708403e+03
2.506961154154012547e+03
2.493365920129316237e+03
2.479770686104619926e+03
2.466175452079923161e+03
2.452580218055226851e+03
2.437108841735122951e+03
2.424882543197989889e+03
2.411297767045620276e+03
2.397712990893250208e+03
2.384128214740880139e+03
2.371901916203747987e+03
2.358317140051378374e+03
2.346090841514245312e+03
2.332506065361876153e+03
2.320279766824743092e+03
2.308053468287610031e+03
2.294468692135240872e+03
2.282242393598108265e+03
2.270016095060975204e+03
2.257789796523842597e+03
2.245563497986709990e+03
2.233337199449576929e+03
2.219401038787031212e+03
2.207184152334992177e+03
2.194967265882953143e+03
2.182750379430914563e+03
2.170533492978875984e+03
2.158316606526836949e+03
2.146099720074798370e+03
2.135240265450764127e+03
2.123023378998725548e+03
2.110806492546686513e+03
2.099947037922651816e+03
2.087730151470613237e+03
2.076870696846578994e+03
2.064653810394540869e+03
2.053794355770506172e+03
2.041577469318466910e+03
2.030718014694432895e+03
2.019858560070398426e+03
2.007641673618359391e+03
1.996782218994325376e+03
1.985922764370290906e+03
1.973541689322723414e+03
1.962690600996550074e+03
1.951839512670377189e+03
1.940988424344204304e+03
1.930137336018031419e+03
1.919286247691858080e+03
1.908435159365685422e+03
1.897584071039511855e+03
1.886732982713338970e+03
1.877238280427937525e+03
1.866387192101764640e+03
1.855536103775591528e+03
1.846041401490189855e+03
1.835190313164017198e+03
1.824339224837844085e+03
1.814844522552442868e+03
1.805349820267041196e+03
1.794498731940868083e+03
1.785004029655466411e+03
1.774152941329293753e+03
1.764658239043892308e+03
1.753810288079417205e+03
1.742967566051105678e+03
1.733480184276332693e+03
1.723992802501559936e+03
1.714505420726787179e+03
1.705018038952014649e+03
1.695530657177241665e+03
1.686043275402469135e+03
1.676555893627696150e+03
1.667068511852923848e+03
1.657581130078150636e+03
1.648093748303378334e+03
1.638606366528605349e+03
1.629118984753832819e+03
1.620986943232598833e+03
1.611499561457826076e+03
1.602012179683053319e+03
1.593880138161819787e+03
1.584392756387047029e+03
1.574905374612274272e+03
1.566773333091040513e+03
1.557285951316267756e+03
1.547958574988093460e+03
1.538478513723948936e+03
1.530352746926111422e+03
1.522226980128273681e+03
1.512746918864129611e+03
1.504621152066291870e+03
1.496495385268454129e+03
1.488369618470616160e+03
1.478889557206472091e+03
1.470763790408634350e+03
1.462638023610796608e+03
1.454512256812958867e+03
1.446386490015120899e+03
1.438260723217283612e+03
1.430134956419445416e+03
1.422009189621607902e+03
1.413883422823770161e+03
1.405757656025932420e+03
1.397631889228094678e+03
1.389506122430256710e+03
1.382734650098725297e+03
1.374608883300887555e+03
1.366483116503049814e+03
1.358357349705211846e+03
1.351044159587158219e+03
1.342422689641035504e+03
1.334844497038222926e+03
1.327266304435410575e+03
1.319688111832598224e+03
1.312245244097693558e+03
1.304802376362788436e+03
1.297494833495790772e+03
1.290051965760886105e+03
1.282744422893888441e+03
1.275572204894798460e+03
1.268264662027801023e+03
1.261092444028710588e+03
1.253920226029620153e+03
1.246883332898437402e+03
1.239846439767254878e+03
1.232809546636071900e+03
1.225772653504888922e+03
1.218871085241613173e+03
1.211969516978337879e+03
1.205067948715062585e+03
1.198166380451787063e+03
1.191400137056418998e+03
1.184633893661050706e+03
1.178002975133589871e+03
1.170331602888347106e+03
1.163705808718326352e+03
1.157080014548305826e+03
1.150589440667469034e+03
1.144098866786632698e+03
1.137608292905795906e+03
1.131117719024959342e+03
1.124627145144122778e+03
1.118271791552470404e+03
1.111916437960817802e+03
1.105696304658349163e+03
1.099340951066696789e+03
1.093120817764228605e+03
1.086900684461759965e+03
1.080815771448475971e+03
1.074595638146007332e+03
1.068510725132723110e+03
1.062425812119438888e+03
1.056476119395338628e+03
1.050526426671238369e+03
1.044441513657953919e+03
1.038627041223037850e+03
1.032677348498937818e+03
1.026862876064021521e+03
1.021048403629105678e+03
1.015233931194189267e+03
1.008638778590085849e+03
1.002963918750730841e+03
9.972890589113762871e+02
9.916141990720215063e+02
9.859393392326666117e+02
9.803995951037727536e+02
9.748598509748785546e+02
9.693201068459845828e+02
9.637803627170906111e+02
9.583757342986575622e+02
9.529711058802242860e+02
9.475664774617913508e+02
9.421618490433581883e+02
9.367572206249251394e+02
9.314877079169525587e+02
9.262181952089803190e+02
9.209486825010080793e+02
9.156791697930357259e+02
9.105447727955242954e+02
9.054103757980126375e+02
9.002759788005012069e+02
8.951415818029898901e+02
8.901423005159390414e+02
8.850079035184276108e+02
8.800086222313768758e+02
8.750093409443262544e+02
8.701451753677364422e+02
8.644762765156079922e+02
8.596158757730556772e+02
8.547554750305034759e+02
8.498950742879511608e+02
8.450346735453990732e+02
8.403092839345844141e+02
8.355838943237698686e+02
8.308585047129549821e+02
8.261331151021404366e+02
8.214077254913258912e+02
8.168173470122485469e+02
8.122269685331714300e+02
8.076365900540944267e+02
8.030462115750173098e+02
7.984558330959404202e+02
7.940004657486006181e+02
7.895450984012610434e+02
7.850897310539215823e+02
7.806343637065820076e+02
7.761789963592425465e+02
7.718586401436405140e+02
7.674032727963009393e+02
7.630829165806989067e+02
7.587625603650971016e+02
7.545772152812326112e+02
7.502568590656305787e+02
7.460715139817663157e+02
7.418861688979019391e+02
7.377008238140375624e+02
7.335154787301729584e+02
7.287651993832208746e+02
7.247180027927919355e+02
7.205358996493488348e+02
7.164887030589200094e+02
7.124415064684910703e+02
7.085292164310766339e+02
7.044820198406476948e+02
7.005697298032331446e+02
6.965225332128042055e+02
6.926102431753897690e+02
6.886979531379752189e+02
6.849205696535749439e+02
6.810082796161602801e+02
6.772308961317602325e+02
6.734535126473598439e+02
6.695412226099452937e+02
6.658987456785594077e+02
6.621213621941590191e+02
6.583439787097588578e+02
6.547015017783729718e+02
6.510590248469870858e+02
6.472816413625868108e+02
6.437740709842150864e+02
6.401315940528290866e+02
6.364891171214430869e+02
6.329815467430714762e+02
6.293390698116852491e+02
6.258314994333137520e+02
6.223239290549421412e+02
6.188163586765704167e+02
6.149666067156696272e+02
6.114617553841027302e+02
6.080917060268270689e+02
6.045868546952603992e+02
6.012168053379847379e+02
5.978467559807089629e+02
5.944767066234333015e+02
5.912414592404485347e+02
5.878714098831728734e+02
5.846361625001882203e+02
5.814009151172035672e+02
5.780308657599279059e+02
5.749304203512343747e+02
5.716951729682494943e+02
5.684599255852649549e+02
5.652246782022801881e+02
5.621242327935865433e+02
5.590237873848930121e+02
5.559233419761992536e+02
5.528228965675057225e+02
5.497224511588120777e+02
5.466220057501183192e+02
5.435215603414247880e+02
5.405559169070221515e+02
5.375902734726195149e+02
5.344898280639257564e+02
5.315241846295231198e+02
5.285585411951205970e+02
5.255928977607181878e+02
5.227620563006064458e+02
5.197964128662038092e+02
5.165645120023635855e+02
5.136011692998730496e+02
5.107725239929499139e+02
5.079438786860270056e+02
5.051152333791040405e+02
5.022865880721810754e+02
4.995926401608259084e+02
4.967639948539028296e+02
4.940700469425474921e+02
4.912414016356246407e+02
4.885474537242694737e+02
4.858535058129141930e+02
4.831595579015589692e+02
4.804656099902037454e+02
4.777716620788485784e+02
4.752124115630610390e+02
4.725184636517058152e+02
4.699592131359183895e+02
4.672652652245631089e+02
4.647060147087757400e+02
4.621467641929882575e+02
4.595875136772008318e+02
4.570282631614132924e+02
4.546037100411936649e+02
4.520444595254062392e+02
4.494852090096186430e+02
4.470606558893990155e+02
4.446361027691793311e+02
4.420768522533919054e+02
4.396522991331721073e+02
4.372277460129524229e+02
4.348031928927327954e+02
4.325133371680807386e+02
4.297548641844697954e+02
4.273321934812690870e+02
4.250441155949125687e+02
4.227560377085562209e+02
4.203333670053552851e+02
4.180452891189987668e+02
4.157572112326424190e+02
4.134691333462860712e+02
4.111810554599296097e+02
4.088929775735733188e+02
4.067394925040613316e+02
4.044514146177049838e+02
4.022979295481929967e+02
4.000098516618366489e+02
3.978563665923247186e+02
3.957028815228129019e+02
3.935493964533009148e+02
3.913959113837890982e+02
3.892424263142770542e+02
3.870889412447651807e+02
3.849354561752533641e+02
3.827819711057413770e+02
3.807630788530739210e+02
3.786095937835621044e+02
3.765907015308947052e+02
3.745718092782272493e+02
3.725529170255599070e+02
3.703994319560479198e+02
3.683805397033805207e+02
3.664962402675577096e+02
3.644773480148902536e+02
3.624584557622227976e+02
3.604395635095553416e+02
3.585552640737324168e+02
3.565363718210650745e+02
3.543765074494338592e+02
3.523591838776154646e+02
3.504763485439183341e+02
3.485935132102210900e+02
3.467106778765239028e+02
3.448278425428267724e+02
3.429450072091295851e+02
3.410621718754323979e+02
3.391793365417352106e+02
3.374309894461592307e+02
3.355481541124620435e+02
3.336653187787647994e+02
3.319169716831888763e+02
3.301686245876129533e+02
3.282857892539157660e+02
3.265374421583397861e+02
3.247890950627639199e+02
3.230407479671879400e+02
3.212924008716119602e+02
3.195440537760359803e+02
3.177957066804600004e+02
3.160473595848840205e+02
3.144335007274293048e+02
3.126851536318534386e+02
3.110712947743987229e+02
3.093229476788226862e+02
3.077090888213680273e+02
3.059607417257920474e+02
3.043468828683372749e+02
3.027330240108826160e+02
3.011191651534278435e+02
2.995053062959731847e+02
2.978914474385184690e+02
2.962775885810636396e+02
2.946637297236089239e+02
2.930498708661542651e+02
2.914360120086995494e+02
2.899566413893660410e+02
2.881185657492270025e+02
2.866403454958494308e+02
2.850277415830739187e+02
2.835495213296964039e+02
2.820713010763188322e+02
2.804586971635433201e+02
2.789804769101657484e+02
2.775022566567881199e+02
2.760240364034105482e+02
2.745458161500330334e+02
2.730675958966554617e+02
2.715893756432778900e+02
2.701111553899003752e+02
2.687673187959207439e+02
2.672890985425431722e+02
2.658108782891656006e+02
2.644670416951860261e+02
2.629888214418085113e+02
2.616449848478287663e+02
2.603011482538491919e+02
2.588229280004716202e+02
2.574790914064920457e+02
2.561352548125124713e+02
2.547914182185328400e+02
2.534475816245532371e+02
2.521037450305736343e+02
2.507599084365940314e+02
2.494160718426144285e+02
2.480722352486348257e+02
2.467283986546552512e+02
2.453845620606755915e+02
2.441751091260939859e+02
2.428312725321144114e+02
2.414874359381347801e+02
2.402779830035530892e+02
2.389341464095735148e+02
2.377246934749919092e+02
2.365152405404102467e+02
2.351714039464306722e+02
2.339619510118490098e+02
2.325713677285691290e+02
2.313628560024968692e+02
2.301543442764246095e+02
2.289458325503523781e+02
2.277373208242801752e+02
2.265288090982079154e+02
2.253202973721356841e+02
2.241117856460633675e+02
2.229032739199911930e+02
2.216947621939189048e+02
2.206205295485214322e+02
2.194120178224491724e+02
2.182035060963769126e+02
2.171292734509793831e+02
2.159207617249071518e+02
2.148465290795095655e+02
2.137722964341120075e+02
2.125637847080397478e+02
2.114895520626421899e+02
2.104153194172446319e+02
2.092068076911724859e+02
2.081325750457749280e+02
2.070583424003773700e+02
2.059841097549797837e+02
2.049098771095822542e+02
2.038356444641846963e+02
2.027614118187871384e+02
2.016871791733895805e+02
2.006129465279920794e+02
1.996729929632691949e+02
1.985987603178716370e+02
1.975245276724740791e+02
1.964502950270765780e+02
1.955103414623536935e+02
1.944361088169561356e+02
1.934961552522333079e+02
1.924219226068357500e+02
1.914819690421129508e+02
1.904077363967153360e+02
1.894677828319925368e+02
1.885278292672696523e+02
1.874535966218720944e+02
1.865136430571492383e+02
1.854291616968715743e+02
1.844899401832115586e+02
1.835507186695516282e+02
1.824773226539401776e+02
1.815381011402801903e+02
1.805988796266201746e+02
1.796596581129602157e+02
1.787204365993002000e+02
1.779153895875917044e+02
1.769761680739316887e+02
1.760369465602717014e+02
1.750977250466117141e+02
1.741585035329517268e+02
1.733534565212431460e+02
1.724142350075831303e+02
1.714750134939231714e+02
1.706699664822146474e+02
1.697307449685546317e+02
1.689256979568461077e+02
1.679864764431861204e+02
1.671814294314775680e+02
1.662422079178175807e+02
1.654371609061089998e+02
1.646321138944004190e+02
1.636928923807404317e+02
1.628878453690318793e+02
1.620827983573233269e+02
1.612777513456147744e+02
1.604727043339061936e+02
1.595334828202462063e+02
1.587284358085376539e+02
1.579233887968291015e+02
1.571183417851205775e+02
1.563132947734119682e+02
1.555082477617034442e+02
1.547032007499948634e+02
1.538981537382862825e+02
1.532272812285291650e+02
1.524222342168206126e+02
1.516171872051120886e+02
1.508121401934035077e+02
1.500070931816948985e+02
1.493362206719378094e+02
1.485311736602292285e+02
1.477261266485207045e+02
1.469406358580630183e+02
1.461362163186940677e+02
1.454658667025532850e+02
1.446614471631843060e+02
1.439910975470435233e+02
1.431866780076745442e+02
1.425163283915337331e+02
1.417119088521648109e+02
1.410415592360239998e+02
1.403712096198831887e+02
1.395667900805142096e+02
1.388964404643734269e+02
1.382260908482326442e+02
1.375557412320918900e+02
1.367513216927228825e+02
1.360809720765820714e+02
1.354106224604412603e+02
1.347402728443005060e+02
1.340699232281596949e+02
1.333861666196960698e+02
1.327158170035552871e+02
1.320454673874145044e+02
1.313885247635965072e+02
1.307181751474556961e+02
1.300612325236376989e+02
1.294042898998197018e+02
1.287607542683245754e+02
1.281038116445065782e+02
1.274602760130114234e+02
1.268167403815162402e+02
1.261866117423439135e+02
1.255564831031715300e+02
1.249263544639992034e+02
1.242962258248268625e+02
1.236660971856544791e+02
1.230493755388049379e+02
1.224326538919554395e+02
1.218159322451058699e+02
1.212126175905791712e+02
1.205958959437296443e+02
1.200059882815257311e+02
1.194026736269990181e+02
1.187993589724722909e+02
1.182094513102683919e+02
1.176195436480644787e+02
1.170296359858606081e+02
1.164531353159795088e+02
1.158632276537755956e+02
1.152867269838945248e+02
1.147102263140134255e+02
1.140580943114657373e+02
1.134820433300946831e+02
1.129193888831741504e+02
1.123567344362535891e+02
1.118074765237835493e+02
1.112448220768629881e+02
1.106955641643929198e+02
1.101463062519228515e+02
1.095970483394528117e+02
1.090477904269827292e+02
1.085119290489631538e+02
1.079760676709436069e+02
1.074402062929240174e+02
1.069043449149044562e+02
1.063818800713353880e+02
1.058594152277662914e+02
1.053235538497467019e+02
1.048144855406281266e+02
1.042920206970590300e+02
1.037695558534899618e+02
1.032604875443713723e+02
1.027514192352527687e+02
1.022423509261341934e+02
1.017466791514660827e+02
1.012376108423475216e+02
1.007419390676793967e+02
1.002462672930112859e+02
9.975059551834316096e+01
9.926832027812557158e+01
9.877264850345746083e+01
9.829037326323987145e+01
9.780809802302223943e+01
9.732582278280462162e+01
9.684354754258698961e+01
9.637466883681989316e+01
9.590579013105276829e+01
9.542351489083513627e+01
9.495463618506801140e+01
9.449915401375137947e+01
9.403027530798425460e+01
9.357479313666762266e+01
9.311931096535100494e+01
9.266382879403431616e+01
9.220834662271771265e+01
9.175286445140109493e+01
9.131077881453494172e+01
9.086869317766880272e+01
9.041321100635214236e+01
8.997112536948601758e+01
8.954243626707034309e+01
8.910035063020420409e+01
8.867166152778855803e+01
8.824297242537288355e+01
8.781428332295723749e+01
8.738559422054156300e+01
8.695690511812593115e+01
8.652821601571025667e+01
8.611292344774508933e+01
8.569763087977992200e+01
8.528233831181478308e+01
8.486704574384960154e+01
8.445175317588441999e+01
8.404985714236973138e+01
8.363456457440457825e+01
8.323266854088988964e+01
8.283077250737521524e+01
8.236452918543440660e+01
8.196294688808954731e+01
8.157475066732284574e+01
8.117316836997795804e+01
8.078497214921124225e+01
8.039677592844454068e+01
8.000857970767781069e+01
7.962038348691108069e+01
7.923218726614437912e+01
7.885737712195580684e+01
7.846918090118910527e+01
7.809437075700056141e+01
7.771956061281200334e+01
7.734475046862345948e+01
7.696994032443490141e+01
7.660851625682450106e+01
7.623370611263595720e+01
7.587228204502555684e+01
7.551085797741518491e+01
7.514943390980478455e+01
7.478800984219438419e+01
7.442658577458402647e+01
7.407854778355176961e+01
7.371712371594136926e+01
7.336908572490915503e+01
7.300766165729876889e+01
7.265962366626654045e+01
7.231158567523432623e+01
7.197693376078025551e+01
7.162889576974804129e+01
7.128085777871581286e+01
7.094620586426172792e+01
7.061155394980767142e+01
7.026351595877544298e+01
6.992886404432138647e+01
6.960759820644547347e+01
6.927294629199140275e+01
6.893829437753734624e+01
6.861702853966144744e+01
6.828237662520737672e+01
6.796111078733149213e+01
6.763984494945557913e+01
6.731857911157966612e+01
6.699731327370376732e+01
6.667604743582786853e+01
6.636816767453012744e+01
6.604690183665421443e+01
6.573902207535648756e+01
6.543114231405876069e+01
6.510987647618284768e+01
6.480199671488507818e+01
6.450750303016552323e+01
6.419962326886781057e+01
6.389174350757004106e+01
6.359724982285045769e+01
6.328937006155273082e+01
6.299487637683316166e+01
6.270038269211357118e+01
6.240588900739399492e+01
6.211139532267442576e+01
6.181690163795485660e+01
6.152240795323527323e+01
6.124130034509385467e+01
6.094680666037426420e+01
6.066569905223285986e+01
6.037120536751329070e+01
6.009009775937187214e+01
5.980899015123046070e+01
5.952788254308904214e+01
5.924677493494762359e+01
5.896566732680621925e+01
5.869794579524297262e+01
5.846247634193522202e+01
5.819454565292544146e+01
5.792661496391564668e+01
5.764528774045537318e+01
5.737735705144559262e+01
5.710942636243579784e+01
5.684149567342601728e+01
5.657356498441623671e+01
5.631903082985693487e+01
5.605110014084714720e+01
5.579656598628785247e+01
5.552863529727805769e+01
5.527410114271877006e+01
5.501956698815946112e+01
5.476503283360017349e+01
5.451049867904089297e+01
5.425596452448157692e+01
5.400143036992231060e+01
5.374689621536298745e+01
5.350575859525417854e+01
5.325122444069488381e+01
5.301008682058608201e+01
5.275555266602679438e+01
5.251441504591796416e+01
5.227327742580916947e+01
5.203213980570037478e+01
5.179100218559156588e+01
5.154986456548274276e+01
5.130872694537394096e+01
5.108098585971562500e+01
5.083984823960681609e+01
5.059871061949800009e+01
5.037096953383969833e+01
5.014322844818137526e+01
4.990209082807256635e+01
4.967434974241424328e+01
4.944660865675593442e+01
4.925728979402586560e+01
4.902937092453800716e+01
4.880145205505011319e+01
4.858694017788506159e+01
4.835902130839721025e+01
4.814450943123213733e+01
4.791659056174427178e+01
4.770207868457922018e+01
4.747415981509135463e+01
4.725964793792628882e+01
4.704513606076121590e+01
4.683062418359618562e+01
4.661611230643111270e+01
4.640160042926606820e+01
4.618708855210100239e+01
4.597257667493595790e+01
4.577147179009372024e+01
4.559249576309476026e+01
4.539123401016762216e+01
4.517655480704534199e+01
4.497529305411819678e+01
4.477403130119105867e+01
4.457276954826389925e+01
4.435809034514164750e+01
4.415682859221448808e+01
4.395556683928735708e+01
4.375430508636021898e+01
4.356646078362821584e+01
4.336519903070107063e+01
4.319758025304888349e+01
4.300958954010432223e+01
4.280817091909228367e+01
4.262018020614772240e+01
4.241876158513566963e+01
4.223077087219109416e+01
4.204278015924651868e+01
4.185478944630196452e+01
4.165337082528991175e+01
4.149767402209016609e+01
4.132297526487281658e+01
4.113483814171566166e+01
4.094670101855852806e+01
4.075856389540137314e+01
4.057042677224422533e+01
4.039572801502688293e+01
4.020759089186974222e+01
4.006404613631359979e+01
3.987576260294389385e+01
3.970092789338630013e+01
3.952609318382869219e+01
3.935125847427110557e+01
3.916297494090138542e+01
3.898814023134377749e+01
3.884348694132101798e+01
3.866851627942318004e+01
3.849354561752533499e+01
3.833203423731194448e+01
3.815706357541408522e+01
3.798209291351625438e+01
3.783649841498408506e+01
3.767486154030277135e+01
3.749975492606467498e+01
3.733811805138336837e+01
3.716301143714527910e+01
3.703010233774537596e+01
3.686833996859614615e+01
3.670657759944691634e+01
3.654481523029767231e+01
3.639778800325675689e+01
3.623590013963960388e+01
3.607401227602244376e+01
3.591212441240529074e+01
3.576372720408956951e+01
3.562943766554254665e+01
3.546742430745746333e+01
3.530541094937240132e+01
3.515689870446108500e+01
3.502199215144678135e+01
3.487336486993987705e+01
3.471122601738688473e+01
3.456259873587997333e+01
3.440045988332697391e+01
3.427834330816821762e+01
3.412960099006571824e+01
3.398085867196321175e+01
3.383211635386070526e+01
3.366985200683979684e+01
3.354703475423514902e+01
3.339817739953704745e+01
3.326285253162968303e+01
3.311399517693158145e+01
3.296513782223349409e+01
3.281628046753539252e+01
3.266742311283729805e+01
3.253209824492993363e+01
3.238324089023183205e+01
3.224791602232446053e+01
3.207425259446746679e+01
3.193903230528336579e+01
3.179028998718086285e+01
3.165506969799677250e+01
3.148196053737307665e+01
3.134684482691224616e+01
3.118757143137676024e+01
3.105256029963920028e+01
3.089360064027351527e+01
3.073485013835437840e+01
3.060004816406334882e+01
3.044161139831400220e+01
3.028338379001118597e+01
3.012536533915491077e+01
2.996755604574516596e+01
2.980995590978195509e+01
2.967567682910726035e+01
2.953180787950899244e+01
2.937472017928978474e+01
2.923123817096761101e+01
2.907455832776914662e+01
2.893146326072304930e+01
2.877519127454533532e+01
2.863248314877532863e+01
2.847661901961834729e+01
2.833429783512442768e+01
2.819216489233239287e+01
2.805022019124223931e+01
2.789516131825440937e+01
2.775360355844034643e+01
2.761223404032815409e+01
2.747105276391783946e+01
2.735161340407471897e+01
2.721071449021723510e+01
2.707000381806162181e+01
2.692948138760790044e+01
2.680237640734931048e+01
2.666222000242701640e+01
2.652225183920661067e+01
2.638247191768808264e+01
2.625606761487537710e+01
2.611665371888827636e+01
2.599059452586236674e+01
2.585154665540670038e+01
2.572583257216757602e+01
2.558715072724334050e+01
2.546178175379099073e+01
2.533658010629586244e+01
2.519844207073261089e+01
2.509361235852987804e+01
2.496883948380014928e+01
2.484423393502763844e+01
2.471979571221236327e+01
2.459552481535430957e+01
2.447142124445348443e+01
2.434748499950988787e+01
2.422371608052351633e+01
2.410011448749437335e+01
2.397668022042245894e+01
2.385341327930776600e+01
2.374330234158004771e+01
2.362035959450748734e+01
2.349758417339215910e+01
2.338793338204681760e+01
2.326548215497361127e+01
2.313741505046096592e+01
2.301537168040849934e+01
2.290640065076440379e+01
2.278468147475405559e+01
2.267601372340742572e+01
2.256749238227337528e+01
2.244625426839006010e+01
2.233803620555347536e+01
2.222996455292947005e+01
2.212203931051802996e+01
2.201426047831916932e+01
2.190662805633288102e+01
2.178133228798681387e+01
2.167406589153195995e+01
2.156694590528968547e+01
2.145997232925996556e+01
2.135314516344283575e+01
2.124174790741894370e+01
2.113527630926091661e+01
2.102895112131545829e+01
2.092277234358258653e+01
2.081225354883412848e+01
2.070643033876035588e+01
2.061340756441444810e+01
2.052051028453647419e+01
2.043200531103569872e+01
2.035614390517789118e+01
2.028028249932008364e+01
2.020442109346227966e+01
2.012855968760447567e+01
2.005269828174666813e+01
1.997683687588886414e+01
1.990097547003106015e+01
1.982511406417324906e+01
1.974925265831544507e+01
1.967339125245763753e+01
1.959752984659983355e+01
1.952166844074202956e+01
1.945845060252718994e+01
1.938258919666937885e+01
1.930672779081157486e+01
1.923086638495377088e+01
1.915500497909596334e+01
1.907914357323816290e+01
1.900328216738035181e+01
1.894006432916551574e+01
1.886420292330771176e+01
1.878834151744990777e+01
1.871248011159209668e+01
1.864926227337725706e+01
1.857340086751945663e+01
1.849753946166164909e+01
1.843432162344681302e+01
1.835846021758900548e+01
1.828259881173119794e+01
1.821938097351636188e+01
1.814351956765855434e+01
1.806765816180075035e+01
1.800444032358591429e+01
1.792857891772810675e+01
1.786536107951326713e+01
1.778949967365545959e+01
1.771363826779765205e+01
1.765042042958281598e+01
1.757455902372501200e+01
1.751134118551017593e+01
1.743547977965236839e+01
1.737226194143753233e+01
1.729640053557972479e+01
1.723318269736488517e+01
1.716996485915004911e+01
1.709410345329223802e+01
1.703088561507739840e+01
1.695502420921959796e+01
1.689180637100475479e+01
1.682858853278992228e+01
1.675272712693211474e+01
1.668950928871727868e+01
1.662629145050243906e+01
1.655043004464463152e+01
1.648721220642979191e+01
1.642399436821495584e+01
1.636077653000011622e+01
1.628491512414231579e+01
1.622169728592747262e+01
1.615847944771263300e+01
1.609526160949779694e+01
1.601940020363999295e+01
1.595618236542515689e+01
1.589296452721031727e+01
1.582974668899547943e+01
1.576652885078064159e+01
1.570331101256580375e+01
1.564009317435096413e+01
1.556423176849315837e+01
1.550101393027831875e+01
1.543779609206348091e+01
1.537457825384864307e+01
1.531136041563380523e+01
1.524814257741896562e+01
1.518492473920412955e+01
1.512170690098928993e+01
1.505848906277445209e+01
1.499527122455961248e+01
1.493205338634477641e+01
1.486883554812993680e+01
1.480561770991509718e+01
1.474239987170026112e+01
1.467918203348542150e+01
1.462860776291354981e+01
1.456538992469871197e+01
1.450217208648387235e+01
1.443895424826903628e+01
1.437573641005420022e+01
1.431251857183936060e+01
1.424930073362452099e+01
1.419872646305265285e+01
1.413550862483781323e+01
1.407229078662297539e+01
1.400907294840813755e+01
1.394585511019329971e+01
1.389528083962142979e+01
1.383206300140659017e+01
1.376884516319175411e+01
1.371827089261988597e+01
1.365505305440504635e+01
1.359183521619020496e+01
1.352861737797537067e+01
1.347804310740349898e+01
1.341482526918865936e+01
1.336425099861678767e+01
1.330103316040194983e+01
1.323781532218711199e+01
1.318724105161524385e+01
1.312402321340040423e+01
1.307344894282853609e+01
1.301023110461369647e+01
1.294701326639886041e+01
1.289643899582698872e+01
1.283322115761214910e+01
1.278264688704027741e+01
1.271942904882543957e+01
1.266885477825356965e+01
1.261069436709591685e+01
1.255379831270256474e+01
1.249816661507350446e+01
1.244127056068015236e+01
1.238563886305109563e+01
1.233000716542203712e+01
1.227437546779298039e+01
1.221874377016392366e+01
1.216311207253486337e+01
1.210748037490580487e+01
1.205311303404104528e+01
1.199748133641198677e+01
1.194311399554722897e+01
1.188874665468246583e+01
1.183437931381770625e+01
1.178001197295294311e+01
1.172564463208818530e+01
1.167127729122342394e+01
1.161817430712295796e+01
1.156380696625819837e+01
1.151070398215773416e+01
1.145760099805727172e+01
1.140323365719251036e+01
1.135013067309204438e+01
1.129829204575587731e+01
1.124518906165541665e+01
1.119208607755495066e+01
1.114024745021878182e+01
1.108714446611832116e+01
1.103530583878215410e+01
1.098346721144598526e+01
1.093036422734551927e+01
1.087852560000935220e+01
1.082795132943748229e+01
1.077611270210131700e+01
1.072427407476514816e+01
1.067369980419327646e+01
1.062186117685710940e+01
1.057128690628523948e+01
1.052071263571336779e+01
1.047013836514149787e+01
1.041956409456962618e+01
1.036898982399775804e+01
1.031841555342588634e+01
1.026784128285401465e+01
1.021853136904644366e+01
1.016922145523886911e+01
1.011864718466699919e+01
1.006933727085942465e+01
1.002002735705185010e+01
9.970717443244275557e+00
9.921407529436702788e+00
9.872097615629128242e+00
9.824052058585854397e+00
9.774742144778276298e+00
9.726696587735000676e+00
9.678651030691725055e+00
9.629341116884152285e+00
9.581295559840873111e+00
9.533250002797597489e+00
9.485204445754320091e+00
9.438423245475338064e+00
9.390377688432060665e+00
9.342332131388785044e+00
9.295550931109804793e+00
9.247505374066529171e+00
9.200724173787547144e+00
9.153942973508568670e+00
9.107161773229588420e+00
9.060380572950606393e+00
9.013599372671626142e+00
8.968082529156941263e+00
8.921301328877961012e+00
8.875784485363279686e+00
8.829003285084297659e+00
8.783486441569614556e+00
8.737969598054933229e+00
8.692452754540250126e+00
8.646935911025563470e+00
8.601419067510878591e+00
8.555902223996195488e+00
8.511649737245811309e+00
8.466132893731128206e+00
8.421880406980740474e+00
8.376363563466057371e+00
8.332111076715671416e+00
8.287858589965285461e+00
8.243606103214895953e+00
8.199353616464511774e+00
8.156365486478421190e+00
8.112112999728035234e+00
8.067860512977647502e+00
8.024872382991555142e+00
7.980619896241170075e+00
7.937631766255082155e+00
7.894643636268989795e+00
7.851655506282901875e+00
7.808667376296811291e+00
7.765679246310721595e+00
7.722691116324632787e+00
7.679702986338541315e+00
7.637979213116746102e+00
7.594991083130658183e+00
7.553267309908863858e+00
7.511543536687070421e+00
7.469819763465279649e+00
7.428095990243483548e+00
7.386372217021692776e+00
7.344648443799898452e+00
7.302924670578104127e+00
7.261200897356312467e+00
7.220741480898816178e+00
7.179017707677021853e+00
7.138558291219526453e+00
7.098098874762030164e+00
7.056375101540235839e+00
7.015915685082739550e+00
6.975456268625242373e+00
6.934996852167747861e+00
6.895801792474546943e+00
6.855342376017050654e+00
6.814882959559556141e+00
6.775687899866354336e+00
6.736492840173156083e+00
6.696033423715658905e+00
6.656838364022459764e+00
6.617643304329258847e+00
6.578448244636059705e+00
6.539253184942859676e+00
6.500058125249659646e+00
6.462127422320757653e+00
6.422932362627558511e+00
6.383737302934357594e+00
6.345806600005454712e+00
6.307875897076550942e+00
6.268680837383352689e+00
6.230750134454449807e+00
6.192819431525547813e+00
6.154888728596643155e+00
6.116958025667742049e+00
6.080291679503136315e+00
6.042360976574233433e+00
6.005694630409625923e+00
5.967763927480722153e+00
5.931097581316118195e+00
5.893166878387214425e+00
5.856500532222609579e+00
5.819834186058002068e+00
5.783167839893396334e+00
5.746501493728790599e+00
5.711099504328480236e+00
5.674433158163874502e+00
5.637766811999266992e+00
5.602364822598960181e+00
5.565698476434351782e+00
5.530296487034044084e+00
5.494894497633734609e+00
5.458228151469127098e+00
5.422826162068817624e+00
5.387424172668509037e+00
5.353286540032497598e+00
5.317884550632187235e+00
5.282482561231877760e+00
5.247080571831567397e+00
5.212942939195555958e+00
5.178805306559543631e+00
5.143403317159234156e+00
5.109265684523221829e+00
5.075128051887208613e+00
5.040990419251195398e+00
5.006852786615183071e+00
4.972715153979171632e+00
4.938577521343156640e+00
4.905704245471442349e+00
4.871566612835430021e+00
4.838693336963713953e+00
4.804555704327702514e+00
4.771682428455984670e+00
4.738809152584268602e+00
4.705935876712554311e+00
4.671798244076541096e+00
4.638924968204824140e+00
4.607316049097405219e+00
4.574442773225689152e+00
4.541569497353973972e+00
4.509960578246555052e+00
4.477087302374838984e+00
4.445478383267420064e+00
4.412605107395703996e+00
4.380996188288284188e+00
4.349387269180865268e+00
4.317778350073445459e+00
4.286169430966026539e+00
4.254560511858608507e+00
4.222951592751188699e+00
4.191342673643770667e+00
4.160998111300648894e+00
4.129389192193229974e+00
4.099044629850106425e+00
4.068700067506984652e+00
4.037091148399564844e+00
4.006746586056443959e+00
3.976402023713320855e+00
3.946057461370198194e+00
3.915712899027075977e+00
3.885368336683954649e+00
3.856288131105128691e+00
3.825943568762006475e+00
3.795599006418884258e+00
3.766518800840058745e+00
3.736174238496936528e+00
3.707094032918110571e+00
3.678013827339284614e+00
3.648933621760458657e+00
3.619853416181633587e+00
3.590773210602807630e+00
3.561693005023982561e+00
3.532612799445157492e+00
3.503532593866331091e+00
3.475716745051802725e+00
3.446636539472977212e+00
3.418820690658449291e+00
3.391004841843919593e+00
3.361924636265094524e+00
3.334108787450565270e+00
3.306292938636036460e+00
3.278477089821508095e+00
3.250661241006978841e+00
3.222845392192449143e+00
3.196293900142217925e+00
3.168478051327689116e+00
3.140662202513160750e+00
3.114110710462928200e+00
3.086294861648399834e+00
3.059743369598167284e+00
3.033191877547936066e+00
3.006640385497703516e+00
2.980088893447470966e+00
2.953537401397238860e+00
2.926985909347007642e+00
2.900434417296775091e+00
2.873882925246542985e+00
2.848595789960608027e+00
2.822044297910376365e+00
2.796757162624440962e+00
2.770205670574208412e+00
2.744918535288273453e+00
2.719631400002338051e+00
2.693079907952106389e+00
2.667792772666170986e+00
2.642505637380235139e+00
2.618482858858596884e+00
2.593195723572661926e+00
2.567908588286726967e+00
2.542621453000791121e+00
2.518598674479152866e+00
2.493311539193217463e+00
2.469288760671578320e+00
2.445265982149940509e+00
2.421243203628301810e+00
2.397220425106663999e+00
2.373197646585025300e+00
2.349174868063386157e+00
2.325152089541747902e+00
2.301129311020109203e+00
2.277106532498470948e+00
2.254348110741129396e+00
2.230325332219490253e+00
2.207566910462149146e+00
2.183544131940510447e+00
2.160785710183168451e+00
2.138027288425826899e+00
2.115268866668484904e+00
2.092510444911142908e+00
2.069752023153801357e+00
2.046993601396460249e+00
2.024235179639118698e+00
2.001476757881776258e+00
1.979982692888731410e+00
1.957224271131389859e+00
1.935730206138345011e+00
1.914236141145299941e+00
1.891477719387958167e+00
1.869983654394912875e+00
1.848489589401868249e+00
1.826995524408822957e+00
1.805501459415777887e+00
1.784007394422732817e+00
1.763777686193985117e+00
1.742283621200940047e+00
1.720789556207894977e+00
1.700559847979146832e+00
1.679065782986101762e+00
1.658836074757353174e+00
1.638606366528605029e+00
1.618376658299857551e+00
1.596882593306812481e+00
1.576652885078064337e+00
1.557687533613612452e+00
1.537457825384864529e+00
1.517228117156115941e+00
1.496998408927367796e+00
1.478033057462916799e+00
1.457803349234168433e+00
1.438837997769716770e+00
1.419872646305265329e+00
1.399642938076516963e+00
1.380677586612065522e+00
1.361712235147614303e+00
1.342746883683162640e+00
1.323781532218711421e+00
1.304816180754259758e+00
1.287115186054105020e+00
1.268149834589654024e+00
1.249816661507350490e+00
1.231483488425047623e+00
1.213276751019174204e+00
1.195196449289730456e+00
1.177242583236716378e+00
1.159415152860131970e+00
1.141587722483547784e+00
1.124013163459822939e+00
1.106438604436097428e+00
1.088990481088802698e+00
1.071668793417936749e+00
1.054473541423500915e+00
1.037404725105494530e+00
1.020462344463917592e+00
1.003519963822341099e+00
9.868304545336237243e-01
9.702673809213362421e-01
9.537043073090486489e-01
9.372676693731906150e-01
9.209574671137623625e-01
9.046472648543343320e-01
8.885899339477654202e-01
8.726590387176261787e-01
8.567281434874868262e-01
8.409236839337773661e-01
8.253720957329272467e-01
8.098205075320770163e-01
7.943953550076564563e-01
7.790966381596655665e-01
7.639243569881044582e-01
7.487520758165434609e-01
7.338326659978415822e-01
7.189132561791395926e-01
7.042467177132973877e-01
6.897066149238846311e-01
6.751665121344716525e-01
6.607528450214884552e-01
6.464656135849352614e-01
6.323048178248112938e-01
6.182704577411173297e-01
6.043625333338528138e-01
5.905810446030180794e-01
5.767995558721835669e-01
5.632709384942081732e-01
5.498687567926623387e-01
5.364665750911168374e-01
5.233172647424304547e-01
5.101679543937440720e-01
4.972715153979170299e-01
4.843750764020901545e-01
4.717315087591223977e-01
4.590879411161548074e-01
4.465708091496168319e-01
4.341801128595085268e-01
4.220422879222595625e-01
4.099044629850106536e-01
3.978930737241914706e-01
3.861345558162314617e-01
3.743760379082717304e-01
3.627439556767415030e-01
3.513647447980704497e-01
3.399855339193996739e-01
3.288591943935881834e-01
3.177328548677765818e-01
3.068593866948244875e-01
2.959859185218723376e-01
2.853653217017794175e-01
2.749975962345460045e-01
2.646298707673125361e-01
2.543885809765087935e-01
2.444001625385643917e-01
2.345381797770496324e-01
2.248026326919645435e-01
2.151935212833091249e-01
2.058372812275131025e-01
1.966074768481467228e-01
1.876305438216397392e-01
1.787800464715623150e-01
1.701824204743443703e-01
1.617112301535560404e-01
1.533664755091974086e-01
1.454010278941277878e-01
1.374355802790581671e-01
1.298494396932775852e-01
1.223897347839266875e-01
1.151323269568632623e-01
1.080772162120873514e-01
1.012244025495988714e-01
9.456124240175495244e-02
