1e-08	1.02728e-16
1.1e-08	1.50403e-16
1.21e-08	2.20206e-16
1.331e-08	3.22403e-16
1.4641e-08	4.7203e-16
1.61051e-08	6.911e-16
1.77156e-08	1.01184e-15
1.94872e-08	1.48143e-15
2.14359e-08	2.16897e-15
2.35795e-08	3.17558e-15
2.59374e-08	4.64937e-15
2.85312e-08	6.80715e-15
3.13843e-08	9.96635e-15
3.45227e-08	1.45917e-14
3.7975e-08	2.13637e-14
4.17725e-08	3.12787e-14
4.59497e-08	4.57951e-14
5.05447e-08	6.70486e-14
5.55992e-08	9.81658e-14
6.11591e-08	1.43725e-13
6.7275e-08	2.10427e-13
7.40025e-08	3.08086e-13
8.14027e-08	4.51069e-13
8.9543e-08	6.60411e-13
9.84973e-08	9.66907e-13
1.08347e-07	1.41565e-12
1.19182e-07	2.07265e-12
1.311e-07	3.03457e-12
1.4421e-07	4.44291e-12
1.58631e-07	6.50487e-12
1.74494e-07	9.52378e-12
1.91943e-07	1.39438e-11
2.11138e-07	2.04151e-11
2.32252e-07	2.98897e-11
2.55477e-07	4.37615e-11
2.81024e-07	6.40712e-11
3.09127e-07	9.38067e-11
3.40039e-07	1.37342e-10
3.74043e-07	2.01083e-10
4.11448e-07	2.94406e-10
4.52593e-07	4.31039e-10
4.97852e-07	6.31084e-10
5.47637e-07	9.23971e-10
6.02401e-07	1.35279e-09
6.62641e-07	1.98061e-09
7.28905e-07	2.89982e-09
8.01795e-07	4.24562e-09
8.81975e-07	6.21601e-09
9.70172e-07	9.10086e-09
1.06719e-06	1.33246e-08
1.17391e-06	1.95085e-08
1.2913e-06	2.85624e-08
1.42043e-06	4.18182e-08
1.56247e-06	6.12261e-08
1.71872e-06	8.96411e-08
1.89059e-06	1.31243e-07
2.07965e-06	1.92154e-07
2.28762e-06	2.81332e-07
2.51638e-06	4.11898e-07
2.76801e-06	6.0306e-07
3.04482e-06	8.82941e-07
3.3493e-06	1.29271e-06
3.68423e-06	1.89266e-06
4.05265e-06	2.77105e-06
4.45792e-06	4.05709e-06
4.90371e-06	5.93998e-06
5.39408e-06	8.69673e-06
5.93349e-06	1.27329e-05
6.52683e-06	1.86422e-05
7.17952e-06	2.72941e-05
7.89747e-06	3.99612e-05
8.68722e-06	5.85072e-05
9.55594e-06	8.56605e-05
1.05115e-05	0.000125415
1.15627e-05	0.000183621
1.2719e-05	0.000268839
1.39908e-05	0.000393607
1.53899e-05	0.000576281
1.69289e-05	0.000843733
1.86218e-05	0.00123531
2.0484e-05	0.00180862
2.25324e-05	0.00264799
2.47856e-05	0.00387693
2.72642e-05	0.00567621
2.99906e-05	0.00831054
3.29897e-05	0.0121675
3.62887e-05	0.0178144
3.99175e-05	0.026082
4.39093e-05	0.0381867
4.83002e-05	0.0559092
5.31302e-05	0.0818566
5.84432e-05	0.119846
6.42876e-05	0.175467
7.07163e-05	0.256901
7.7788e-05	0.376129
8.55668e-05	0.55069
9.41234e-05	0.806266
0.000103536	1.18045
0.000113889	1.7283
0.000125278	2.53041
0.000137806	3.70477
0.000151587	5.42415
0.000166745	7.9415
0.00018342	11.6272
0.000201762	17.0233
0.000221938	24.9238
0.000244132	36.491
0.000268545	53.4264
0.0002954	78.2217
0.00032494	114.524
0.000357434	167.675
0.000393177	245.493
0.000432495	359.426
0.000475744	526.236
0.000523319	770.462
0.00057565	1128.03
0.000633215	1651.55
0.000696537	2418.04
0.000766191	3540.25
0.00084281	5183.29
0.000927091	7588.85
0.0010198	11110.8
0.00112178	16267.4
0.00123396	23817.1
0.00135735	34870.6
0.00149309	51054
0.0016424	74748.1
0.00180664	109439
0.0019873	160229
0.00218603	234592
0.00240463	343466
0.0026451	502868
0.00290961	736249
0.00320057	1.07794e+06
0.00352063	1.57822e+06
0.00387269	2.31067e+06
0.00425996	3.38305e+06
0.00468595	4.95312e+06
0.00515455	7.25186e+06
0.00567	1.06174e+07
0.006237	1.5537e+07
0.0068607	2.27452e+07
0.00754677	3.32968e+07
0.00830145	4.87421e+07
0.0091316	7.13496e+07
0.0100448	1.04439e+08
0.0110492	1.52865e+08
0.0121542	2.23734e+08
0.0133696	3.27434e+08
0.0147065	4.79156e+08
0.0161772	7.01108e+08
0.0177949	1.02574e+09
0.0195744	1.50046e+09
0.0215318	2.19447e+09
0.023685	3.20877e+09
0.0260535	4.69061e+09
0.0286589	6.85452e+09
0.0315247	1.00127e+10
0.0346772	1.46191e+10
0.0381449	2.13321e+10
0.0419594	3.1106e+10
0.0461554	4.53196e+10
0.0507709	6.59603e+10
0.055848	9.58833e+10
0.0614328	1.39173e+11
0.0675761	2.01644e+11
0.0743337	2.91522e+11
0.0817671	4.20362e+11
0.0899438	6.04237e+11
0.0989382	8.65264e+11
0.108832	1.23344e+12
0.119715	1.74872e+12
0.131687	2.46319e+12
0.144855	3.44274e+12
0.159341	4.76761e+12
0.175275	6.5306e+12
0.192802	8.83113e+12
0.212083	1.17635e+13
0.233291	1.53981e+13
0.25662	1.97547e+13
0.282282	2.47732e+13
0.31051	3.02879e+13
0.341561	3.60198e+13
0.375717	4.15998e+13
0.413289	4.66312e+13
0.454618	5.07799e+13
0.50008	0
0.550088	0
0.605097	0
0.665606	0
0.732167	0
0.805384	0
0.885922	0
0.974514	0
1.07197	0
1.17916	0
1.29708	0
1.42679	0
1.56947	0
1.72641	0
1.89905	0
2.08896	0
2.29785	0
2.52764	0
2.7804	0
3.05844	0
3.36429	0
3.70072	0
4.07079	0
4.47787	0
4.92565	0
5.41822	0
5.96004	0
6.55605	0
7.21165	0
7.93281	0
8.7261	0
9.59871	0
10.5586	0
11.6144	0
12.7759	0
14.0535	0
15.4588	0
17.0047	0
18.7052	0
20.5757	0
22.6332	0
24.8966	0
27.3862	0
30.1249	0
33.1373	0
36.4511	0
40.0962	0
44.1058	0
48.5164	0
53.368	0
58.7048	0
64.5753	0
71.0328	0
78.1361	0
85.9497	0
94.5447	0
103.999	0
114.399	0
125.839	0
138.423	0
152.265	0
167.492	0
184.241	0
202.665	0
222.931	0
245.225	0
269.747	0
296.722	0
326.394	0
359.033	0
394.937	0
434.43	0
477.873	0
525.661	0
578.227	0
636.049	0
699.654	0
769.62	0
846.582	0
931.24	0
1024.36	0
1126.8	0
1239.48	0
1363.43	0
1499.77	0
1649.75	0
1814.72	0
1996.2	0
2195.81	0
2415.4	0
2656.94	0
2922.63	0
3214.89	0
3536.38	0
3890.02	0
4279.02	0
4706.92	0
5177.62	0
5695.38	0
6264.92	0
6891.41	0
7580.55	0
8338.6	0
9172.46	0
10089.7	0
11098.7	0
12208.5	0
13429.4	0
14772.3	0
16249.6	0
17874.5	0
19662	0
21628.2	0
23791	0
26170.1	0
28787.1	0
31665.8	0
34832.4	0
38315.7	0
42147.2	0
46361.9	0
50998.1	0
56098	0
61707.8	0
67878.5	0
74666.4	0
82133	0
90346.3	0
99380.9	0
109319	0
120251	0
132276	0
145504	0
160054	0
176059	0
193665	0
213032	0
234335	0
257769	0
283545	0
311900	0
343090	0
377399	0
415139	0
456653	0
502318	0
552550	0
607805	0
668585	0
735444	0
808988	0
889887	0
978876	0
1.07676e+06	0
1.18444e+06	0
1.30288e+06	0
1.43317e+06	0
1.57649e+06	0
1.73414e+06	0
1.90755e+06	0
2.09831e+06	0
2.30814e+06	0
2.53895e+06	0
2.79285e+06	0
3.07213e+06	0
3.37934e+06	0
3.71728e+06	0
4.08901e+06	0
4.49791e+06	0
4.9477e+06	0
5.44247e+06	0
5.98672e+06	0
6.58539e+06	0
7.24393e+06	0
7.96832e+06	0
8.76515e+06	0
9.64166e+06	0
1.06058e+07	0
1.16664e+07	0
1.28331e+07	0
1.41164e+07	0
1.5528e+07	0
1.70808e+07	0
1.87889e+07	0
2.06678e+07	0
2.27345e+07	0
2.5008e+07	0
2.75088e+07	0
3.02597e+07	0
3.32856e+07	0
3.66142e+07	0
4.02756e+07	0
4.43032e+07	0
4.87335e+07	0
5.36069e+07	0
5.89675e+07	0
6.48643e+07	0
7.13507e+07	0
7.84858e+07	0
8.63344e+07	0
9.49678e+07	0
