1e-08	0
1.1e-08	0
1.21e-08	0
1.331e-08	0
1.4641e-08	0
1.61051e-08	0
1.77156e-08	0
1.94872e-08	0
2.14359e-08	0
2.35795e-08	0
2.59374e-08	0
2.85312e-08	0
3.13843e-08	0
3.45227e-08	0
3.7975e-08	0
4.17725e-08	0
4.59497e-08	0
5.05447e-08	0
5.55992e-08	0
6.11591e-08	0
6.7275e-08	0
7.40025e-08	0
8.14027e-08	0
8.9543e-08	0
9.84973e-08	0
1.08347e-07	0
1.19182e-07	0
1.311e-07	0
1.4421e-07	0
1.58631e-07	0
1.74494e-07	0
1.91943e-07	0
2.11138e-07	0
2.32252e-07	0
2.55477e-07	0
2.81024e-07	0
3.09127e-07	0
3.40039e-07	0
3.74043e-07	0
4.11448e-07	0
4.52593e-07	0
4.97852e-07	0
5.47637e-07	0
6.02401e-07	0
6.62641e-07	0
7.28905e-07	0
8.01795e-07	0
8.81975e-07	0
9.70172e-07	2.07457e-12
1.06719e-06	2.07457e-12
1.17391e-06	2.07457e-12
1.2913e-06	2.07457e-12
1.42043e-06	2.07457e-12
1.56247e-06	2.07457e-12
1.71872e-06	2.07457e-12
1.89059e-06	2.07457e-12
2.07965e-06	2.07457e-12
2.28762e-06	8.29827e-12
2.51638e-06	8.29827e-12
2.76801e-06	1.86711e-11
3.04482e-06	1.86711e-11
3.3493e-06	3.31931e-11
3.68423e-06	3.31931e-11
4.05265e-06	7.46844e-11
4.45792e-06	1.01654e-10
4.90371e-06	1.32772e-10
5.39408e-06	2.07457e-10
5.93349e-06	2.98738e-10
6.52683e-06	4.66778e-10
7.17952e-06	6.7216e-10
7.89747e-06	1.00409e-09
8.68722e-06	1.40241e-09
9.55594e-06	2.12436e-09
1.05115e-05	3.15542e-09
1.15627e-05	4.58272e-09
1.2719e-05	6.74027e-09
1.39908e-05	9.87701e-09
1.53899e-05	1.42917e-08
1.69289e-05	2.11627e-08
1.86218e-05	3.08779e-08
2.0484e-05	4.54413e-08
2.25324e-05	6.64712e-08
2.47856e-05	9.6791e-08
2.72642e-05	1.42407e-07
2.99906e-05	2.07158e-07
3.29897e-05	3.04316e-07
3.62887e-05	4.44723e-07
3.99175e-05	6.5291e-07
4.39093e-05	9.53645e-07
4.83002e-05	1.39834e-06
5.31302e-05	2.04562e-06
5.84432e-05	2.99734e-06
6.42876e-05	4.38587e-06
7.07163e-05	6.41887e-06
7.7788e-05	9.40326e-06
8.55668e-05	1.37663e-05
9.41234e-05	2.01558e-05
0.000103536	2.95168e-05
0.000113889	4.32133e-05
0.000125278	6.32584e-05
0.000137806	9.26269e-05
0.000151587	0.000135607
0.000166745	0.000198507
0.00018342	0.00029067
0.000201762	0.000425579
0.000221938	0.000623092
0.000244132	0.000912203
0.000268545	0.00133543
0.0002954	0.00195519
0.00032494	0.00286232
0.000357434	0.00419039
0.000393177	0.00613422
0.000432495	0.00897895
0.000475744	0.0131416
0.000523319	0.0192304
0.00057565	0.0281343
0.000633215	0.0411471
0.000696537	0.0601472
0.000766191	0.0878553
0.00084281	0.128188
0.000927091	0.186741
0.0010198	0.2714
0.00112178	0.393086
0.00123396	0.566463
0.00135735	0.810245
0.00149309	1.14624
0.0016424	1.59523
0.00180664	2.16637
0.0019873	2.8349
0.00218603	3.5038
0.00240463	3.95552
0.0026451	3.83894
0.00290961	2.81943
0.00320057	1.07855
0.00352063	3.35751e-06
0.00387269	1.49833
0.00425996	3.94813
0.00468595	1.73632
0.00515455	0.754064
0.00567	3.66826
0.006237	0.701227
0.0068607	1.42526
0.00754677	3.66376
0.00830145	3.86733
0.0091316	2.3062
0.0100448	0.704932
0.0110492	0.856586
0.0121542	0.28044
0.0133696	3.7328
0.0147065	3.87881
0.0161772	2
0.0177949	2
0.0195744	2
0.0215318	2
0.023685	2
0.0260535	2
0.0286589	2
0.0315247	2
0.0346772	2
0.0381449	2
0.0419594	2
0.0461554	2
0.0507709	2
0.055848	2
0.0614328	2
0.0675761	2
0.0743337	2
0.0817671	2
0.0899438	2
0.0989382	2
0.108832	2
0.119715	2
0.131687	2
0.144855	2
0.159341	2
0.175275	2
0.192802	2
0.212083	2
0.233291	2
0.25662	2
0.282282	2
0.31051	2
0.341561	2
0.375717	2
0.413289	2
0.454618	2
0.50008	2
0.550088	2
0.605097	2
0.665606	2
0.732167	2
0.805384	2
0.885922	2
0.974514	2
1.07197	2
1.17916	2
1.29708	2
1.42679	2
1.56947	2
1.72641	2
1.89905	2
2.08896	2
2.29785	2
2.52764	2
2.7804	2
3.05844	2
3.36429	2
3.70072	2
4.07079	2
4.47787	2
4.92565	2
5.41822	2
5.96004	2
6.55605	2
7.21165	2
7.93281	2
8.7261	2
9.59871	2
10.5586	2
11.6144	2
12.7759	2
14.0535	2
15.4588	2
17.0047	2
18.7052	2
20.5757	2
22.6332	2
24.8966	2
27.3862	2
30.1249	2
33.1373	2
36.4511	2
40.0962	2
44.1058	2
48.5164	2
53.368	2
58.7048	2
64.5753	2
71.0328	2
78.1361	2
85.9497	2
94.5447	2
103.999	0
114.399	0
125.839	0
138.423	0
152.265	0
167.492	0
184.241	0
202.665	0
222.931	0
245.225	0
269.747	0
296.722	0
326.394	0
359.033	0
394.937	0
434.43	0
477.873	0
525.661	0
578.227	0
636.049	0
699.654	0
769.62	0
846.582	0
931.24	0
1024.36	0
1126.8	0
1239.48	0
1363.43	0
1499.77	0
1649.75	0
1814.72	0
1996.2	0
2195.81	0
2415.4	0
2656.94	0
2922.63	0
3214.89	0
3536.38	0
3890.02	0
4279.02	0
4706.92	0
5177.62	0
5695.38	0
6264.92	0
6891.41	0
7580.55	0
8338.6	0
9172.46	0
10089.7	0
11098.7	0
12208.5	0
13429.4	0
14772.3	0
16249.6	0
17874.5	0
19662	0
21628.2	0
23791	0
26170.1	0
28787.1	0
31665.8	0
34832.4	0
38315.7	0
42147.2	0
46361.9	0
50998.1	0
56098	0
61707.8	0
67878.5	0
74666.4	0
82133	0
90346.3	0
99380.9	0
109319	0
120251	0
132276	0
145504	0
160054	0
176059	0
193665	0
213032	0
234335	0
257769	0
283545	0
311900	0
343090	0
377399	0
415139	0
456653	0
502318	0
552550	0
607805	0
668585	0
735444	0
808988	0
889887	0
978876	0
1.07676e+06	0
1.18444e+06	0
1.30288e+06	0
1.43317e+06	0
1.57649e+06	0
1.73414e+06	0
1.90755e+06	0
2.09831e+06	0
2.30814e+06	0
2.53895e+06	0
2.79285e+06	0
3.07213e+06	0
3.37934e+06	0
3.71728e+06	0
4.08901e+06	0
4.49791e+06	0
4.9477e+06	0
5.44247e+06	0
5.98672e+06	0
6.58539e+06	0
7.24393e+06	0
7.96832e+06	0
8.76515e+06	0
9.64166e+06	0
1.06058e+07	0
1.16664e+07	0
1.28331e+07	0
1.41164e+07	0
1.5528e+07	0
1.70808e+07	0
1.87889e+07	0
2.06678e+07	0
2.27345e+07	0
2.5008e+07	0
2.75088e+07	0
3.02597e+07	0
3.32856e+07	0
3.66142e+07	0
4.02756e+07	0
4.43032e+07	0
4.87335e+07	0
5.36069e+07	0
5.89675e+07	0
6.48643e+07	0
7.13507e+07	0
7.84858e+07	0
8.63344e+07	0
9.49678e+07	0
