1.500000000000000031e-03 2.909847492486923102e+02
2.000000000000000042e-03 2.909886136055295083e+02
2.500000000000000052e-03 2.909954541715912342e+02
3.000000000000000062e-03 2.909053077794076216e+02
3.500000000000000073e-03 2.909159558186073014e+02
4.000000000000000083e-03 2.908311265361159030e+02
4.499999999999999660e-03 2.908438405818822616e+02
5.000000000000000104e-03 2.907618917729084842e+02
5.499999999999999681e-03 2.907777595200856808e+02
6.000000000000000125e-03 2.906989105423317596e+02
6.499999999999999702e-03 2.907179195713071067e+02
7.000000000000000146e-03 2.906421751775532130e+02
7.499999999999999722e-03 2.905674180334298171e+02
8.000000000000000167e-03 2.904947207861383731e+02
8.500000000000000611e-03 2.904230186600415209e+02
8.999999999999999320e-03 2.903524160227093489e+02
9.499999999999999764e-03 2.902837509268531448e+02
1.000000000000000021e-02 2.902171277565280434e+02
1.050000000000000065e-02 2.901515974156799302e+02
1.099999999999999936e-02 2.900870627369578756e+02
1.149999999999999981e-02 2.900244565824747269e+02
1.200000000000000025e-02 2.898656173385599573e+02
1.250000000000000069e-02 2.898049281642575465e+02
1.299999999999999940e-02 2.897463812700676158e+02
1.349999999999999985e-02 2.895922728844907397e+02
1.400000000000000029e-02 2.895357354156515726e+02
1.450000000000000074e-02 2.893835051522664230e+02
1.499999999999999944e-02 2.892331722626228725e+02
1.549999999999999989e-02 2.891815507621009829e+02
1.600000000000000033e-02 2.890329682782800091e+02
1.650000000000000078e-02 2.888862720130065327e+02
1.700000000000000122e-02 2.888383741084149392e+02
1.750000000000000167e-02 2.886935158724318740e+02
1.799999999999999864e-02 2.885504140735315559e+02
1.849999999999999908e-02 2.884081396286165386e+02
1.899999999999999953e-02 2.882688888455539882e+02
1.949999999999999997e-02 2.881271895440857520e+02
2.000000000000000042e-02 2.879885070127164113e+02
2.050000000000000086e-02 2.878526100589361931e+02
2.100000000000000130e-02 2.876157895424115623e+02
2.149999999999999828e-02 2.874804565967955909e+02
2.199999999999999872e-02 2.873479031902482461e+02
2.249999999999999917e-02 2.872131073116383959e+02
2.299999999999999961e-02 2.869831563874470248e+02
2.350000000000000006e-02 2.868519322195586483e+02
2.400000000000000050e-02 2.866210373867419321e+02
2.450000000000000094e-02 2.864933294097523913e+02
2.500000000000000139e-02 2.862658553423367493e+02
2.549999999999999836e-02 2.861385681179252174e+02
2.599999999999999881e-02 2.859123074871876042e+02
2.649999999999999925e-02 2.856876122582716562e+02
2.699999999999999969e-02 2.855624285652789354e+02
2.750000000000000014e-02 2.853389020906469113e+02
2.800000000000000058e-02 2.851158079128683767e+02
2.850000000000000103e-02 2.848933454389248254e+02
2.900000000000000147e-02 2.847739246889623246e+02
2.949999999999999845e-02 2.845514612606664855e+02
2.999999999999999889e-02 2.843326555526985544e+02
3.049999999999999933e-02 2.841133439190357421e+02
3.099999999999999978e-02 2.838944091203989046e+02
3.150000000000000022e-02 2.836760598977017480e+02
3.200000000000000067e-02 2.834581767758637625e+02
3.250000000000000111e-02 2.832407860887697666e+02
3.300000000000000155e-02 2.830238550804158990e+02
3.350000000000000200e-02 2.827066438958388517e+02
3.400000000000000244e-02 2.824904871552062673e+02
3.450000000000000289e-02 2.822747576803855623e+02
3.500000000000000333e-02 2.820604937596517061e+02
3.549999999999999684e-02 2.817433195136575819e+02
3.599999999999999728e-02 2.815307826789757542e+02
3.649999999999999772e-02 2.813156568825360182e+02
3.699999999999999817e-02 2.809990400510765767e+02
3.749999999999999861e-02 2.807876185869099004e+02
3.799999999999999906e-02 2.805746141152459359e+02
3.849999999999999950e-02 2.802576578992466807e+02
3.899999999999999994e-02 2.800473063947858350e+02
3.950000000000000039e-02 2.797316790335302699e+02
4.000000000000000083e-02 2.795197283415342326e+02
4.050000000000000128e-02 2.792053781823157692e+02
4.100000000000000172e-02 2.788880757525375316e+02
4.150000000000000216e-02 2.786771560603004332e+02
4.200000000000000261e-02 2.783629421814801503e+02
4.250000000000000305e-02 2.781516165754143231e+02
4.299999999999999656e-02 2.778357352402184688e+02
4.349999999999999700e-02 2.775196478123007182e+02
4.399999999999999745e-02 2.772037475499657262e+02
4.449999999999999789e-02 2.769923569256203564e+02
4.499999999999999833e-02 2.766763848285837639e+02
4.549999999999999878e-02 2.763596073472258468e+02
4.599999999999999922e-02 2.760436690865018363e+02
4.649999999999999967e-02 2.758311236438900096e+02
4.700000000000000011e-02 2.755152564584125230e+02
4.750000000000000056e-02 2.751973719433635779e+02
4.800000000000000100e-02 2.748795277819177727e+02
4.850000000000000144e-02 2.745604336445875902e+02
4.900000000000000189e-02 2.742412436035219230e+02
4.950000000000000233e-02 2.739221549668723696e+02
5.000000000000000278e-02 2.737095835818134901e+02
5.050000000000000322e-02 2.733894175550877321e+02
5.099999999999999672e-02 2.730691231324070714e+02
5.149999999999999717e-02 2.727476579378628685e+02
5.199999999999999761e-02 2.724271183627307096e+02
5.249999999999999806e-02 2.721035416929196913e+02
5.299999999999999850e-02 2.717807808115994703e+02
5.349999999999999895e-02 2.714588194901698444e+02
5.399999999999999939e-02 2.711346783098954347e+02
5.449999999999999983e-02 2.708103705924007159e+02
5.500000000000000028e-02 2.704850014107043989e+02
5.550000000000000072e-02 2.701584464207400629e+02
5.600000000000000117e-02 2.698317686812844158e+02
5.650000000000000161e-02 2.695047844808997297e+02
5.700000000000000205e-02 2.691767572625855678e+02
5.750000000000000250e-02 2.687382908003246484e+02
5.800000000000000294e-02 2.684085424039348595e+02
5.850000000000000339e-02 2.680776270720988350e+02
5.899999999999999689e-02 2.677464579965802614e+02
5.949999999999999734e-02 2.674141003559763021e+02
5.999999999999999778e-02 2.670825010458679003e+02
6.049999999999999822e-02 2.667468597116151727e+02
6.099999999999999867e-02 2.664126774140065663e+02
6.149999999999999911e-02 2.660783846386555638e+02
6.199999999999999956e-02 2.657417973060262284e+02
6.250000000000000000e-02 2.654039769394415771e+02
6.300000000000000044e-02 2.649522651802565747e+02
6.350000000000000089e-02 2.646127442847213729e+02
6.400000000000000133e-02 2.642721092604841715e+02
6.450000000000000178e-02 2.639318392845082144e+02
6.500000000000000222e-02 2.635877290498968364e+02
6.550000000000000266e-02 2.632440535867777953e+02
6.600000000000000311e-02 2.629009385928580969e+02
6.650000000000000355e-02 2.625539423774567922e+02
6.700000000000000400e-02 2.620925541702627584e+02
6.750000000000000444e-02 2.617445402090095854e+02
6.800000000000000488e-02 2.613951805678335631e+02
6.850000000000000533e-02 2.610446080106706859e+02
6.900000000000000577e-02 2.606936339705202386e+02
6.950000000000000622e-02 2.603419687151820199e+02
7.000000000000000666e-02 2.599866305179008918e+02
7.049999999999999323e-02 2.596317406665692147e+02
7.099999999999999367e-02 2.591574731625726145e+02
7.149999999999999412e-02 2.588014256666260735e+02
7.199999999999999456e-02 2.584422123336950108e+02
7.249999999999999500e-02 2.580816672751045076e+02
7.299999999999999545e-02 2.577215064144360213e+02
7.349999999999999589e-02 2.573573888931319402e+02
7.399999999999999634e-02 2.569945394521458866e+02
7.449999999999999678e-02 2.566277221331159808e+02
7.499999999999999722e-02 2.562621358470113364e+02
7.549999999999999767e-02 2.558943868762117688e+02
7.599999999999999811e-02 2.554035031993115012e+02
7.649999999999999856e-02 2.550327055005842567e+02
7.699999999999999900e-02 2.546596108712022897e+02
7.749999999999999944e-02 2.542858623637872313e+02
7.799999999999999989e-02 2.539116644377359933e+02
7.850000000000000033e-02 2.535343444339377470e+02
7.900000000000000078e-02 2.531547766823641155e+02
7.950000000000000122e-02 2.527761482982828340e+02
8.000000000000000167e-02 2.523945822445809881e+02
8.050000000000000211e-02 2.520115722529738775e+02
8.100000000000000255e-02 2.516271370670378644e+02
8.150000000000000300e-02 2.512412517823693179e+02
8.200000000000000344e-02 2.508546609928430371e+02
8.250000000000000389e-02 2.504658641245287356e+02
8.300000000000000433e-02 2.500746925837270567e+02
8.350000000000000477e-02 2.496954600770565378e+02
8.400000000000000522e-02 2.493013743636829815e+02
8.450000000000000566e-02 2.489184546072766295e+02
8.500000000000000611e-02 2.485215258154491664e+02
8.550000000000000655e-02 2.481363614021717865e+02
8.599999999999999312e-02 2.477347422063730278e+02
8.649999999999999356e-02 2.473452137336471139e+02
8.699999999999999400e-02 2.469541324923420973e+02
8.749999999999999445e-02 2.465625048118197356e+02
8.799999999999999489e-02 2.461684337452028615e+02
8.849999999999999534e-02 2.457721578593195204e+02
8.899999999999999578e-02 2.453744944638479524e+02
8.949999999999999623e-02 2.449880808239895487e+02
8.999999999999999667e-02 2.445882682803798218e+02
9.049999999999999711e-02 2.441982397218894221e+02
9.099999999999999756e-02 2.437938014160977502e+02
9.149999999999999800e-02 2.434008532940066800e+02
9.199999999999999845e-02 2.430056754613965779e+02
9.249999999999999889e-02 2.426106120748913781e+02
9.299999999999999933e-02 2.422109262517130617e+02
9.349999999999999978e-02 2.418114398633978226e+02
9.400000000000000022e-02 2.414096135041054083e+02
9.450000000000000067e-02 2.410202215817552940e+02
9.500000000000000111e-02 2.406154575686435351e+02
9.550000000000000155e-02 2.402216928414934500e+02
9.600000000000000200e-02 2.398265010938164608e+02
9.650000000000000244e-02 2.394157642477285037e+02
9.700000000000000289e-02 2.390183480044314592e+02
9.750000000000000333e-02 2.386165491564084675e+02
9.800000000000000377e-02 2.382154514253674620e+02
9.850000000000000422e-02 2.378249773009926571e+02
9.900000000000000466e-02 2.374179170673462238e+02
9.950000000000000511e-02 2.370118377942409325e+02
1.000000000000000056e-01 2.366161521051897410e+02
1.005000000000000060e-01 2.362182945612516960e+02
1.010000000000000064e-01 2.358055403623210680e+02
1.015000000000000069e-01 2.354055475320685673e+02
1.019999999999999934e-01 2.350020127576132438e+02
1.024999999999999939e-01 2.345983158806660356e+02
1.029999999999999943e-01 2.342063251640786063e+02
1.034999999999999948e-01 2.337984884006496884e+02
1.039999999999999952e-01 2.334021283085905907e+02
1.044999999999999957e-01 2.329906486373770349e+02
1.049999999999999961e-01 2.325914579755364286e+02
1.054999999999999966e-01 2.321901142003707719e+02
1.059999999999999970e-01 2.317881743427132903e+02
1.064999999999999974e-01 2.313825939120569899e+02
1.069999999999999979e-01 2.309762620896734404e+02
1.074999999999999983e-01 2.305693721044348763e+02
1.079999999999999988e-01 2.301735422780127465e+02
1.084999999999999992e-01 2.297614734517721899e+02
1.089999999999999997e-01 2.293622735774390833e+02
1.095000000000000001e-01 2.289480618210840532e+02
1.100000000000000006e-01 2.285452507982843144e+02
1.105000000000000010e-01 2.281396025206973093e+02
1.110000000000000014e-01 2.277332135948252869e+02
1.115000000000000019e-01 2.273405604930546815e+02
1.120000000000000023e-01 2.269306606994872197e+02
1.125000000000000028e-01 2.265194907545828471e+02
1.130000000000000032e-01 2.261204997157445860e+02
1.135000000000000037e-01 2.257194493090524929e+02
1.140000000000000041e-01 2.253026303615675374e+02
1.145000000000000046e-01 2.248987966979880184e+02
1.150000000000000050e-01 2.244936726711351582e+02
1.155000000000000054e-01 2.240996134772703101e+02
1.160000000000000059e-01 2.236903474422201157e+02
1.165000000000000063e-01 2.232803111924711459e+02
1.170000000000000068e-01 2.228822955965639494e+02
1.174999999999999933e-01 2.224674711184280511e+02
1.179999999999999938e-01 2.220659872813522497e+02
1.184999999999999942e-01 2.216626094821982633e+02
1.189999999999999947e-01 2.212576750824864007e+02
1.194999999999999951e-01 2.208508370286116076e+02
1.199999999999999956e-01 2.204426427879536448e+02
1.204999999999999960e-01 2.200323841896886563e+02
1.209999999999999964e-01 2.196365080115685089e+02
1.214999999999999969e-01 2.192220439862846035e+02
1.219999999999999973e-01 2.188228180901175222e+02
1.224999999999999978e-01 2.184208673487922283e+02
1.229999999999999982e-01 2.180170397919426080e+02
1.234999999999999987e-01 2.176118144558481617e+02
1.239999999999999991e-01 2.172037943683828871e+02
1.244999999999999996e-01 2.167959194121847872e+02
1.250000000000000000e-01 2.163866935413240356e+02
1.255000000000000004e-01 2.159888318611720592e+02
1.260000000000000009e-01 2.155762648795401901e+02
1.265000000000000013e-01 2.151750765848810829e+02
1.270000000000000018e-01 2.147732742573278699e+02
1.275000000000000022e-01 2.143553608504846579e+02
1.280000000000000027e-01 2.139503245561572840e+02
1.285000000000000031e-01 2.135588873466156770e+02
1.290000000000000036e-01 2.131506171706786859e+02
1.295000000000000040e-01 2.127402467593212236e+02
1.300000000000000044e-01 2.123444929151861800e+02
1.305000000000000049e-01 2.119309301308604176e+02
1.310000000000000053e-01 2.115306098499708867e+02
1.315000000000000058e-01 2.111137848889124200e+02
1.320000000000000062e-01 2.107121412270125234e+02
1.325000000000000067e-01 2.103078648335732623e+02
1.330000000000000071e-01 2.099018891109688525e+02
1.335000000000000075e-01 2.095104955005687088e+02
1.340000000000000080e-01 2.091011563382238592e+02
1.345000000000000084e-01 2.086905916903962463e+02
1.350000000000000089e-01 2.082941664485433932e+02
1.355000000000000093e-01 2.078810567722783844e+02
1.360000000000000098e-01 2.074815218033371309e+02
1.365000000000000102e-01 2.070794910933032611e+02
1.370000000000000107e-01 2.066774538866707189e+02
1.375000000000000111e-01 2.062722788968045791e+02
1.380000000000000115e-01 2.058671506716934516e+02
1.385000000000000120e-01 2.054593986045033773e+02
1.390000000000000124e-01 2.050669161267881577e+02
1.395000000000000129e-01 2.046561092628019765e+02
1.400000000000000133e-01 2.042605271471610422e+02
1.405000000000000138e-01 2.038465811688255087e+02
1.409999999999999865e-01 2.034472667041449654e+02
1.414999999999999869e-01 2.030467728553733195e+02
1.419999999999999873e-01 2.026456822620554874e+02
1.424999999999999878e-01 2.022408915145776120e+02
1.429999999999999882e-01 2.018367740076703001e+02
1.434999999999999887e-01 2.014300499532618858e+02
1.439999999999999891e-01 2.010383559474112189e+02
1.444999999999999896e-01 2.006292045385194740e+02
1.449999999999999900e-01 2.002345396223210798e+02
1.454999999999999905e-01 1.998205485394203720e+02
1.459999999999999909e-01 1.994239919697743915e+02
1.464999999999999913e-01 1.990244515780875076e+02
1.469999999999999918e-01 1.986237875644358439e+02
1.474999999999999922e-01 1.982224752055206238e+02
1.479999999999999927e-01 1.978187937342878797e+02
1.484999999999999931e-01 1.974132143953414982e+02
1.489999999999999936e-01 1.970236406774235718e+02
1.494999999999999940e-01 1.966162572251346319e+02
1.499999999999999944e-01 1.962245067739392823e+02
1.504999999999999949e-01 1.958129039016889408e+02
1.509999999999999953e-01 1.954174848326876486e+02
1.514999999999999958e-01 1.950214887598287419e+02
1.519999999999999962e-01 1.946231570326223448e+02
1.524999999999999967e-01 1.942236314971995625e+02
1.529999999999999971e-01 1.938223351676059565e+02
1.534999999999999976e-01 1.934193111851622291e+02
1.539999999999999980e-01 1.930156030945342707e+02
1.544999999999999984e-01 1.926285217939217205e+02
1.549999999999999989e-01 1.922212687856040532e+02
1.554999999999999993e-01 1.918307064661519235e+02
1.559999999999999998e-01 1.914204832234397315e+02
1.565000000000000002e-01 1.910265141129577557e+02
1.570000000000000007e-01 1.906319040441921118e+02
1.575000000000000011e-01 1.902361430525958497e+02
1.580000000000000016e-01 1.898386843337210053e+02
1.585000000000000020e-01 1.894389248879487013e+02
1.590000000000000024e-01 1.890385377057446874e+02
1.595000000000000029e-01 1.886358654663953871e+02
1.600000000000000033e-01 1.882502846023286907e+02
1.605000000000000038e-01 1.878459180266783335e+02
1.610000000000000042e-01 1.874580214479290134e+02
1.615000000000000047e-01 1.870495910645739457e+02
1.620000000000000051e-01 1.866590086474788279e+02
1.625000000000000056e-01 1.862673165996381783e+02
1.630000000000000060e-01 1.858733042731358864e+02
1.635000000000000064e-01 1.854591655406690904e+02
1.640000000000000069e-01 1.850826679084870818e+02
1.645000000000000073e-01 1.846841440200697377e+02
1.650000000000000078e-01 1.842846227427862686e+02
1.655000000000000082e-01 1.838845012471594202e+02
1.660000000000000087e-01 1.835008569379261303e+02
1.665000000000000091e-01 1.830978760350305947e+02
1.670000000000000095e-01 1.827116822162322478e+02
1.675000000000000100e-01 1.823058417702991107e+02
1.680000000000000104e-01 1.819168044041179826e+02
1.685000000000000109e-01 1.815266564623273098e+02
1.690000000000000113e-01 1.811360532522495532e+02
1.695000000000000118e-01 1.807436689858899683e+02
1.700000000000000122e-01 1.803491866755644537e+02
1.705000000000000127e-01 1.799537401182055874e+02
1.710000000000000131e-01 1.795575308554290075e+02
1.715000000000000135e-01 1.791591474432959785e+02
1.719999999999999862e-01 1.787791216873603730e+02
1.724999999999999867e-01 1.783785491432035428e+02
1.729999999999999871e-01 1.779958650744481190e+02
1.734999999999999876e-01 1.775920995805260532e+02
1.739999999999999880e-01 1.772065923837096761e+02
1.744999999999999885e-01 1.768206319694164392e+02
1.749999999999999889e-01 1.764326877012436796e+02
1.754999999999999893e-01 1.760430136164233375e+02
1.759999999999999898e-01 1.756528245901183709e+02
1.764999999999999902e-01 1.752605910109298009e+02
1.769999999999999907e-01 1.748676595777112652e+02
1.774999999999999911e-01 1.744736621450051359e+02
1.779999999999999916e-01 1.740970305159328575e+02
1.784999999999999920e-01 1.737008813639797893e+02
1.789999999999999925e-01 1.733216745429449190e+02
1.794999999999999929e-01 1.729228875204122460e+02
1.799999999999999933e-01 1.725420146389466254e+02
1.804999999999999938e-01 1.721596874774114383e+02
1.809999999999999942e-01 1.717560629598554272e+02
1.814999999999999947e-01 1.713715252631123462e+02
1.819999999999999951e-01 1.709850546110363041e+02
1.824999999999999956e-01 1.705979220436074115e+02
1.829999999999999960e-01 1.702102706274258708e+02
1.834999999999999964e-01 1.698405579618027446e+02
1.839999999999999969e-01 1.694497886623045702e+02
1.844999999999999973e-01 1.690573187592022180e+02
1.849999999999999978e-01 1.686846216362945086e+02
1.854999999999999982e-01 1.682900817832301925e+02
1.859999999999999987e-01 1.679142820848774988e+02
1.864999999999999991e-01 1.675171506139515714e+02
1.869999999999999996e-01 1.671397797305580184e+02
1.875000000000000000e-01 1.667608575951471721e+02
1.880000000000000004e-01 1.663809054829419836e+02
1.885000000000000009e-01 1.659999208846655563e+02
1.890000000000000013e-01 1.656170092360082720e+02
1.895000000000000018e-01 1.652334541491864570e+02
1.900000000000000022e-01 1.648483811457407455e+02
1.905000000000000027e-01 1.644618141859158982e+02
1.910000000000000031e-01 1.640959019664532548e+02
1.915000000000000036e-01 1.637077256620114838e+02
1.920000000000000040e-01 1.633178833892419277e+02
1.925000000000000044e-01 1.629475452292432749e+02
1.930000000000000049e-01 1.625556938105322047e+02
1.935000000000000053e-01 1.621832691733676768e+02
1.940000000000000058e-01 1.618103865639335766e+02
1.945000000000000062e-01 1.614355242984064205e+02
1.950000000000000067e-01 1.610610917011124172e+02
1.955000000000000071e-01 1.606842129354932069e+02
1.960000000000000075e-01 1.603058326257273336e+02
1.965000000000000080e-01 1.599264751078507629e+02
1.970000000000000084e-01 1.595464777492143469e+02
1.975000000000000089e-01 1.591654912503690866e+02
1.980000000000000093e-01 1.587825407591496969e+02
1.985000000000000098e-01 1.584205978540815636e+02
1.990000000000000102e-01 1.580360377624583350e+02
1.995000000000000107e-01 1.576716533742178115e+02
2.000000000000000111e-01 1.572854160281104612e+02
2.005000000000000115e-01 1.569181950861726307e+02
2.010000000000000120e-01 1.565513456983896106e+02
2.015000000000000124e-01 1.561611010099432804e+02
2.020000000000000129e-01 1.557908247851859755e+02
2.025000000000000133e-01 1.554200973994410901e+02
2.030000000000000138e-01 1.550487438024457845e+02
2.034999999999999865e-01 1.546754907023254475e+02
2.039999999999999869e-01 1.543016715876858598e+02
2.044999999999999873e-01 1.539491632833727692e+02
2.049999999999999878e-01 1.535724838085676254e+02
2.054999999999999882e-01 1.531952167979174817e+02
2.059999999999999887e-01 1.528394269022683432e+02
2.064999999999999891e-01 1.524600855857945305e+02
2.069999999999999896e-01 1.521019438513897910e+02
2.074999999999999900e-01 1.517196314440604681e+02
2.079999999999999905e-01 1.513594982166051750e+02
2.084999999999999909e-01 1.509989094685315649e+02
2.089999999999999913e-01 1.506130569338306771e+02
2.094999999999999918e-01 1.502496003656299877e+02
2.099999999999999922e-01 1.498850895863264441e+02
2.104999999999999927e-01 1.495192379420331577e+02
2.109999999999999931e-01 1.491531975925078939e+02
2.114999999999999936e-01 1.487852858229979631e+02
2.119999999999999940e-01 1.484400631257420571e+02
2.124999999999999944e-01 1.480698316696457084e+02
2.129999999999999949e-01 1.476989641897533829e+02
2.134999999999999953e-01 1.473504825701372170e+02
2.139999999999999958e-01 1.469772517484937850e+02
2.144999999999999962e-01 1.466269260307383888e+02
2.149999999999999967e-01 1.462512271538522839e+02
2.154999999999999971e-01 1.458994358804034164e+02
2.159999999999999976e-01 1.455458153632060601e+02
2.164999999999999980e-01 1.451670723908233640e+02
2.169999999999999984e-01 1.448107030036428853e+02
2.174999999999999989e-01 1.444546137689819432e+02
2.179999999999999993e-01 1.440967774330221118e+02
2.184999999999999998e-01 1.437375083592872613e+02
2.190000000000000002e-01 1.433777704022790545e+02
2.195000000000000007e-01 1.430174148593828534e+02
2.200000000000000011e-01 1.426552279695623326e+02
2.205000000000000016e-01 1.423163350137974419e+02
2.210000000000000020e-01 1.419522374014473769e+02
2.215000000000000024e-01 1.415871135513032470e+02
2.220000000000000029e-01 1.412459862010424274e+02
2.225000000000000033e-01 1.408784762889500257e+02
2.230000000000000038e-01 1.405346648804278402e+02
2.235000000000000042e-01 1.401910746080333183e+02
2.240000000000000047e-01 1.398206374493095723e+02
2.245000000000000051e-01 1.394736106283766333e+02
2.250000000000000056e-01 1.391264235397430014e+02
2.255000000000000060e-01 1.387775281826787932e+02
2.260000000000000064e-01 1.384280396907081467e+02
2.265000000000000069e-01 1.380777118683704145e+02
2.270000000000000073e-01 1.377264229802606508e+02
2.275000000000000078e-01 1.373733099217577660e+02
2.280000000000000082e-01 1.370200776564485352e+02
2.285000000000000087e-01 1.366650631564421019e+02
2.290000000000000091e-01 1.363349513381998293e+02
2.295000000000000095e-01 1.359791436669330267e+02
2.300000000000000100e-01 1.356209137135018352e+02
2.305000000000000104e-01 1.352884793292587062e+02
2.310000000000000109e-01 1.349544114076324490e+02
2.315000000000000113e-01 1.345932975082988889e+02
2.320000000000000118e-01 1.342577847114876022e+02
2.325000000000000122e-01 1.338946318300706935e+02
2.330000000000000127e-01 1.335573023767369421e+02
2.335000000000000131e-01 1.332186579957436550e+02
2.340000000000000135e-01 1.328787280919229943e+02
2.344999999999999862e-01 1.325378770879384831e+02
2.349999999999999867e-01 1.321972899959854431e+02
2.354999999999999871e-01 1.318545996067926467e+02
2.359999999999999876e-01 1.315109271030212881e+02
2.364999999999999880e-01 1.311656585192603188e+02
2.369999999999999885e-01 1.308475139016182993e+02
2.374999999999999889e-01 1.305007949374729606e+02
2.379999999999999893e-01 1.301537641719067437e+02
2.384999999999999898e-01 1.298323079480688875e+02
2.389999999999999902e-01 1.294826394454531453e+02
2.394999999999999907e-01 1.291594595403842902e+02
2.399999999999999911e-01 1.288071485175544808e+02
2.404999999999999916e-01 1.284825541207160882e+02
2.409999999999999920e-01 1.281567268713094450e+02
2.414999999999999925e-01 1.278019782147150494e+02
2.419999999999999929e-01 1.274735616264199507e+02
2.424999999999999933e-01 1.271447248848990483e+02
2.429999999999999938e-01 1.268149379952456286e+02
2.434999999999999942e-01 1.264842540894028957e+02
2.439999999999999947e-01 1.261519748720343870e+02
2.444999999999999951e-01 1.258198786721784899e+02
2.449999999999999956e-01 1.254857901229154891e+02
2.454999999999999960e-01 1.251507359269061084e+02
2.459999999999999964e-01 1.248158734066067268e+02
2.464999999999999969e-01 1.245073932102035457e+02
2.469999999999999973e-01 1.241693056308571812e+02
2.474999999999999978e-01 1.238595819091093517e+02
2.479999999999999982e-01 1.235203222969934274e+02
2.484999999999999987e-01 1.232088962880396110e+02
2.489999999999999991e-01 1.228670919118544305e+02
2.494999999999999996e-01 1.225532554223404844e+02
2.500000000000000000e-01 1.222102963921675496e+02
2.505000000000000004e-01 1.218946509110337502e+02
2.510000000000000009e-01 1.215785646363351304e+02
2.515000000000000013e-01 1.212612919995188321e+02
2.520000000000000018e-01 1.209424047421495345e+02
2.525000000000000022e-01 1.205943949400417949e+02
2.530000000000000027e-01 1.202741109382322691e+02
2.535000000000000031e-01 1.199536085395720306e+02
2.540000000000000036e-01 1.196611042471470228e+02
2.545000000000000040e-01 1.193382281515974768e+02
2.550000000000000044e-01 1.190147782379359853e+02
2.555000000000000049e-01 1.186903452473256095e+02
2.560000000000000053e-01 1.183640619142702803e+02
2.565000000000000058e-01 1.180675394152255819e+02
2.570000000000000062e-01 1.177404774229755020e+02
2.575000000000000067e-01 1.174423150536767935e+02
2.580000000000000071e-01 1.171123620299364347e+02
2.585000000000000075e-01 1.168128800315213596e+02
2.590000000000000080e-01 1.164814670999369923e+02
2.595000000000000084e-01 1.161795411590200047e+02
2.600000000000000089e-01 1.158767931379496048e+02
2.605000000000000093e-01 1.155432853266554503e+02
2.610000000000000098e-01 1.152388437075781127e+02
2.615000000000000102e-01 1.149335775051416277e+02
2.620000000000000107e-01 1.146274086688042075e+02
2.625000000000000111e-01 1.143200286442862534e+02
2.630000000000000115e-01 1.140124223902718796e+02
2.635000000000000120e-01 1.137036174544648190e+02
2.640000000000000124e-01 1.133936200588850909e+02
2.645000000000000129e-01 1.130834872482061968e+02
2.650000000000000133e-01 1.127720518419717592e+02
2.655000000000000138e-01 1.124910800300355334e+02
2.660000000000000142e-01 1.121781856756175273e+02
2.665000000000000147e-01 1.118636640525995034e+02
2.670000000000000151e-01 1.115485939414877237e+02
2.675000000000000155e-01 1.112647917644323741e+02
2.680000000000000160e-01 1.109477988251141198e+02
2.685000000000000164e-01 1.106619069046839172e+02
2.690000000000000169e-01 1.103430955026583575e+02
2.695000000000000173e-01 1.100555909855060861e+02
2.700000000000000178e-01 1.097679144668492199e+02
2.705000000000000182e-01 1.094466176551098187e+02
2.710000000000000187e-01 1.091564374541917601e+02
2.715000000000000191e-01 1.088657791621316875e+02
2.720000000000000195e-01 1.085743549159848556e+02
2.725000000000000200e-01 1.082820109679876737e+02
2.730000000000000204e-01 1.079881253154236163e+02
2.735000000000000209e-01 1.076940501971611326e+02
2.740000000000000213e-01 1.073993603500366731e+02
2.745000000000000218e-01 1.071036270749504524e+02
2.750000000000000222e-01 1.068072382446241875e+02
2.755000000000000226e-01 1.065098493587535700e+02
2.760000000000000231e-01 1.062110202658248710e+02
2.765000000000000235e-01 1.059119481129604594e+02
2.770000000000000240e-01 1.056454899685102191e+02
2.775000000000000244e-01 1.053446161207708087e+02
2.780000000000000249e-01 1.050424243737141126e+02
2.785000000000000253e-01 1.047737885654831160e+02
2.790000000000000258e-01 1.044705211275192482e+02
2.795000000000000262e-01 1.041994604937210482e+02
2.800000000000000266e-01 1.038944745736103954e+02
2.805000000000000271e-01 1.036228178935618303e+02
2.810000000000000275e-01 1.033154066670145852e+02
2.814999999999999725e-01 1.030421605698746532e+02
2.819999999999999729e-01 1.027672391133585990e+02
2.824999999999999734e-01 1.024578426207603172e+02
2.829999999999999738e-01 1.021816290395871505e+02
2.834999999999999742e-01 1.019052709310368101e+02
2.839999999999999747e-01 1.016272251665266282e+02
2.844999999999999751e-01 1.013492856312978461e+02
2.849999999999999756e-01 1.010699844538451231e+02
2.854999999999999760e-01 1.007903122388532893e+02
2.859999999999999765e-01 1.005094387032184926e+02
2.864999999999999769e-01 1.002280883525553463e+02
2.869999999999999774e-01 9.994557536492318661e+01
2.874999999999999778e-01 9.966259361027941566e+01
2.879999999999999782e-01 9.937851079374539154e+01
2.884999999999999787e-01 9.912932152254852269e+01
2.889999999999999791e-01 9.884395434120175139e+01
2.894999999999999796e-01 9.855746385557480949e+01
2.899999999999999800e-01 9.830603615332073275e+01
2.904999999999999805e-01 9.801836624369653350e+01
2.909999999999999809e-01 9.772919038793990865e+01
2.914999999999999813e-01 9.747564500055089809e+01
2.919999999999999818e-01 9.722196638061463148e+01
2.924999999999999822e-01 9.693069259307922891e+01
2.929999999999999827e-01 9.667501651560043285e+01
2.934999999999999831e-01 9.638173460595569964e+01
2.939999999999999836e-01 9.612471523233668336e+01
2.944999999999999840e-01 9.586677205810075009e+01
2.949999999999999845e-01 9.557125744393870548e+01
2.954999999999999849e-01 9.531201906036935156e+01
2.959999999999999853e-01 9.505180123637292411e+01
2.964999999999999858e-01 9.479116906440606272e+01
2.969999999999999862e-01 9.452950668035765602e+01
2.974999999999999867e-01 9.426737910926189556e+01
2.979999999999999871e-01 9.400449850515316541e+01
2.984999999999999876e-01 9.374059836617946928e+01
2.989999999999999880e-01 9.347618468683036497e+01
2.994999999999999885e-01 9.321102989445724063e+01
2.999999999999999889e-01 9.294511273243193727e+01
3.004999999999999893e-01 9.267787570665392138e+01
3.009999999999999898e-01 9.241043201320347578e+01
3.014999999999999902e-01 9.218044415295591421e+01
3.019999999999999907e-01 9.191095240249100584e+01
3.024999999999999911e-01 9.164120642479682033e+01
3.029999999999999916e-01 9.140948373635993107e+01
3.034999999999999920e-01 9.113773334283246186e+01
3.039999999999999925e-01 9.086514460376736224e+01
3.044999999999999929e-01 9.063174022892042103e+01
3.049999999999999933e-01 9.035761171649686219e+01
3.054999999999999938e-01 9.012262923687835325e+01
3.059999999999999942e-01 8.984691981772927249e+01
3.064999999999999947e-01 8.961000269247669792e+01
3.069999999999999951e-01 8.937298362023658171e+01
3.074999999999999956e-01 8.909496931624781269e+01
3.079999999999999960e-01 8.885682010024190447e+01
3.084999999999999964e-01 8.861729783851504294e+01
3.089999999999999969e-01 8.837712608197828956e+01
3.094999999999999973e-01 8.809593560040403304e+01
3.099999999999999978e-01 8.785429319904962142e+01
3.104999999999999982e-01 8.761223271447663308e+01
3.109999999999999987e-01 8.736926908880732867e+01
3.114999999999999991e-01 8.712561406711286338e+01
3.119999999999999996e-01 8.688125914591618937e+01
3.125000000000000000e-01 8.663651009987238183e+01
3.130000000000000004e-01 8.639082630153653497e+01
3.135000000000000009e-01 8.614443267715360264e+01
3.140000000000000013e-01 8.589755136838384431e+01
3.145000000000000018e-01 8.564972703533534570e+01
3.150000000000000022e-01 8.540067136113553659e+01
3.155000000000000027e-01 8.519335677504896864e+01
3.160000000000000031e-01 8.494342209975961566e+01
3.165000000000000036e-01 8.469300524126177265e+01
3.170000000000000040e-01 8.444159475053749020e+01
3.175000000000000044e-01 8.421429747185371184e+01
3.180000000000000049e-01 8.397865851623548394e+01
3.185000000000000053e-01 8.374161031087007245e+01
3.190000000000000058e-01 8.350439362550139322e+01
3.195000000000000062e-01 8.326622992186948125e+01
3.200000000000000067e-01 8.303195132176334425e+01
3.205000000000000071e-01 8.279696307415974843e+01
3.210000000000000075e-01 8.256534824887339141e+01
3.215000000000000080e-01 8.232901778393029701e+01
3.220000000000000084e-01 8.209612944660841549e+01
3.225000000000000089e-01 8.186667529980252311e+01
3.230000000000000093e-01 8.163271153374550693e+01
3.235000000000000098e-01 8.140220342783881335e+01
3.240000000000000102e-01 8.117082771570230193e+01
3.245000000000000107e-01 8.094382580103753355e+01
3.250000000000000111e-01 8.071548954782744545e+01
3.255000000000000115e-01 8.048674292044263723e+01
3.260000000000000120e-01 8.025749529536793148e+01
3.265000000000000124e-01 8.003169524487557851e+01
3.270000000000000129e-01 7.980544800093267099e+01
3.275000000000000133e-01 7.957832834794020016e+01
3.280000000000000138e-01 7.935081029564109656e+01
3.285000000000000142e-01 7.912731840822195295e+01
3.290000000000000147e-01 7.890298546728645590e+01
3.295000000000000151e-01 7.868227371019186478e+01
3.300000000000000155e-01 7.845666227554171712e+01
3.305000000000000160e-01 7.823473631203745526e+01
3.310000000000000164e-01 7.801215055259605435e+01
3.315000000000000169e-01 7.779373943856603546e+01
3.320000000000000173e-01 7.757448119370040729e+01
3.325000000000000178e-01 7.735482356194467002e+01
3.330000000000000182e-01 7.713428307492328884e+01
3.335000000000000187e-01 7.691335395954149590e+01
3.340000000000000191e-01 7.669617483669675551e+01
3.345000000000000195e-01 7.647820519092746849e+01
3.350000000000000200e-01 7.626448952425046457e+01
3.355000000000000204e-01 7.604571037607496464e+01
3.360000000000000209e-01 7.583079063157822475e+01
3.365000000000000213e-01 7.561542553453607240e+01
3.370000000000000218e-01 7.540398080281197224e+01
3.375000000000000222e-01 7.518699346743970580e+01
3.380000000000000226e-01 7.497428615941569774e+01
3.385000000000000231e-01 7.476124688540100749e+01
3.390000000000000235e-01 7.455214019788840574e+01
3.395000000000000240e-01 7.434222659709539016e+01
3.400000000000000244e-01 7.412712834813002871e+01
3.405000000000000249e-01 7.392126284666825597e+01
3.410000000000000253e-01 7.370934820785268471e+01
3.415000000000000258e-01 7.350227430341210777e+01
3.420000000000000262e-01 7.329437516742575554e+01
3.425000000000000266e-01 7.308571325443831768e+01
3.430000000000000271e-01 7.287665234496765265e+01
3.435000000000000275e-01 7.267168194817918447e+01
3.439999999999999725e-01 7.246635697787557717e+01
3.444999999999999729e-01 7.226023084780203476e+01
3.449999999999999734e-01 7.205371994421321347e+01
3.454999999999999738e-01 7.185133514397846000e+01
3.459999999999999742e-01 7.164859978677289121e+01
3.464999999999999747e-01 7.144506682208992743e+01
3.469999999999999751e-01 7.124116528946690607e+01
3.474999999999999756e-01 7.104149277872771506e+01
3.479999999999999760e-01 7.084145992189232288e+01
3.484999999999999765e-01 7.064065198269908308e+01
3.489999999999999769e-01 7.043965726165043861e+01
3.494999999999999774e-01 7.023750175323397116e+01
3.499999999999999778e-01 7.004002558196488337e+01
3.504999999999999782e-01 6.984217071110685993e+01
3.509999999999999787e-01 6.964359096401196325e+01
3.514999999999999791e-01 6.944423217874435750e+01
3.519999999999999796e-01 6.925004051797472471e+01
3.524999999999999800e-01 6.905466642801273736e+01
3.529999999999999805e-01 6.885896900996738168e+01
3.534999999999999809e-01 6.866312237581266231e+01
3.539999999999999813e-01 6.847130498847447200e+01
3.544999999999999818e-01 6.827391268620877440e+01
3.549999999999999822e-01 6.808097416512528355e+01
3.554999999999999827e-01 6.788809483918556964e+01
3.559999999999999831e-01 6.769930529672107866e+01
3.564999999999999836e-01 6.750495067594847853e+01
3.569999999999999840e-01 6.731531665412238397e+01
3.574999999999999845e-01 6.712494596524918222e+01
3.579999999999999849e-01 6.693420899770742949e+01
3.584999999999999853e-01 6.674313394720664405e+01
3.589999999999999858e-01 6.655664235821443242e+01
3.594999999999999862e-01 6.636961580902175228e+01
3.599999999999999867e-01 6.618187011898152150e+01
3.604999999999999871e-01 6.599379503173905448e+01
3.609999999999999876e-01 6.580498896629066508e+01
3.614999999999999880e-01 6.562126393948184955e+01
3.619999999999999885e-01 6.543700299566089029e+01
3.624999999999999889e-01 6.525204822767497603e+01
3.629999999999999893e-01 6.506713141957615676e+01
3.634999999999999898e-01 6.488111583318925568e+01
3.639999999999999902e-01 6.470021308383233816e+01
3.644999999999999907e-01 6.451883661743900689e+01
3.649999999999999911e-01 6.433676799191535167e+01
3.654999999999999916e-01 6.415436787774801530e+01
3.659999999999999920e-01 6.397123553753462488e+01
3.664999999999999925e-01 6.379336361225232821e+01
3.669999999999999929e-01 6.360938888893912235e+01
3.674999999999999933e-01 6.343029927343503260e+01
3.679999999999999938e-01 6.325088399007317008e+01
3.684999999999999942e-01 6.307640958081869087e+01
3.689999999999999947e-01 6.289599525482446296e+01
3.694999999999999951e-01 6.272073095214876304e+01
3.699999999999999956e-01 6.254477212800294694e+01
3.704999999999999960e-01 6.236851227432420330e+01
3.709999999999999964e-01 6.219139495558066244e+01
3.714999999999999969e-01 6.201395610747047726e+01
3.719999999999999973e-01 6.184192293956369468e+01
3.724999999999999978e-01 6.166347078311542163e+01
3.729999999999999982e-01 6.149045224929369624e+01
3.734999999999999987e-01 6.131695734926372410e+01
3.739999999999999991e-01 6.114859027556341431e+01
3.744999999999999996e-01 6.097411390623876315e+01
3.750000000000000000e-01 6.080463094848990835e+01
3.755000000000000004e-01 6.062898229330485123e+01
3.760000000000000009e-01 6.045887229900636584e+01
3.765000000000000013e-01 6.028830233777459569e+01
3.770000000000000018e-01 6.012297059840429370e+01
3.775000000000000022e-01 5.995143136097014036e+01
3.780000000000000027e-01 5.978497406405308112e+01
3.785000000000000031e-01 5.961825603907700355e+01
3.790000000000000036e-01 5.944525430153470325e+01
3.795000000000000040e-01 5.928358144982687605e+01
3.800000000000000044e-01 5.911559602642046940e+01
3.805000000000000049e-01 5.894715211852057024e+01
3.810000000000000053e-01 5.878376576601397829e+01
3.815000000000000058e-01 5.862041643239156485e+01
3.820000000000000062e-01 5.845053649170677801e+01
3.825000000000000067e-01 5.829218910230362383e+01
3.830000000000000071e-01 5.812713087498499220e+01
3.835000000000000075e-01 5.796193888649085579e+01
3.840000000000000080e-01 5.780224662900242549e+01
3.845000000000000084e-01 5.763611676206051726e+01
3.850000000000000089e-01 5.747536507962595209e+01
3.855000000000000093e-01 5.731432361906230000e+01
3.860000000000000098e-01 5.715296133055383621e+01
3.865000000000000102e-01 5.699709169564816591e+01
3.870000000000000107e-01 5.683468079618769764e+01
3.875000000000000111e-01 5.667826604133580304e+01
3.880000000000000115e-01 5.651509358124895499e+01
3.885000000000000120e-01 5.635728816837794142e+01
3.890000000000000124e-01 5.619953163150994158e+01
3.895000000000000129e-01 5.604132788904266960e+01
3.900000000000000133e-01 5.588853701768896087e+01
3.905000000000000138e-01 5.572945034289595156e+01
3.910000000000000142e-01 5.557630937362615953e+01
3.915000000000000147e-01 5.542225812784177208e+01
3.920000000000000151e-01 5.526178389405367142e+01
3.925000000000000155e-01 5.511379522096114414e+01
3.930000000000000160e-01 5.495844655037598869e+01
3.935000000000000164e-01 5.480313003242764580e+01
3.940000000000000169e-01 5.464735622316816688e+01
3.945000000000000173e-01 5.449721102023399055e+01
3.950000000000000178e-01 5.434712595972258953e+01
3.955000000000000182e-01 5.419629442980490097e+01
3.960000000000000187e-01 5.404519464987849631e+01
3.965000000000000191e-01 5.389382538055028959e+01
3.970000000000000195e-01 5.374173146892474051e+01
3.975000000000000200e-01 5.358951504018740764e+01
3.980000000000000204e-01 5.344334953962736279e+01
3.985000000000000209e-01 5.329664658160341162e+01
3.990000000000000213e-01 5.314314293191767291e+01
3.995000000000000218e-01 5.299545674967767894e+01
4.000000000000000222e-01 5.284780122643969236e+01
4.005000000000000226e-01 5.269974445070661773e+01
4.010000000000000231e-01 5.255758398939708798e+01
4.015000000000000235e-01 5.240868199143542938e+01
4.020000000000000240e-01 5.226586616602582325e+01
4.025000000000000244e-01 5.211598811069005421e+01
4.030000000000000249e-01 5.197237974325292953e+01
4.035000000000000253e-01 5.182867563898047081e+01
4.040000000000000258e-01 5.168441724774574197e+01
4.045000000000000262e-01 5.153958783206947913e+01
4.050000000000000266e-01 5.140157753681103259e+01
4.055000000000000271e-01 5.125596299330643291e+01
4.060000000000000275e-01 5.111704771030434102e+01
4.064999999999999725e-01 5.097058596388022522e+01
4.069999999999999729e-01 5.083103503200799622e+01
4.074999999999999734e-01 5.069065561060401848e+01
4.079999999999999738e-01 5.055032835777614508e+01
4.084999999999999742e-01 5.040929796078818015e+01
4.089999999999999747e-01 5.026817788488504135e+01
4.094999999999999751e-01 5.013361377692940124e+01
4.099999999999999756e-01 4.999141267265378730e+01
4.104999999999999760e-01 4.985623141731508667e+01
4.109999999999999765e-01 4.971309581532207744e+01
4.114999999999999769e-01 4.957714944402084001e+01
4.119999999999999774e-01 4.944055206427747606e+01
4.124999999999999778e-01 4.930384771163277691e+01
4.129999999999999782e-01 4.916634723098790261e+01
4.134999999999999787e-01 4.903615006532195508e+01
4.139999999999999791e-01 4.889803958709333642e+01
4.144999999999999796e-01 4.875939250823162041e+01
4.149999999999999800e-01 4.862807141009298562e+01
4.154999999999999805e-01 4.849613733539690941e+01
4.159999999999999809e-01 4.835675531658655046e+01
4.164999999999999813e-01 4.822392396007145976e+01
4.169999999999999818e-01 4.809114436379628899e+01
4.174999999999999822e-01 4.795772929122571782e+01
4.179999999999999827e-01 4.783166777405590864e+01
4.184999999999999831e-01 4.769738355036853505e+01
4.189999999999999836e-01 4.756313490046040471e+01
4.194999999999999840e-01 4.743572296785423248e+01
4.199999999999999845e-01 4.730812161073566813e+01
4.204999999999999849e-01 4.717248553662392396e+01
4.209999999999999853e-01 4.704403002044676185e+01
4.214999999999999858e-01 4.691546308577226654e+01
4.219999999999999862e-01 4.678616212097578853e+01
4.224999999999999867e-01 4.665690743156396536e+01
4.229999999999999871e-01 4.652702221574783437e+01
4.234999999999999876e-01 4.640470505452186956e+01
4.239999999999999880e-01 4.627397148785882308e+01
4.244999999999999885e-01 4.615072486836186272e+01
4.249999999999999889e-01 4.601965958423681258e+01
4.254999999999999893e-01 4.589572910664576710e+01
4.259999999999999898e-01 4.577157707367687323e+01
4.264999999999999902e-01 4.564695553252698801e+01
4.269999999999999907e-01 4.552200455631669485e+01
4.274999999999999911e-01 4.539697142003049635e+01
4.279999999999999916e-01 4.527118257979141447e+01
4.284999999999999920e-01 4.514544994534319500e+01
4.289999999999999925e-01 4.501910342876181659e+01
4.294999999999999929e-01 4.490033228360184125e+01
4.299999999999999933e-01 4.477354888131994670e+01
4.304999999999999938e-01 4.465398086489268081e+01
4.309999999999999942e-01 4.453449203017969182e+01
4.314999999999999947e-01 4.441442128751543095e+01
4.319999999999999951e-01 4.428596866702021373e+01
4.324999999999999956e-01 4.416534782496032108e+01
4.329999999999999960e-01 4.405234333512698441e+01
4.334999999999999964e-01 4.393094988344006424e+01
4.339999999999999969e-01 4.380947170857362494e+01
4.344999999999999973e-01 4.368727648537891639e+01
4.349999999999999978e-01 4.357328219943097736e+01
4.354999999999999982e-01 4.345054481049962192e+01
4.359999999999999987e-01 4.333567008823453648e+01
4.364999999999999991e-01 4.321250407248247427e+01
4.369999999999999996e-01 4.309686558776348875e+01
4.375000000000000000e-01 4.298104246057017264e+01
4.380000000000000004e-01 4.286516743058533763e+01
4.385000000000000009e-01 4.274872739016453949e+01
4.390000000000000013e-01 4.263184261713563927e+01
4.395000000000000018e-01 4.251499510445150776e+01
4.400000000000000022e-01 4.239758669014019432e+01
4.405000000000000027e-01 4.228827868064539786e+01
4.410000000000000031e-01 4.217048164131841759e+01
4.415000000000000036e-01 4.205198636072812945e+01
4.420000000000000040e-01 4.194176585901006149e+01
4.425000000000000044e-01 4.183149575168113898e+01
4.430000000000000049e-01 4.171215607695233984e+01
4.435000000000000053e-01 4.160103997287338728e+01
4.440000000000000058e-01 4.148974713523232083e+01
4.445000000000000062e-01 4.137802179522446977e+01
4.450000000000000067e-01 4.126600377607149284e+01
4.455000000000000071e-01 4.115391696985776804e+01
4.460000000000000075e-01 4.104128631989442511e+01
4.465000000000000080e-01 4.092822140552780752e+01
4.470000000000000084e-01 4.082390760156338416e+01
4.475000000000000089e-01 4.071035811800165050e+01
4.480000000000000093e-01 4.060525849893398487e+01
4.485000000000000098e-01 4.049120882831447688e+01
4.490000000000000102e-01 4.038554639427869830e+01
4.495000000000000107e-01 4.027074459052321487e+01
4.500000000000000111e-01 4.016450155078885587e+01
4.505000000000000115e-01 4.005820566500857183e+01
4.510000000000000120e-01 3.995127627075750354e+01
4.515000000000000124e-01 3.984417738029239331e+01
4.520000000000000129e-01 3.973700671545949348e+01
4.525000000000000133e-01 3.962932414634900624e+01
4.530000000000000138e-01 3.952134856867760249e+01
4.535000000000000142e-01 3.941317614386687751e+01
4.540000000000000147e-01 3.930459352089943081e+01
4.545000000000000151e-01 3.920480955063793260e+01
4.550000000000000155e-01 3.909565679147905826e+01
4.555000000000000160e-01 3.899556554089478766e+01
4.560000000000000164e-01 3.888570802468720444e+01
4.565000000000000169e-01 3.878483200247833906e+01
4.570000000000000173e-01 3.868392749466256930e+01
4.575000000000000178e-01 3.857329405797838717e+01
4.580000000000000182e-01 3.847159580493974573e+01
4.585000000000000187e-01 3.836974797526178804e+01
4.590000000000000191e-01 3.826749595687140015e+01
4.595000000000000195e-01 3.816499301635284525e+01
4.600000000000000200e-01 3.806221037113306238e+01
4.605000000000000204e-01 3.795936649822650111e+01
4.610000000000000209e-01 3.785602472880730573e+01
4.615000000000000213e-01 3.776171802659451515e+01
4.620000000000000218e-01 3.765804890265524563e+01
4.625000000000000222e-01 3.755387156197919296e+01
4.630000000000000226e-01 3.745892274912303321e+01
4.635000000000000231e-01 3.735418887651024988e+01
4.640000000000000235e-01 3.725882633669992572e+01
4.645000000000000240e-01 3.716312029864076294e+01
4.650000000000000244e-01 3.705753719225293707e+01
4.655000000000000249e-01 3.696130777927149325e+01
4.660000000000000253e-01 3.686504034411557029e+01
4.665000000000000258e-01 3.676818502791324761e+01
4.670000000000000262e-01 3.667119269373891655e+01
4.675000000000000266e-01 3.657415451548256868e+01
4.680000000000000271e-01 3.647664291156649341e+01
4.685000000000000275e-01 3.637887004872639807e+01
4.689999999999999725e-01 3.628071554177284241e+01
4.694999999999999729e-01 3.618260943388002460e+01
4.699999999999999734e-01 3.608403526473687606e+01
4.704999999999999738e-01 3.599508820901372275e+01
4.709999999999999742e-01 3.589599810105812594e+01
4.714999999999999747e-01 3.579683021978045332e+01
4.719999999999999751e-01 3.570706912966372926e+01
4.724999999999999756e-01 3.560717400530528920e+01
4.729999999999999760e-01 3.551703666525443737e+01
4.734999999999999765e-01 3.542687304666034009e+01
4.739999999999999769e-01 3.532616970256167832e+01
4.744999999999999774e-01 3.523530966697735778e+01
4.749999999999999778e-01 3.514411200525194801e+01
4.754999999999999782e-01 3.505298223552581760e+01
4.759999999999999787e-01 3.496140853943140314e+01
4.764999999999999791e-01 3.486957319441747671e+01
4.769999999999999796e-01 3.477751592573701345e+01
4.774999999999999800e-01 3.468541180938231605e+01
4.779999999999999805e-01 3.459276070341385889e+01
4.784999999999999809e-01 3.449996031139873054e+01
4.789999999999999813e-01 3.440689949339748921e+01
4.794999999999999818e-01 3.431379361286219165e+01
4.799999999999999822e-01 3.423065361921710803e+01
4.804999999999999827e-01 3.413676443098000846e+01
4.809999999999999831e-01 3.404271532856511584e+01
4.814999999999999836e-01 3.395908362236902889e+01
4.819999999999999840e-01 3.386453906786529444e+01
4.824999999999999845e-01 3.378027701216245049e+01
4.829999999999999849e-01 3.369581216471768670e+01
4.834999999999999853e-01 3.360062150950894022e+01
4.839999999999999858e-01 3.351569270285816060e+01
4.844999999999999862e-01 3.343055606873771524e+01
4.849999999999999867e-01 3.333450619219205180e+01
4.854999999999999871e-01 3.324909587145178591e+01
4.859999999999999876e-01 3.316327321114584947e+01
4.864999999999999880e-01 3.307713067119021844e+01
4.869999999999999885e-01 3.299084748639127440e+01
4.874999999999999889e-01 3.290434890733619255e+01
4.879999999999999893e-01 3.281781097193333352e+01
4.884999999999999898e-01 3.273084052142782241e+01
4.889999999999999902e-01 3.264355235324679683e+01
4.894999999999999907e-01 3.256707916860604257e+01
4.899999999999999911e-01 3.247962403238630458e+01
4.904999999999999916e-01 3.239175183775255817e+01
4.909999999999999920e-01 3.230364091191476206e+01
4.914999999999999925e-01 3.222635571963986223e+01
4.919999999999999929e-01 3.213788073254976041e+01
4.924999999999999933e-01 3.206018521843810021e+01
4.929999999999999938e-01 3.197115621216998349e+01
4.934999999999999942e-01 3.189306133648104336e+01
4.939999999999999947e-01 3.180356174199357611e+01
4.944999999999999951e-01 3.172521839945536115e+01
4.949999999999999956e-01 3.164641285548199434e+01
4.954999999999999960e-01 3.155621130085123482e+01
4.959999999999999964e-01 3.147708212171012221e+01
4.964999999999999969e-01 3.139793359615130086e+01
4.969999999999999973e-01 3.131840184003926097e+01
4.974999999999999978e-01 3.123866754955454894e+01
4.979999999999999982e-01 3.114717999844375740e+01
4.984999999999999987e-01 3.106718453956298021e+01
4.989999999999999991e-01 3.098679993241958286e+01
4.994999999999999996e-01 3.090620624791354487e+01
5.000000000000000000e-01 3.082540106462845486e+01
5.004999999999999449e-01 3.075605124194773055e+01
5.010000000000000009e-01 3.067484801803527006e+01
5.014999999999999458e-01 3.059342970199701739e+01
5.020000000000000018e-01 3.051179121764564073e+01
5.024999999999999467e-01 3.042993274308095408e+01
5.030000000000000027e-01 3.035977254643628598e+01
5.034999999999999476e-01 3.027741328782438046e+01
5.040000000000000036e-01 3.019491665727057139e+01
5.044999999999999485e-01 3.012403618433370056e+01
5.050000000000000044e-01 3.004129169535720578e+01
5.054999999999999494e-01 2.997004645369273135e+01
5.060000000000000053e-01 2.988660280058772756e+01
5.064999999999999503e-01 2.981497631209384025e+01
5.070000000000000062e-01 2.973135566267071894e+01
5.074999999999999512e-01 2.965936143034120676e+01
5.080000000000000071e-01 2.958719312471033192e+01
5.084999999999999520e-01 2.950266216659931473e+01
5.090000000000000080e-01 2.943027843103702068e+01
5.094999999999999529e-01 2.935754408195249354e+01
5.100000000000000089e-01 2.928462713820334429e+01
5.104999999999999538e-01 2.921152763618552228e+01
5.110000000000000098e-01 2.912615822525427234e+01
5.114999999999999547e-01 2.905257193778448865e+01
5.120000000000000107e-01 2.897888508458299839e+01
5.124999999999999556e-01 2.890500013877369767e+01
5.130000000000000115e-01 2.883110013923169035e+01
5.134999999999999565e-01 2.875684133871203585e+01
5.140000000000000124e-01 2.868229879880221489e+01
5.144999999999999574e-01 2.860765358591457641e+01
5.150000000000000133e-01 2.854531209621454479e+01
5.154999999999999583e-01 2.847047051284598496e+01
5.160000000000000142e-01 2.839526353050258223e+01
5.164999999999999591e-01 2.831984813572668713e+01
5.170000000000000151e-01 2.824415696924903330e+01
5.174999999999999600e-01 2.818117084931381555e+01
5.180000000000000160e-01 2.810518758062113776e+01
5.184999999999999609e-01 2.802898937917008482e+01
5.190000000000000169e-01 2.796535120456263712e+01
5.194999999999999618e-01 2.788884750542290902e+01
5.200000000000000178e-01 2.782487764348444870e+01
5.204999999999999627e-01 2.774791431214125836e+01
5.210000000000000187e-01 2.768362713754602211e+01
5.214999999999999636e-01 2.760642693256997049e+01
5.220000000000000195e-01 2.754171909992676603e+01
5.224999999999999645e-01 2.746395849776246223e+01
5.230000000000000204e-01 2.739900165166610790e+01
5.234999999999999654e-01 2.733404594407939925e+01
5.240000000000000213e-01 2.725568929215835468e+01
5.244999999999999662e-01 2.719015177735827393e+01
5.250000000000000222e-01 2.712452002760908698e+01
5.254999999999999671e-01 2.705874418122355607e+01
5.260000000000000231e-01 2.697974025507296147e+01
5.264999999999999680e-01 2.691360830194385656e+01
5.270000000000000240e-01 2.684723463236725394e+01
5.274999999999999689e-01 2.678076759391604966e+01
5.280000000000000249e-01 2.671429386890531887e+01
5.284999999999999698e-01 2.664615976526496155e+01
5.290000000000000258e-01 2.657919278605778501e+01
5.294999999999999707e-01 2.651205682103799433e+01
5.300000000000000266e-01 2.644617470544245919e+01
5.304999999999999716e-01 2.637869084929112162e+01
5.310000000000000275e-01 2.631238918840192653e+01
5.314999999999999725e-01 2.624592699902611059e+01
5.320000000000000284e-01 2.618080876856926764e+01
5.324999999999999734e-01 2.611393265710534806e+01
5.330000000000000293e-01 2.604833235939629077e+01
5.334999999999999742e-01 2.598254970008364850e+01
5.340000000000000302e-01 2.591814020979107980e+01
5.344999999999999751e-01 2.585342042901388382e+01
5.350000000000000311e-01 2.578846075897357792e+01
5.354999999999999760e-01 2.572341268078975318e+01
5.360000000000000320e-01 2.565833970290642796e+01
5.364999999999999769e-01 2.559435332941333030e+01
5.370000000000000329e-01 2.553020412616680090e+01
5.374999999999999778e-01 2.546581272496204207e+01
5.380000000000000338e-01 2.540274530530184549e+01
5.384999999999999787e-01 2.533825635836944912e+01
5.390000000000000346e-01 2.527627196346707095e+01
5.394999999999999796e-01 2.521272682062907222e+01
5.400000000000000355e-01 2.514894703899220119e+01
5.404999999999999805e-01 2.508664552970912354e+01
5.410000000000000364e-01 2.502404326364443321e+01
5.414999999999999813e-01 2.496128144611555655e+01
5.420000000000000373e-01 2.489978786220317275e+01
5.424999999999999822e-01 2.483678271698360263e+01
5.430000000000000382e-01 2.477498551399973437e+01
5.434999999999999831e-01 2.471303403311049607e+01
5.440000000000000391e-01 2.465236457869732334e+01
5.444999999999999840e-01 2.459024403318480978e+01
5.450000000000000400e-01 2.452927713901229723e+01
5.454999999999999849e-01 2.446807952804156372e+01
5.460000000000000409e-01 2.440826909685311819e+01
5.464999999999999858e-01 2.434684497703095829e+01
5.470000000000000417e-01 2.428687404253381743e+01
5.474999999999999867e-01 2.422660635978330035e+01
5.480000000000000426e-01 2.416612541254545476e+01
5.484999999999999876e-01 2.410555485022457844e+01
5.490000000000000435e-01 2.404646150401536531e+01
5.494999999999999885e-01 2.398708109042834025e+01
5.500000000000000444e-01 2.392755432153212425e+01
5.504999999999999893e-01 2.386780728689450726e+01
5.510000000000000453e-01 2.380961098009607113e+01
5.514999999999999902e-01 2.375113136451813034e+01
5.520000000000000462e-01 2.369100875174819620e+01
5.524999999999999911e-01 2.363375243509127799e+01
5.530000000000000471e-01 2.357491067642160942e+01
5.534999999999999920e-01 2.351585204715101796e+01
5.540000000000000480e-01 2.345816612431927339e+01
5.544999999999999929e-01 2.340032950805262857e+01
5.550000000000000488e-01 2.334249147551691550e+01
5.554999999999999938e-01 2.328583946301007757e+01
5.560000000000000497e-01 2.322757833929860283e+01
5.564999999999999947e-01 2.317071174298131808e+01
5.570000000000000506e-01 2.311370436435299780e+01
5.574999999999999956e-01 2.305667594333163350e+01
5.580000000000000515e-01 2.300086924011043266e+01
5.584999999999999964e-01 2.294343780786653397e+01
5.590000000000000524e-01 2.288742210225601070e+01
5.594999999999999973e-01 2.283139849129628018e+01
5.600000000000000533e-01 2.277510457119209875e+01
5.604999999999999982e-01 2.271859772215599094e+01
5.610000000000000542e-01 2.266359861942699538e+01
5.614999999999999991e-01 2.260859485843160144e+01
5.620000000000000551e-01 2.255174175866855535e+01
5.625000000000000000e-01 2.249633211880120953e+01
5.629999999999999449e-01 2.244230334658859505e+01
5.635000000000000009e-01 2.238662192760657632e+01
5.639999999999999458e-01 2.233252148265286507e+01
5.645000000000000018e-01 2.227816554410560101e+01
5.649999999999999467e-01 2.222367044219970822e+01
5.655000000000000027e-01 2.216904720654345695e+01
5.659999999999999476e-01 2.211422329894202932e+01
5.665000000000000036e-01 2.206107247115253855e+01
5.669999999999999485e-01 2.200766519424822576e+01
5.675000000000000044e-01 2.195249380045652643e+01
5.679999999999999494e-01 2.189882116469447837e+01
5.685000000000000053e-01 2.184671292734778802e+01
5.689999999999999503e-01 2.179277738952689703e+01
5.695000000000000062e-01 2.174034989467159917e+01
5.699999999999999512e-01 2.168779575399496906e+01
5.705000000000000071e-01 2.163511252024557052e+01
5.709999999999999520e-01 2.158241912443385147e+01
5.715000000000000080e-01 2.152941451502740122e+01
5.719999999999999529e-01 2.147634061738128963e+01
5.725000000000000089e-01 2.142479461797942264e+01
5.729999999999999538e-01 2.137313125118246049e+01
5.735000000000000098e-01 2.132146513655857589e+01
5.739999999999999547e-01 2.126954756170600547e+01
5.745000000000000107e-01 2.121744213300990367e+01
5.749999999999999556e-01 2.116695677613990867e+01
5.755000000000000115e-01 2.111465229353211370e+01
5.759999999999999565e-01 2.106391887875609470e+01
5.765000000000000124e-01 2.101318431457540115e+01
5.769999999999999574e-01 2.096220389847608701e+01
5.775000000000000133e-01 2.091103732470775967e+01
5.779999999999999583e-01 2.086151845498195101e+01
5.785000000000000142e-01 2.081016526925299814e+01
5.789999999999999591e-01 2.076052382518636108e+01
5.795000000000000151e-01 2.071063595877999575e+01
5.799999999999999600e-01 2.066063392916875330e+01
5.805000000000000160e-01 2.061051001709508768e+01
5.809999999999999609e-01 2.056020359222790717e+01
5.815000000000000169e-01 2.051156762076741558e+01
5.819999999999999618e-01 2.046119519311202950e+01
5.825000000000000178e-01 2.041232843994844259e+01
5.829999999999999627e-01 2.036334320340409221e+01
5.835000000000000187e-01 2.031423330334532551e+01
5.839999999999999636e-01 2.026500992330985795e+01
5.845000000000000195e-01 2.021737432903040244e+01
5.849999999999999645e-01 2.016790838356365612e+01
5.855000000000000204e-01 2.012021720229150290e+01
5.859999999999999654e-01 2.007229336722242152e+01
5.865000000000000213e-01 2.002425564416656201e+01
5.869999999999999662e-01 1.997610244106392585e+01
5.875000000000000222e-01 1.992783232759930101e+01
5.879999999999999671e-01 1.988124081454719061e+01
5.885000000000000231e-01 1.983273784183424837e+01
5.889999999999999680e-01 1.978597798666752183e+01
5.895000000000000240e-01 1.973723467041163460e+01
5.899999999999999689e-01 1.969018916682702880e+01
5.905000000000000249e-01 1.964303102895107855e+01
5.909999999999999698e-01 1.959757478282814702e+01
5.915000000000000258e-01 1.955019209321358886e+01
5.919999999999999707e-01 1.950269384734944822e+01
5.925000000000000266e-01 1.945702698046911294e+01
5.929999999999999716e-01 1.941113911131952818e+01
5.935000000000000275e-01 1.936329689778843743e+01
5.939999999999999725e-01 1.931712919109191873e+01
5.945000000000000284e-01 1.927276010914307136e+01
5.949999999999999734e-01 1.922643004043673542e+01
5.955000000000000293e-01 1.917998808940745192e+01
5.959999999999999742e-01 1.913529946247810187e+01
5.965000000000000302e-01 1.908862844800507119e+01
5.969999999999999751e-01 1.904372442250899766e+01
5.975000000000000311e-01 1.899871374330840368e+01
5.979999999999999760e-01 1.895359566101059912e+01
5.985000000000000320e-01 1.890836940153032941e+01
5.989999999999999769e-01 1.886303418676649812e+01
5.995000000000000329e-01 1.881948649044116451e+01
5.999999999999999778e-01 1.877404385409861476e+01
6.005000000000000338e-01 1.873028852013291257e+01
6.009999999999999787e-01 1.868643022942354648e+01
6.015000000000000346e-01 1.864055212191244237e+01
6.019999999999999796e-01 1.859648057829875967e+01
6.025000000000000355e-01 1.855422954612134134e+01
6.029999999999999805e-01 1.850995129919126825e+01
6.035000000000000364e-01 1.846556708767706212e+01
6.039999999999999813e-01 1.842301444052869286e+01
6.045000000000000373e-01 1.837831325591645992e+01
6.049999999999999822e-01 1.833555755784562180e+01
6.055000000000000382e-01 1.829270143474515109e+01
6.059999999999999831e-01 1.824974470290883133e+01
6.065000000000000391e-01 1.820668542395668865e+01
6.069999999999999840e-01 1.816352384454581070e+01
6.075000000000000400e-01 1.812025886113589124e+01
6.079999999999999849e-01 1.807886629493471276e+01
6.085000000000000409e-01 1.803539723903036318e+01
6.089999999999999858e-01 1.799380801430339005e+01
6.095000000000000417e-01 1.795013198597411019e+01
6.099999999999999867e-01 1.790839574175801019e+01
6.105000000000000426e-01 1.786650845157014800e+01
6.109999999999999876e-01 1.782452303839767183e+01
6.115000000000000435e-01 1.778243790720936346e+01
6.119999999999999885e-01 1.774025245848858745e+01
6.125000000000000444e-01 1.769988225197618803e+01
6.129999999999999893e-01 1.765749938402585428e+01
6.135000000000000453e-01 1.761704168111658220e+01
6.139999999999999902e-01 1.757649088801284520e+01
6.145000000000000462e-01 1.753385894757611396e+01
6.149999999999999911e-01 1.749311342707484229e+01
6.155000000000000471e-01 1.745217744423771933e+01
6.159999999999999920e-01 1.741124044100308410e+01
6.165000000000000480e-01 1.737020648925347288e+01
6.169999999999999929e-01 1.733113629027968017e+01
6.175000000000000488e-01 1.728991134481799463e+01
6.179999999999999938e-01 1.725070848264743262e+01
6.185000000000000497e-01 1.720919039764833158e+01
6.189999999999999947e-01 1.716975274079266001e+01
6.195000000000000506e-01 1.713022378139223889e+01
6.199999999999999956e-01 1.709065205939437249e+01
6.205000000000000515e-01 1.705083974910044375e+01
6.209999999999999964e-01 1.701103283081925710e+01
6.215000000000000524e-01 1.697113697772758556e+01
6.219999999999999973e-01 1.693114719239708776e+01
6.225000000000000533e-01 1.689312340681204816e+01
6.229999999999999982e-01 1.685294333572335290e+01
6.235000000000000542e-01 1.681479062673523828e+01
6.239999999999999991e-01 1.677437295529054140e+01
6.245000000000000551e-01 1.673604040339214549e+01
6.250000000000000000e-01 1.669761999220517268e+01
6.254999999999999449e-01 1.665901973411142123e+01
6.260000000000000009e-01 1.662046858607046573e+01
6.264999999999999458e-01 1.658177854954742969e+01
6.270000000000000018e-01 1.654290239159708875e+01
6.274999999999999467e-01 1.650624274067017083e+01
6.280000000000000027e-01 1.646728339340318215e+01
6.284999999999999476e-01 1.642814229451948904e+01
6.290000000000000036e-01 1.639117706612214675e+01
6.294999999999999485e-01 1.635417963627421400e+01
6.300000000000000044e-01 1.631476147812361788e+01
6.304999999999999494e-01 1.627753869731785130e+01
6.310000000000000053e-01 1.624028062854940302e+01
6.314999999999999503e-01 1.620279141321113059e+01
6.320000000000000062e-01 1.616530818072422093e+01
6.324999999999999512e-01 1.612778433525845401e+01
6.330000000000000071e-01 1.609225854788068943e+01
6.334999999999999520e-01 1.605452133230614464e+01
6.340000000000000080e-01 1.601891999190966231e+01
6.344999999999999529e-01 1.598095877988941282e+01
6.350000000000000089e-01 1.594519747789934350e+01
6.354999999999999538e-01 1.590710973264506833e+01
6.360000000000000098e-01 1.587113193623328300e+01
6.364999999999999547e-01 1.583512140959582482e+01
6.370000000000000107e-01 1.579902474658949707e+01
6.374999999999999556e-01 1.576275398183973664e+01
6.380000000000000115e-01 1.572653999022161564e+01
6.384999999999999565e-01 1.569019289152018004e+01
6.390000000000000124e-01 1.565366918743321456e+01
6.394999999999999574e-01 1.561945281857284229e+01
6.400000000000000133e-01 1.558285473416722056e+01
6.404999999999999583e-01 1.554847213832509389e+01
6.410000000000000142e-01 1.551166110033881651e+01
6.414999999999999591e-01 1.547711512060757677e+01
6.420000000000000151e-01 1.544249638310293626e+01
6.424999999999999600e-01 1.540779493845580994e+01
6.430000000000000160e-01 1.537069776878297311e+01
6.434999999999999609e-01 1.533583343038873359e+01
6.440000000000000169e-01 1.530089730774644963e+01
6.444999999999999618e-01 1.526587265563644813e+01
6.450000000000000178e-01 1.523307247764659422e+01
6.454999999999999627e-01 1.519789483079486914e+01
6.460000000000000187e-01 1.516263597269451679e+01
6.464999999999999636e-01 1.512965083559532431e+01
6.470000000000000195e-01 1.509418712715412703e+01
6.474999999999999645e-01 1.506105677276453392e+01
6.480000000000000204e-01 1.502556506034891548e+01
6.484999999999999654e-01 1.499223827366804151e+01
6.490000000000000213e-01 1.495887973518883740e+01
6.494999999999999662e-01 1.492548590085392668e+01
6.500000000000000222e-01 1.488957740799659391e+01
6.504999999999999671e-01 1.485603402380418991e+01
6.510000000000000231e-01 1.482482122435343896e+01
6.514999999999999680e-01 1.479104030419293636e+01
6.520000000000000240e-01 1.475726952919789881e+01
6.524999999999999689e-01 1.472341412542186667e+01
6.530000000000000249e-01 1.468948334975103798e+01
6.534999999999999698e-01 1.465791235209432841e+01
6.540000000000000258e-01 1.462383688048076991e+01
6.544999999999999707e-01 1.459207932179121414e+01
6.550000000000000266e-01 1.455783542434867961e+01
6.554999999999999716e-01 1.452602063833120738e+01
6.560000000000000275e-01 1.449408964507698627e+01
6.564999999999999725e-01 1.446213240368914477e+01
6.570000000000000284e-01 1.442762245684725819e+01
6.574999999999999734e-01 1.439543191959265656e+01
6.580000000000000293e-01 1.436324803765512925e+01
6.584999999999999742e-01 1.433099411573073034e+01
6.590000000000000302e-01 1.429870771513023975e+01
6.594999999999999751e-01 1.426876600847906396e+01
6.600000000000000311e-01 1.423629539890884743e+01
6.604999999999999760e-01 1.420379003104896576e+01
6.610000000000000320e-01 1.417112293743402240e+01
6.614999999999999769e-01 1.414099308311556236e+01
6.620000000000000329e-01 1.410825969651806844e+01
6.624999999999999778e-01 1.407799234115806719e+01
6.630000000000000338e-01 1.404507230377090288e+01
6.634999999999999787e-01 1.401474563266151208e+01
6.640000000000000346e-01 1.398430753901715740e+01
6.644999999999999796e-01 1.395372886638549481e+01
6.650000000000000355e-01 1.392315315173473778e+01
6.654999999999999805e-01 1.388989880842510516e+01
6.660000000000000364e-01 1.385926359162499111e+01
6.664999999999999813e-01 1.382843794039599850e+01
6.670000000000000373e-01 1.379762046577014090e+01
6.674999999999999822e-01 1.376932532595339431e+01
6.680000000000000382e-01 1.373837198541934868e+01
6.684999999999999831e-01 1.370730228927833672e+01
6.690000000000000391e-01 1.367616421176988339e+01
6.694999999999999840e-01 1.364769180551982153e+01
6.700000000000000400e-01 1.361644829703998916e+01
6.704999999999999849e-01 1.358780208303211801e+01
6.710000000000000409e-01 1.355645582320565268e+01
6.714999999999999858e-01 1.352771626399582416e+01
6.720000000000000417e-01 1.349626210773848456e+01
6.724999999999999867e-01 1.346738882923425606e+01
6.730000000000000426e-01 1.343840840278926585e+01
6.734999999999999876e-01 1.340947749198855909e+01
6.740000000000000435e-01 1.338037280382414096e+01
6.744999999999999885e-01 1.334859135717679024e+01
6.750000000000000444e-01 1.331949474788246057e+01
6.754999999999999893e-01 1.329020613292155062e+01
6.760000000000000453e-01 1.326367123460130060e+01
6.764999999999999902e-01 1.323432943901877401e+01
6.770000000000000462e-01 1.320492369715179137e+01
6.774999999999999911e-01 1.317547776270084547e+01
6.780000000000000471e-01 1.314592835535314919e+01
6.784999999999999920e-01 1.311907051320265793e+01
6.790000000000000480e-01 1.308949939978846544e+01
6.794999999999999929e-01 1.306251437794730919e+01
6.800000000000000488e-01 1.303280139996385500e+01
6.804999999999999938e-01 1.300572118868279858e+01
6.810000000000000497e-01 1.297583129527887991e+01
6.814999999999999947e-01 1.294870150002215325e+01
6.820000000000000506e-01 1.291873379349126694e+01
6.824999999999999956e-01 1.289146948800062198e+01
6.830000000000000515e-01 1.286411041689487966e+01
6.834999999999999964e-01 1.283679126684258165e+01
6.840000000000000524e-01 1.280929777940155567e+01
6.844999999999999973e-01 1.278189262172917218e+01
6.850000000000000533e-01 1.275430424346693847e+01
6.854999999999999982e-01 1.272669280171951378e+01
6.860000000000000542e-01 1.269904864822596657e+01
6.864999999999999991e-01 1.267137546857390085e+01
6.870000000000000551e-01 1.264360061657438195e+01
6.875000000000000000e-01 1.261575850524141096e+01
6.879999999999999449e-01 1.258788322471328414e+01
6.885000000000000009e-01 1.256275392969194549e+01
6.889999999999999458e-01 1.253475061521441170e+01
6.895000000000000018e-01 1.250954910915374185e+01
6.899999999999999467e-01 1.248148326736665759e+01
6.905000000000000027e-01 1.245616038780661405e+01
6.909999999999999476e-01 1.242796652478645747e+01
6.915000000000000036e-01 1.240255251544956039e+01
6.919999999999999485e-01 1.237418946822948129e+01
6.925000000000000044e-01 1.234866136876944509e+01
6.929999999999999494e-01 1.232306840054454256e+01
6.935000000000000053e-01 1.229749472074049166e+01
6.939999999999999503e-01 1.226893048577120204e+01
6.945000000000000062e-01 1.224312249872933300e+01
6.949999999999999512e-01 1.221739641348148631e+01
6.955000000000000071e-01 1.219153963798902574e+01
6.959999999999999520e-01 1.216562623630148998e+01
6.965000000000000080e-01 1.213971145892359083e+01
6.969999999999999529e-01 1.211374504806138042e+01
6.975000000000000089e-01 1.208767520750962632e+01
6.979999999999999538e-01 1.206452422776691513e+01
6.985000000000000098e-01 1.203833690364628950e+01
6.989999999999999547e-01 1.201208989625316015e+01
6.995000000000000107e-01 1.198584523092661058e+01
6.999999999999999556e-01 1.196254435189576526e+01
7.005000000000000115e-01 1.193614639698513180e+01
7.009999999999999565e-01 1.191269947797536233e+01
7.015000000000000124e-01 1.188621352966146283e+01
7.019999999999999574e-01 1.186272452414228695e+01
7.025000000000000133e-01 1.183604550955051060e+01
7.029999999999999583e-01 1.181244424796453885e+01
7.035000000000000142e-01 1.178878977766829728e+01
7.039999999999999591e-01 1.176198925112662508e+01
7.045000000000000151e-01 1.173819006382361430e+01
7.049999999999999600e-01 1.171439767701656187e+01
7.055000000000000160e-01 1.169049288518009710e+01
7.059999999999999609e-01 1.166658975344656390e+01
7.065000000000000169e-01 1.164260094247945432e+01
7.069999999999999618e-01 1.161859037573685782e+01
7.075000000000000178e-01 1.159449321052190740e+01
7.079999999999999627e-01 1.157033307446151049e+01
7.085000000000000187e-01 1.154618893489685583e+01
7.089999999999999636e-01 1.152191573910327982e+01
7.095000000000000195e-01 1.149765308289108035e+01
7.099999999999999645e-01 1.147643555216019529e+01
7.105000000000000204e-01 1.145206714724876029e+01
7.109999999999999654e-01 1.142760078890258946e+01
7.115000000000000213e-01 1.140630020671776101e+01
7.119999999999999662e-01 1.138172531699158263e+01
7.125000000000000222e-01 1.136032593821875025e+01
7.129999999999999671e-01 1.133570323645673206e+01
7.135000000000000231e-01 1.131417525240295596e+01
7.139999999999999680e-01 1.128943140763913888e+01
7.145000000000000240e-01 1.126780211977038348e+01
7.149999999999999689e-01 1.124618579515626493e+01
7.155000000000000249e-01 1.122123924252838734e+01
7.159999999999999698e-01 1.119952328407460307e+01
7.165000000000000258e-01 1.117771956143910472e+01
7.169999999999999707e-01 1.115590239853467303e+01
7.175000000000000266e-01 1.113406714593780755e+01
7.179999999999999716e-01 1.111211908658199121e+01
7.185000000000000275e-01 1.109018083424809653e+01
7.189999999999999725e-01 1.106819243296297017e+01
7.195000000000000284e-01 1.104612132200614205e+01
7.199999999999999734e-01 1.102406229551833228e+01
7.205000000000000293e-01 1.100195191409295248e+01
7.209999999999999742e-01 1.098308018001817565e+01
7.215000000000000302e-01 1.096086980262344568e+01
7.219999999999999751e-01 1.093857585002193922e+01
7.225000000000000311e-01 1.091626376049321934e+01
7.229999999999999760e-01 1.089721067457587012e+01
7.235000000000000320e-01 1.087470415870575380e+01
7.239999999999999769e-01 1.085554589217975874e+01
7.245000000000000329e-01 1.083627179382781236e+01
7.249999999999999778e-01 1.081284707050726901e+01
7.255000000000000338e-01 1.079275504868117075e+01
7.259999999999999787e-01 1.077262555329424742e+01
7.265000000000000346e-01 1.075245837388564496e+01
7.269999999999999796e-01 1.073225329801709549e+01
7.275000000000000355e-01 1.071201011124681912e+01
7.279999999999999805e-01 1.069172859710296564e+01
7.285000000000000364e-01 1.067140853705660319e+01
7.289999999999999813e-01 1.065104971049426119e+01
7.295000000000000373e-01 1.063065189468995442e+01
7.299999999999999822e-01 1.061021486477679154e+01
7.305000000000000382e-01 1.058973839371802761e+01
7.309999999999999831e-01 1.056922225227764933e+01
7.315000000000000391e-01 1.055209499705724063e+01
7.319999999999999840e-01 1.053150552378793137e+01
7.325000000000000400e-01 1.051087571842759871e+01
7.329999999999999849e-01 1.049020534302766983e+01
7.335000000000000409e-01 1.046949415729057797e+01
7.339999999999999858e-01 1.044874191853721790e+01
7.345000000000000417e-01 1.042794838167374216e+01
7.349999999999999867e-01 1.041058870860488206e+01
7.355000000000000426e-01 1.038971881382681062e+01
7.359999999999999876e-01 1.036880691309477776e+01
7.365000000000000435e-01 1.034785275174020747e+01
7.369999999999999885e-01 1.033035848267507006e+01
7.375000000000000444e-01 1.030932617348156377e+01
7.379999999999999893e-01 1.028825086795064969e+01
7.385000000000000453e-01 1.027065507797660793e+01
7.389999999999999902e-01 1.024950025617941840e+01
7.395000000000000462e-01 1.022830168073259571e+01
7.399999999999999911e-01 1.021060258167737445e+01
7.405000000000000471e-01 1.018932308112820451e+01
7.409999999999999920e-01 1.016799904712167013e+01
7.415000000000000480e-01 1.015019479769460453e+01
7.419999999999999929e-01 1.012878838765041678e+01
7.425000000000000488e-01 1.011091509264524291e+01
7.429999999999999938e-01 1.008942534445528061e+01
7.435000000000000497e-01 1.006788972684901040e+01
7.439999999999999947e-01 1.004990812698659930e+01
7.445000000000000506e-01 1.002828764702761255e+01
7.449999999999999956e-01 1.001023490935182636e+01
7.455000000000000515e-01 9.988528555851521773e+00
7.459999999999999964e-01 9.970403829331120349e+00
7.465000000000000524e-01 9.948610570858422264e+00
7.469999999999999973e-01 9.930412987357341237e+00
7.475000000000000533e-01 9.912181995320443306e+00
7.479999999999999982e-01 9.890260445458958216e+00
7.485000000000000542e-01 9.871955302162252366e+00
7.489999999999999991e-01 9.849944226164161876e+00
7.495000000000000551e-01 9.831564019393052689e+00
7.500000000000000000e-01 9.813149386221706294e+00
7.504999999999999449e-01 9.791006110046032163e+00
7.510000000000000009e-01 9.772515052730192053e+00
7.514999999999999458e-01 9.753988941182861083e+00
7.520000000000000018e-01 9.731711053836978209e+00
7.524999999999999467e-01 9.713107115864223928e+00
7.530000000000000027e-01 9.694467476511105630e+00
7.534999999999999476e-01 9.675791929450065609e+00
7.540000000000000036e-01 9.653333581342060654e+00
7.544999999999999485e-01 9.634578301178819970e+00
7.550000000000000044e-01 9.615786439518357653e+00
7.554999999999999494e-01 9.596957781469320992e+00
7.560000000000000053e-01 9.574314514886159699e+00
7.564999999999999503e-01 9.555404137912701046e+00
7.570000000000000062e-01 9.536456262559935837e+00
7.574999999999999512e-01 9.517470664866690910e+00
7.580000000000000071e-01 9.498447118633519537e+00
7.584999999999999520e-01 9.479385395391243918e+00
7.590000000000000080e-01 9.460285264368945235e+00
7.594999999999999529e-01 9.437314080494061841e+00
7.600000000000000089e-01 9.418128628489361276e+00
7.604999999999999538e-01 9.398904014386481265e+00
7.610000000000000098e-01 9.379639997384211725e+00
7.614999999999999547e-01 9.360336334203440245e+00
7.620000000000000107e-01 9.340992779051299877e+00
7.624999999999999556e-01 9.321609083584654343e+00
7.630000000000000115e-01 9.302184996872901124e+00
7.634999999999999565e-01 9.282720265360078216e+00
7.640000000000000124e-01 9.263214632826235473e+00
7.644999999999999574e-01 9.243667840348090081e+00
7.650000000000000133e-01 9.224079626258919973e+00
7.654999999999999583e-01 9.204449726107709395e+00
7.660000000000000142e-01 9.184777872617484462e+00
7.664999999999999591e-01 9.165063795642836908e+00
7.670000000000000151e-01 9.149261949758933810e+00
7.674999999999999600e-01 9.129471180423651688e+00
7.680000000000000160e-01 9.109637415565201124e+00
7.684999999999999609e-01 9.089760373736199384e+00
7.690000000000000169e-01 9.069839770405222268e+00
7.694999999999999618e-01 9.049875317909283012e+00
7.700000000000000178e-01 9.029866725405366168e+00
7.704999999999999627e-01 9.013827873089574894e+00
7.710000000000000187e-01 8.993739085306287961e+00
7.714999999999999636e-01 8.973605325812213707e+00
7.720000000000000195e-01 8.953426291220852207e+00
7.724999999999999645e-01 8.933201674719100538e+00
7.730000000000000204e-01 8.916988954142965440e+00
7.734999999999999654e-01 8.896681505886736119e+00
7.740000000000000213e-01 8.876327597946488623e+00
7.744999999999999662e-01 8.860010805477045892e+00
7.750000000000000222e-01 8.839572460365344497e+00
7.754999999999999671e-01 8.819086749257476043e+00
7.760000000000000231e-01 8.798553341306069697e+00
7.764999999999999680e-01 8.782092048419428920e+00
7.770000000000000240e-01 8.761471940021902327e+00
7.774999999999999689e-01 8.744940846163263615e+00
7.780000000000000249e-01 8.724232929706429829e+00
7.784999999999999698e-01 8.703475743670079368e+00
7.790000000000000258e-01 8.686834283428973791e+00
7.794999999999999707e-01 8.665987518836868020e+00
7.800000000000000266e-01 8.649273930437161084e+00
7.804999999999999716e-01 8.628336417445677142e+00
7.810000000000000275e-01 8.607347973766291460e+00
7.814999999999999725e-01 8.590520297898269320e+00
7.820000000000000284e-01 8.569439234715513720e+00
7.824999999999999734e-01 8.552536971249239173e+00
7.830000000000000293e-01 8.531362051481846009e+00
7.834999999999999742e-01 8.514384199727427216e+00
7.840000000000000302e-01 8.494817721689917889e+00
7.844999999999999751e-01 8.475632893933559231e+00
7.850000000000000311e-01 8.456832313847927551e+00
7.854999999999999760e-01 8.437561117558431079e+00
7.860000000000000320e-01 8.418675516038598872e+00
7.864999999999999769e-01 8.399747453117958784e+00
7.870000000000000329e-01 8.380776641098099944e+00
7.874999999999999778e-01 8.361762789017003428e+00
7.880000000000000338e-01 8.342705602596993231e+00
7.884999999999999787e-01 8.323604784191591222e+00
7.890000000000000346e-01 8.304895630834467468e+00
7.894999999999999796e-01 8.285707650579237082e+00
7.900000000000000355e-01 8.266912731274208781e+00
7.904999999999999805e-01 8.248074984027477186e+00
7.910000000000000364e-01 8.229194114722057307e+00
7.914999999999999813e-01 8.210269825859102255e+00
7.920000000000000373e-01 8.191301816503207434e+00
7.924999999999999822e-01 8.172289782226583199e+00
7.930000000000000382e-01 8.153677092216963018e+00
7.934999999999999831e-01 8.134577122369668345e+00
7.940000000000000391e-01 8.115877943835691610e+00
7.944999999999999840e-01 8.097135582333878645e+00
7.950000000000000400e-01 8.077901922797384060e+00
7.954999999999999849e-01 8.059071243871242629e+00
7.960000000000000409e-01 8.040646376820301811e+00
7.964999999999999858e-01 8.021728242500627104e+00
7.970000000000000417e-01 8.002765386789173263e+00
7.974999999999999867e-01 7.984210585854558673e+00
7.980000000000000426e-01 7.965158411402163630e+00
7.984999999999999876e-01 7.946515800148627129e+00
7.990000000000000435e-01 7.927829350162181044e+00
7.994999999999999885e-01 7.908641352644054656e+00
8.000000000000000444e-01 7.889865200878446672e+00
8.004999999999999893e-01 7.871503842032741893e+00
8.010000000000000453e-01 7.852638892653687641e+00
8.014999999999999902e-01 7.833728513402697047e+00
8.020000000000000462e-01 7.815235266375666789e+00
8.024999999999999911e-01 7.796234162214669361e+00
8.030000000000000471e-01 7.777651763815772945e+00
8.034999999999999920e-01 7.759024861816727459e+00
8.040000000000000480e-01 7.740353134928252388e+00
8.044999999999999929e-01 7.721636257976488338e+00
8.050000000000000488e-01 7.702873901836941428e+00
8.054999999999999938e-01 7.684065733366952422e+00
8.060000000000000497e-01 7.665211415336675493e+00
8.064999999999999947e-01 7.646783695955681637e+00
8.070000000000000506e-01 7.628311460845027092e+00
8.074999999999999956e-01 7.609318996517566269e+00
8.080000000000000515e-01 7.590755590959902044e+00
8.084999999999999964e-01 7.572146676644277541e+00
8.090000000000000524e-01 7.553491917222186380e+00
8.094999999999999973e-01 7.534790972181433233e+00
8.100000000000000533e-01 7.516043496773599841e+00
8.104999999999999982e-01 7.497731636978018699e+00
8.110000000000000542e-01 7.478891264824422791e+00
8.114999999999999991e-01 7.460488214977313071e+00
8.120000000000000551e-01 7.442039657282386145e+00
8.125000000000000000e-01 7.423057935345085845e+00
8.129999999999999449e-01 7.404516119655491835e+00
8.135000000000000009e-01 7.385927756279934364e+00
8.139999999999999458e-01 7.367292492886019062e+00
8.145000000000000018e-01 7.349102226415512362e+00
8.149999999999999467e-01 7.330373345816282082e+00
8.155000000000000027e-01 7.311596490767398038e+00
8.159999999999999476e-01 7.293267313239854666e+00
8.165000000000000036e-01 7.274394679773791950e+00
8.169999999999999485e-01 7.255971528037580498e+00
8.175000000000000044e-01 7.237501480087085604e+00
8.179999999999999494e-01 7.218984175965031724e+00
8.185000000000000053e-01 7.200419251085611094e+00
8.189999999999999503e-01 7.181806336150744485e+00
8.195000000000000062e-01 7.163650055130287519e+00
8.199999999999999512e-01 7.144941355318386478e+00
8.205000000000000071e-01 7.126691156022695317e+00
8.209999999999999520e-01 7.107885177174913416e+00
8.215000000000000080e-01 7.089539586905204693e+00
8.219999999999999529e-01 7.071146400456520098e+00
8.225000000000000089e-01 7.052705245441805992e+00
8.229999999999999538e-01 7.034215744592677844e+00
8.235000000000000098e-01 7.015677515669366926e+00
8.239999999999999547e-01 6.997090171368514966e+00
8.245000000000000107e-01 6.978971681593031384e+00
8.249999999999999556e-01 6.960286315581466710e+00
8.255000000000000115e-01 6.942071770090410432e+00
8.259999999999999565e-01 6.923286815052470011e+00
8.265000000000000124e-01 6.904974669735940651e+00
8.269999999999999574e-01 6.886613830897631239e+00
8.275000000000000133e-01 6.868203908018901238e+00
8.279999999999999583e-01 6.849744505333150713e+00
8.285000000000000142e-01 6.831764754320782451e+00
8.289999999999999591e-01 6.813206625708286168e+00
8.295000000000000151e-01 6.794597809349046891e+00
8.299999999999999600e-01 6.776471741315598152e+00
8.305000000000000160e-01 6.757761769037469612e+00
8.309999999999999609e-01 6.739536630741199907e+00
8.315000000000000169e-01 6.721262073981374208e+00
8.319999999999999618e-01 6.702937694561870607e+00
8.325000000000000178e-01 6.684563082746425522e+00
8.329999999999999627e-01 6.666137823151752073e+00
8.335000000000000187e-01 6.647661494637974400e+00
8.339999999999999636e-01 6.629133670196309502e+00
8.345000000000000195e-01 6.611101125470004725e+00
8.349999999999999645e-01 6.592470550653129813e+00
8.355000000000000204e-01 6.574337444571064282e+00
8.359999999999999654e-01 6.556154185873724671e+00
8.365000000000000213e-01 6.537920356107896680e+00
8.369999999999999662e-01 6.519635530968767689e+00
8.375000000000000222e-01 6.501299280184753115e+00
8.379999999999999671e-01 6.482911167399350028e+00
8.385000000000000231e-01 6.464470750049969183e+00
8.389999999999999680e-01 6.445977579243664657e+00
8.395000000000000240e-01 6.427993997336558074e+00
8.399999999999999689e-01 6.409395580213100629e+00
8.405000000000000249e-01 6.391309066328903832e+00
8.409999999999999698e-01 6.373171224674642588e+00
8.415000000000000258e-01 6.354412351498859302e+00
8.419999999999999707e-01 6.336168890628159467e+00
8.425000000000000266e-01 6.317872750241723345e+00
8.429999999999999716e-01 6.299523471337313829e+00
8.435000000000000275e-01 6.281696494374346962e+00
8.439999999999999725e-01 6.263241231592294511e+00
8.445000000000000284e-01 6.244731427595631601e+00
8.449999999999999734e-01 6.226747584759301013e+00
8.455000000000000293e-01 6.208711651044123592e+00
8.459999999999999742e-01 6.190038791760020587e+00
8.465000000000000302e-01 6.171895586041543424e+00
8.469999999999999751e-01 6.153698888189469862e+00
8.475000000000000311e-01 6.135448222258056639e+00
8.479999999999999760e-01 6.117143105201543030e+00
8.485000000000000320e-01 6.098783046724976842e+00
8.489999999999999769e-01 6.080962467927888859e+00
8.495000000000000329e-01 6.062492838581574617e+00
8.499999999999999778e-01 6.043966768551766400e+00
8.505000000000000338e-01 6.025984084337240532e+00
8.509999999999999787e-01 6.007947575504748450e+00
8.515000000000000346e-01 5.989252787411682100e+00
8.519999999999999796e-01 5.971105327897527459e+00
8.525000000000000355e-01 5.952902546000051309e+00
8.529999999999999805e-01 5.934643932663654198e+00
8.535000000000000364e-01 5.916328970977625445e+00
8.539999999999999813e-01 5.898570452404483078e+00
8.545000000000000373e-01 5.880143133232970776e+00
8.549999999999999822e-01 5.862274998365132106e+00
8.555000000000000382e-01 5.843733228150011172e+00
8.559999999999999831e-01 5.825753421741655558e+00
8.565000000000000391e-01 5.807095041090877707e+00
8.569999999999999840e-01 5.789001442858025648e+00
8.575000000000000400e-01 5.770851115265611675e+00
8.579999999999999849e-01 5.752643521348460354e+00
8.585000000000000409e-01 5.734378115616587834e+00
8.589999999999999858e-01 5.716687175789394892e+00
8.595000000000000417e-01 5.698306516412133149e+00
8.599999999999999867e-01 5.679866375552775182e+00
8.605000000000000426e-01 5.662005116308841401e+00
8.609999999999999876e-01 5.643446360714127863e+00
8.615000000000000435e-01 5.625469466562770471e+00
8.619999999999999885e-01 5.607434940523382316e+00
8.625000000000000444e-01 5.588694973010472467e+00
8.629999999999999893e-01 5.570541391491942385e+00
8.635000000000000453e-01 5.552328456359319375e+00
8.639999999999999902e-01 5.534709223084113283e+00
8.645000000000000462e-01 5.516377985332839629e+00
8.649999999999999911e-01 5.497985628394935986e+00
8.655000000000000471e-01 5.479531536820435811e+00
8.659999999999999920e-01 5.461677467573913702e+00
8.665000000000000480e-01 5.443764842147342797e+00
8.669999999999999929e-01 5.425126316462312026e+00
8.675000000000000488e-01 5.407092605676993458e+00
8.679999999999999938e-01 5.388998547333417655e+00
8.685000000000000497e-01 5.370843531509419400e+00
8.689999999999999947e-01 5.352626937939113816e+00
8.695000000000000506e-01 5.334348135765636378e+00
8.699999999999999956e-01 5.316006483286226825e+00
8.705000000000000515e-01 5.298284140262626174e+00
8.709999999999999964e-01 5.279817205903379218e+00
8.715000000000000524e-01 5.261972978681158430e+00
8.719999999999999973e-01 5.243378159656763238e+00
8.725000000000000533e-01 5.225409498382190598e+00
8.729999999999999982e-01 5.207378834538554990e+00
8.735000000000000542e-01 5.189285521824503533e+00
8.739999999999999991e-01 5.170429297825498871e+00
8.745000000000000551e-01 5.152206228833387414e+00
8.750000000000000000e-01 5.134623056161887966e+00
8.754999999999999449e-01 5.116272454579266160e+00
8.760000000000000009e-01 5.097855797303788350e+00
8.764999999999999458e-01 5.080084510571013290e+00
8.770000000000000018e-01 5.061536183330198391e+00
8.774999999999999467e-01 5.043636925830458750e+00
8.780000000000000027e-01 5.024954063493299650e+00
8.784999999999999476e-01 5.006924030246264756e+00
8.790000000000000036e-01 4.988828835417909779e+00
8.794999999999999485e-01 4.970667767366565570e+00
8.800000000000000044e-01 4.952440101402197925e+00
8.804999999999999494e-01 4.934145099448972616e+00
8.810000000000000053e-01 4.915782009696526345e+00
8.814999999999999503e-01 4.897350066239468447e+00
8.820000000000000062e-01 4.879589898706431228e+00
8.824999999999999512e-01 4.861020724497842949e+00
8.830000000000000071e-01 4.843127335953457901e+00
8.834999999999999520e-01 4.825167592998377941e+00
8.840000000000000080e-01 4.806388166280523677e+00
8.844999999999999529e-01 4.788290625392694899e+00
8.850000000000000089e-01 4.770124424109468464e+00
8.854999999999999538e-01 4.751888774976514185e+00
8.860000000000000098e-01 4.733582875371457277e+00
8.864999999999999547e-01 4.715205907091653437e+00
8.870000000000000107e-01 4.697527185483501455e+00
8.874999999999999556e-01 4.679008609376420047e+00
8.880000000000000115e-01 4.660416448653571742e+00
8.884999999999999565e-01 4.642529093820016328e+00
8.890000000000000124e-01 4.623790252079716723e+00
8.894999999999999574e-01 4.605760654583771263e+00
8.900000000000000133e-01 4.587660200951727774e+00
8.904999999999999583e-01 4.569488049167103938e+00
8.910000000000000142e-01 4.551243340403313020e+00
8.914999999999999591e-01 4.532925198550051604e+00
8.920000000000000151e-01 4.514532729722374071e+00
8.924999999999999600e-01 4.496065021751695312e+00
8.930000000000000160e-01 4.477521143657905434e+00
8.934999999999999609e-01 4.459711370460037294e+00
8.940000000000000169e-01 4.441015696875554752e+00
8.944999999999999618e-01 4.423058934244715523e+00
8.950000000000000178e-01 4.405028972856925407e+00
8.954999999999999627e-01 4.386100222725588971e+00
8.960000000000000187e-01 4.367917705234427572e+00
8.964999999999999636e-01 4.349659181545989739e+00
8.970000000000000195e-01 4.331323690457025144e+00
8.974999999999999645e-01 4.312910250332275375e+00
8.980000000000000204e-01 4.294417858491200057e+00
8.984999999999999654e-01 4.276691438841185189e+00
8.990000000000000213e-01 4.258041754018439207e+00
8.994999999999999662e-01 4.239310025802708104e+00
9.000000000000000222e-01 4.221352202150481681e+00
9.004999999999999671e-01 4.202456939756508802e+00
9.010000000000000231e-01 4.184340957694175245e+00
9.014999999999999680e-01 4.166146201223182466e+00
9.020000000000000240e-01 4.147871633705133121e+00
9.024999999999999689e-01 4.129516195563959435e+00
9.030000000000000249e-01 4.111078803569008677e+00
9.034999999999999698e-01 4.092558350089065655e+00
9.040000000000000258e-01 4.073953702315858294e+00
9.044999999999999707e-01 4.055263701455484870e+00
9.050000000000000266e-01 4.037383262943238904e+00
9.054999999999999716e-01 4.018523177937828983e+00
9.060000000000000275e-01 4.000478528273249346e+00
9.064999999999999725e-01 3.981443629502324555e+00
9.070000000000000284e-01 3.963230159662244567e+00
9.074999999999999734e-01 3.944932600439223336e+00
9.080000000000000293e-01 3.925628375398965808e+00
9.084999999999999742e-01 3.907154727584932097e+00
9.090000000000000302e-01 3.888593317491691348e+00
9.094999999999999751e-01 3.870877538261216610e+00
9.100000000000000311e-01 3.852141331748742292e+00
9.104999999999999760e-01 3.833313548787620650e+00
9.110000000000000320e-01 3.814392833318362985e+00
9.114999999999999769e-01 3.796330809379586224e+00
9.120000000000000329e-01 3.777224846073693243e+00
9.124999999999999778e-01 3.758984233163342292e+00
9.130000000000000338e-01 3.740654674324372042e+00
9.134999999999999787e-01 3.722234855556396216e+00
9.140000000000000346e-01 3.703723430183889498e+00
9.144999999999999796e-01 3.685119017707201738e+00
9.150000000000000355e-01 3.666420202601094580e+00
9.154999999999999805e-01 3.647625533057859304e+00
9.160000000000000364e-01 3.628733519671816232e+00
9.164999999999999813e-01 3.609742634061877009e+00
9.170000000000000373e-01 3.591658644047421411e+00
9.174999999999999822e-01 3.572470677659193239e+00
9.180000000000000382e-01 3.554197050520879753e+00
9.184999999999999831e-01 3.534805737421151672e+00
9.190000000000000391e-01 3.516336379316130856e+00
9.194999999999999840e-01 3.497769498365875585e+00
9.200000000000000400e-01 3.479103533224506606e+00
9.204999999999999849e-01 3.460336880434017548e+00
9.210000000000000409e-01 3.441467892816727936e+00
9.214999999999999858e-01 3.422494877787985779e+00
9.220000000000000417e-01 3.403416095584197443e+00
9.224999999999999867e-01 3.384229757400960992e+00
9.230000000000000426e-01 3.366008910549281641e+00
9.234999999999999876e-01 3.346608121231667177e+00
9.240000000000000435e-01 3.328181312986530749e+00
9.244999999999999885e-01 3.309651913288124359e+00
9.250000000000000444e-01 3.289918801175543805e+00
9.254999999999999893e-01 3.271172672505583190e+00
9.260000000000000453e-01 3.252318494300077134e+00
9.264999999999999902e-01 3.233354376400042973e+00
9.270000000000000462e-01 3.214278372886254065e+00
9.274999999999999911e-01 3.195088479748770194e+00
9.280000000000000471e-01 3.176921518115409349e+00
9.284999999999999920e-01 3.157504594974283041e+00
9.290000000000000480e-01 3.137967527286206426e+00
9.294999999999999929e-01 3.119467925968163691e+00
9.300000000000000488e-01 3.099691125929019631e+00
9.304999999999999938e-01 3.080961702943501468e+00
9.310000000000000497e-01 3.062117723707879602e+00
9.314999999999999947e-01 3.043157060141217229e+00
9.320000000000000506e-01 3.022881047561470247e+00
9.324999999999999956e-01 3.003672712954549073e+00
9.330000000000000515e-01 2.985552663948763730e+00
9.334999999999999964e-01 2.966102602414989242e+00
9.340000000000000524e-01 2.946524153455114092e+00
9.344999999999999973e-01 2.926814740590149899e+00
9.350000000000000533e-01 2.908215856569042135e+00
9.354999999999999982e-01 2.888245039334615960e+00
9.360000000000000542e-01 2.869396164684276052e+00
9.364999999999999991e-01 2.850422651567422694e+00
9.370000000000000551e-01 2.830044033475462406e+00
9.375000000000000000e-01 2.810804897902714039e+00
9.379999999999999449e-01 2.791433165371814074e+00
9.385000000000000009e-01 2.771926055904364361e+00
9.389999999999999458e-01 2.752280691002526591e+00
9.395000000000000018e-01 2.732494088690616163e+00
9.399999999999999467e-01 2.713896440768401419e+00
9.405000000000000027e-01 2.693827914674436386e+00
9.409999999999999476e-01 2.674285190187135619e+00
9.415000000000000036e-01 2.654598599229132105e+00
9.419999999999999485e-01 2.634902212224684792e+00
9.425000000000000044e-01 2.615195807836584674e+00
9.429999999999999494e-01 2.595479157891235733e+00
9.435000000000000053e-01 2.575752027108157982e+00
9.439999999999999503e-01 2.555872639873860930e+00
9.445000000000000062e-01 2.536122709595151736e+00
9.449999999999999512e-01 2.516217765812952756e+00
9.455000000000000071e-01 2.496299018996610553e+00
9.459999999999999520e-01 2.476366136070430546e+00
9.465000000000000080e-01 2.456418772907338788e+00
9.469999999999999529e-01 2.436456573856597529e+00
9.475000000000000089e-01 2.416479171246611379e+00
9.479999999999999538e-01 2.396335229855870885e+00
9.485000000000000098e-01 2.376324995322093958e+00
9.489999999999999547e-01 2.356298354054289668e+00
9.495000000000000107e-01 2.336100037080039105e+00
9.499999999999999556e-01 2.315881761565992125e+00
9.505000000000000115e-01 2.295643000173347215e+00
9.509999999999999565e-01 2.275224216409400757e+00
9.515000000000000124e-01 2.254941393116712600e+00
9.519999999999999574e-01 2.234636354807813419e+00
9.525000000000000133e-01 2.214145114952124960e+00
9.529999999999999583e-01 2.193627370882806016e+00
9.535000000000000142e-01 2.173248834181336964e+00
9.539999999999999591e-01 2.152677390659100354e+00
9.545000000000000151e-01 2.132077133131315083e+00
9.549999999999999600e-01 2.111447218229776546e+00
9.555000000000000160e-01 2.090786768061563716e+00
9.559999999999999609e-01 2.069920110446868744e+00
9.565000000000000169e-01 2.049194041209351891e+00
9.569999999999999618e-01 2.028256190283528770e+00
9.575000000000000178e-01 2.007460367998201711e+00
9.579999999999999627e-01 1.986628950037156782e+00
9.585000000000000187e-01 1.965576770611618063e+00
9.589999999999999636e-01 1.944482706940974914e+00
9.595000000000000195e-01 1.923345380944162519e+00
9.599999999999999645e-01 1.902163350395604580e+00
9.605000000000000204e-01 1.880935104983544548e+00
9.609999999999999654e-01 1.859659062062970269e+00
9.615000000000000213e-01 1.838333562074259575e+00
9.619999999999999662e-01 1.816757755944459207e+00
9.625000000000000222e-01 1.795325653714261227e+00
9.629999999999999671e-01 1.773838538978948165e+00
9.635000000000000231e-01 1.752087932111116020e+00
9.639999999999999680e-01 1.730482037496003267e+00
9.645000000000000240e-01 1.708602950466619141e+00
9.649999999999999689e-01 1.686868994129251398e+00
9.655000000000000249e-01 1.664851334013349948e+00
9.659999999999999698e-01 1.642978979214862134e+00
9.665000000000000258e-01 1.620811490555823520e+00
9.669999999999999707e-01 1.598562901507448286e+00
9.675000000000000266e-01 1.576229777861170689e+00
9.679999999999999716e-01 1.554041272270823670e+00
9.685000000000000275e-01 1.531531337983641938e+00
9.689999999999999725e-01 1.508925347031141673e+00
9.695000000000000284e-01 1.486462299341836601e+00
9.699999999999999734e-01 1.463654546611388385e+00
9.705000000000000293e-01 1.440736824215302914e+00
9.709999999999999742e-01 1.417958942370437514e+00
9.715000000000000302e-01 1.394809136708883734e+00
9.719999999999999751e-01 1.371796083319003046e+00
9.725000000000000311e-01 1.348390322040369904e+00
9.729999999999999760e-01 1.325117137350275254e+00
9.735000000000000320e-01 1.301427829280842108e+00
9.739999999999999769e-01 1.277865549546737034e+00
9.745000000000000329e-01 1.254437456143033591e+00
9.749999999999999778e-01 1.230563407562091927e+00
9.755000000000000338e-01 1.206516791872077832e+00
9.759999999999999787e-01 1.182593014892374672e+00
9.765000000000000346e-01 1.158487466076963068e+00
9.769999999999999796e-01 1.134188555587143377e+00
9.775000000000000355e-01 1.109683581285457521e+00
9.779999999999999805e-01 1.085291952558697925e+00
9.785000000000000364e-01 1.060680486473218442e+00
9.789999999999999813e-01 1.036182690091828507e+00
9.795000000000000373e-01 1.011449227835512499e+00
9.799999999999999822e-01 9.868290198897947674e-01
9.805000000000000382e-01 9.619547748654779795e-01
9.809999999999999831e-01 9.368062572691183698e-01
9.815000000000000391e-01 9.121542849635569938e-01
9.819999999999999840e-01 8.868172954426307708e-01
9.825000000000000400e-01 8.619947172469856200e-01
9.829999999999999849e-01 8.368681915388347381e-01
9.835000000000000409e-01 8.116769357748405689e-01
9.839999999999999858e-01 7.864147294778857100e-01
9.845000000000000417e-01 7.610745075367478796e-01
9.849999999999999867e-01 7.355990319992218307e-01
