0.000000000000000000e+00 2.902171277565280434e+02
1.000000000000000021e-02 2.879885070127164113e+02
2.000000000000000042e-02 2.843326555526985544e+02
2.999999999999999889e-02 2.795197283415342326e+02
4.000000000000000083e-02 2.737095835818134901e+02
5.000000000000000278e-02 2.670825010458679003e+02
5.999999999999999778e-02 2.599866305179008918e+02
7.000000000000000666e-02 2.523945822445809881e+02
8.000000000000000167e-02 2.445882682803798218e+02
8.999999999999999667e-02 2.366161521051897410e+02
1.000000000000000056e-01 2.285452507982843144e+02
1.100000000000000006e-01 2.204426427879536448e+02
1.199999999999999956e-01 2.123444929151861800e+02
1.300000000000000044e-01 2.042605271471610422e+02
1.400000000000000133e-01 1.962245067739392823e+02
1.499999999999999944e-01 1.882502846023286907e+02
1.600000000000000033e-01 1.803491866755644537e+02
1.700000000000000122e-01 1.725420146389466254e+02
1.799999999999999933e-01 1.648483811457407455e+02
1.900000000000000022e-01 1.572854160281104612e+02
2.000000000000000111e-01 1.498850895863264441e+02
2.099999999999999922e-01 1.426552279695623326e+02
2.200000000000000011e-01 1.356209137135018352e+02
2.300000000000000100e-01 1.288071485175544808e+02
2.399999999999999911e-01 1.222102963921675496e+02
2.500000000000000000e-01 1.158767931379496048e+02
2.600000000000000089e-01 1.097679144668492199e+02
2.700000000000000178e-01 1.038944745736103954e+02
2.800000000000000266e-01 9.830603615332073275e+01
2.899999999999999800e-01 9.294511273243193727e+01
2.999999999999999889e-01 8.785429319904962142e+01
3.099999999999999978e-01 8.303195132176334425e+01
3.200000000000000067e-01 7.845666227554171712e+01
3.300000000000000155e-01 7.412712834813002871e+01
3.400000000000000244e-01 7.004002558196488337e+01
3.499999999999999778e-01 6.618187011898152150e+01
3.599999999999999867e-01 6.254477212800294694e+01
3.699999999999999956e-01 5.911559602642046940e+01
3.800000000000000044e-01 5.588853701768896087e+01
3.900000000000000133e-01 5.284780122643969236e+01
4.000000000000000222e-01 4.999141267265378730e+01
4.099999999999999756e-01 4.730812161073566813e+01
4.199999999999999845e-01 4.477354888131994670e+01
4.299999999999999933e-01 4.239758669014019432e+01
4.400000000000000022e-01 4.016450155078885587e+01
4.500000000000000111e-01 3.806221037113306238e+01
4.600000000000000200e-01 3.608403526473687606e+01
4.699999999999999734e-01 3.423065361921710803e+01
4.799999999999999822e-01 3.247962403238630458e+01
4.899999999999999911e-01 3.082540106462845486e+01
5.000000000000000000e-01 2.928462713820334429e+01
5.100000000000000089e-01 2.782487764348444870e+01
5.200000000000000178e-01 2.644617470544245919e+01
5.300000000000000266e-01 2.514894703899220119e+01
5.400000000000000355e-01 2.392755432153212425e+01
5.500000000000000444e-01 2.277510457119209875e+01
5.600000000000000533e-01 2.168779575399496906e+01
5.699999999999999512e-01 2.066063392916875330e+01
5.799999999999999600e-01 1.969018916682702880e+01
5.899999999999999689e-01 1.877404385409861476e+01
5.999999999999999778e-01 1.790839574175801019e+01
6.099999999999999867e-01 1.709065205939437249e+01
6.199999999999999956e-01 1.631476147812361788e+01
6.300000000000000044e-01 1.558285473416722056e+01
6.400000000000000133e-01 1.488957740799659391e+01
6.500000000000000222e-01 1.423629539890884743e+01
6.600000000000000311e-01 1.361644829703998916e+01
6.700000000000000400e-01 1.303280139996385500e+01
6.800000000000000488e-01 1.248148326736665759e+01
6.899999999999999467e-01 1.196254435189576526e+01
6.999999999999999556e-01 1.147643555216019529e+01
7.099999999999999645e-01 1.102406229551833228e+01
7.199999999999999734e-01 1.061021486477679154e+01
7.299999999999999822e-01 1.021060258167737445e+01
7.399999999999999911e-01 9.813149386221706294e+00
7.500000000000000000e-01 9.418128628489361276e+00
7.600000000000000089e-01 9.029866725405366168e+00
7.700000000000000178e-01 8.649273930437161084e+00
7.800000000000000266e-01 8.266912731274208781e+00
7.900000000000000355e-01 7.889865200878446672e+00
8.000000000000000444e-01 7.516043496773599841e+00
8.100000000000000533e-01 7.144941355318386478e+00
8.199999999999999512e-01 6.776471741315598152e+00
8.299999999999999600e-01 6.409395580213100629e+00
8.399999999999999689e-01 6.043966768551766400e+00
8.499999999999999778e-01 5.679866375552775182e+00
8.599999999999999867e-01 5.316006483286226825e+00
8.699999999999999956e-01 4.952440101402197925e+00
8.800000000000000044e-01 4.587660200951727774e+00
8.900000000000000133e-01 4.221352202150481681e+00
9.000000000000000222e-01 3.852141331748742292e+00
9.100000000000000311e-01 3.479103533224506606e+00
9.200000000000000400e-01 3.099691125929019631e+00
9.300000000000000488e-01 2.713896440768401419e+00
9.399999999999999467e-01 2.315881761565992125e+00
9.499999999999999556e-01 1.902163350395604580e+00
9.599999999999999645e-01 1.463654546611388385e+00
9.699999999999999734e-01 9.868290198897947674e-01
9.799999999999999822e-01 0.000000000000000000e+00
9.899999999999999911e-01 0.000000000000000000e+00
